1206	7
AL	01001	0	0.744518765406133	0	75	0.0113944303549632
AL	01001	0.8	1.22721270284934	1	4230	0.0113944303549632
AL	01001	3.4	2.00909715778883	2	18399	0.0113944303549632
AL	01001	8.7	3.25330512475825	3	42200	0.0113944303549632
AL	01001	16.4	5.17826551530074	4	87547	0.0113944303549632
AL	01001	20.3	8.03049800514231	5	108787	0.0113944303549632
AL	01001	23.2	11.9971505445235	6	123050	0.0113944303549632
AL	01001	24.7	17.0535590723888	7	129762	0.0113944303549632
AL	01001	28.5	22.8291999637304	8	139991	0.0113944303549632
AL	01001	33.8	28.6545864069377	9	157298	0.0113944303549632
AL	01001	35.8	33.8375534493082	10	163083	0.0113944303549632
AL	01001	37	37.9589450405861	11	166627	0.0113944303549632
AL	01001	38.5	40.9531214108352	12	170211	0.0113944303549632
AL	01001	42.5	42.9885776238339	13	185065	0.0113944303549632
AL	01001	43.4	44.31056556108	14	186782	0.0113944303549632
AL	01001	43.9	45.1438992289275	15	187910	0.0113944303549632
AL	01001	44.3	45.6593495317279	16	188916	0.0113944303549632
AL	01001	44.5	45.9744504886762	17	189738	0.0113944303549632
AL	01003	0	1.33602184779082	0	75	0.0455283657459386
AL	01003	1.2	2.25891397750303	1	4230	0.0455283657459386
AL	01003	6.6	3.76902483420462	2	18399	0.0455283657459386
AL	01003	13.4	6.15602061399217	3	42200	0.0455283657459386
AL	01003	20.6	9.73033687618162	4	87547	0.0455283657459386
AL	01003	24.5	14.6711686924082	5	108787	0.0455283657459386
AL	01003	28.3	20.7960064021206	6	123050	0.0455283657459386
AL	01003	29.8	27.44054959543	7	129762	0.0455283657459386
AL	01003	35.6	33.6827053541423	8	139991	0.0455283657459386
AL	01003	42.5	38.8023833461844	9	157298	0.0455283657459386
AL	01003	44.6	42.5540005960316	10	163083	0.0455283657459386
AL	01003	46.2	45.0821774739553	11	166627	0.0455283657459386
AL	01003	47.7	46.6911325441298	12	170211	0.0455283657459386
AL	01003	49.5	47.6780944039618	13	185065	0.0455283657459386
AL	01003	50.1	48.2699079216662	14	186782	0.0455283657459386
AL	01003	50.5	48.6199521873094	15	187910	0.0455283657459386
AL	01003	51	48.8253207913618	16	188916	0.0455283657459386
AL	01003	51.3	48.9452354828802	17	189738	0.0455283657459386
AL	01005	0	2.03573461343497	0	75	0.00503468663735919
AL	01005	0.4	3.22059563094398	1	4230	0.00503468663735919
AL	01005	3.9	5.0220362273155	2	18399	0.00503468663735919
AL	01005	10.1	7.66405791332325	3	42200	0.00503468663735919
AL	01005	15.9	11.341187326895	4	87547	0.00503468663735919
AL	01005	18	16.1026649495302	5	108787	0.00503468663735919
AL	01005	22.8	21.7236053809654	6	123050	0.00503468663735919
AL	01005	25.9	27.6780379381105	7	129762	0.00503468663735919
AL	01005	29	33.3040300571071	8	139991	0.00503468663735919
AL	01005	35.4	38.0736300613085	9	157298	0.00503468663735919
AL	01005	38.6	41.759447005856	10	163083	0.00503468663735919
AL	01005	40.8	44.4090111206471	11	166627	0.00503468663735919
AL	01005	42	46.2162183475375	12	170211	0.00503468663735919
AL	01005	43.7	47.4051481521634	13	185065	0.00503468663735919
AL	01005	44.6	48.1688466024267	14	186782	0.00503468663735919
AL	01005	45.1	48.651894292508	15	187910	0.00503468663735919
AL	01005	45.4	48.9544531139003	16	188916	0.00503468663735919
AL	01005	45.7	49.1428023389077	17	189738	0.00503468663735919
AL	01007	0	1.80462222846239	0	75	0.00456723537863654
AL	01007	0.8	2.85756651035814	1	4230	0.00456723537863654
AL	01007	5.8	4.45233157487728	2	18399	0.00456723537863654
AL	01007	9.5	6.77266247726567	3	42200	0.00456723537863654
AL	01007	13.9	9.95874652927105	4	87547	0.00456723537863654
AL	01007	16.5	14.0026156330044	5	108787	0.00456723537863654
AL	01007	20.4	18.6521781431857	6	123050	0.00456723537863654
AL	01007	21.8	23.4277257683146	7	129762	0.00456723537863654
AL	01007	25.1	27.7966702571409	8	139991	0.00456723537863654
AL	01007	29.6	31.3902874573328	9	157298	0.00456723537863654
AL	01007	31	34.0963447497325	10	163083	0.00456723537863654
AL	01007	31.9	36.0016021088196	11	166627	0.00456723537863654
AL	01007	32.8	37.280444523783	12	170211	0.00456723537863654
AL	01007	33.8	38.1115222159364	13	185065	0.00456723537863654
AL	01007	34.3	38.6403221682265	14	186782	0.00456723537863654
AL	01007	34.6	38.9722785602333	15	187910	0.00456723537863654
AL	01007	34.8	39.1789034807505	16	188916	0.00456723537863654
AL	01007	34.9	39.3068372299346	17	189738	0.00456723537863654
AL	01009	0	1.02377718084447	0	75	0.0117935586766561
AL	01009	0.8	1.63976052534685	1	4230	0.0117935586766561
AL	01009	4.2	2.5988186157129	2	18399	0.0117935586766561
AL	01009	7.3	4.05262371356194	3	42200	0.0117935586766561
AL	01009	11.8	6.16942675583358	4	87547	0.0117935586766561
AL	01009	14.8	9.07760351787059	5	108787	0.0117935586766561
AL	01009	16.8	12.7695691732792	6	123050	0.0117935586766561
AL	01009	17.7	17.0137243508869	7	129762	0.0117935586766561
AL	01009	20.4	21.3701209413305	8	139991	0.0117935586766561
AL	01009	26.1	25.3515388278734	9	157298	0.0117935586766561
AL	01009	28.1	28.62223112003	10	163083	0.0117935586766561
AL	01009	28.9	31.0817259160328	11	166627	0.0117935586766561
AL	01009	29.6	32.8110146179249	12	170211	0.0117935586766561
AL	01009	30.8	33.9702359406121	13	185065	0.0117935586766561
AL	01009	31.3	34.7226643110944	14	186782	0.0117935586766561
AL	01009	31.5	35.2008819198429	15	187910	0.0117935586766561
AL	01009	31.8	35.5007675700996	16	188916	0.0117935586766561
AL	01009	31.9	35.6872425431605	17	189738	0.0117935586766561
AL	01011	0	1.05536872443752	0	75	0.00206008951324496
AL	01011	1.9	1.75777675858184	1	4230	0.00206008951324496
AL	01011	4.1	2.90481140170121	2	18399	0.00206008951324496
AL	01011	12.1	4.73988829915501	3	42200	0.00206008951324496
AL	01011	22.9	7.5815008141119	4	87547	0.00206008951324496
AL	01011	26.3	11.7668292593257	5	108787	0.00206008951324496
AL	01011	28.7	17.497858082515	6	123050	0.00206008951324496
AL	01011	30.8	24.609025444697	7	129762	0.00206008951324496
AL	01011	34.1	32.4279933167152	8	139991	0.00206008951324496
AL	01011	42.8	39.9609220236528	9	157298	0.00206008951324496
AL	01011	45	46.3487830942938	10	163083	0.00206008951324496
AL	01011	46	51.20509388173	11	166627	0.00206008951324496
AL	01011	47.8	54.5992195225776	12	170211	0.00206008951324496
AL	01011	51	56.8343291525722	13	185065	0.00206008951324496
AL	01011	52.3	58.2490627939432	14	186782	0.00206008951324496
AL	01011	53.2	59.1222109743218	15	187910	0.00206008951324496
AL	01011	53.5	59.6527321142791	16	188916	0.00206008951324496
AL	01011	54	59.9720137966658	17	189738	0.00206008951324496
AL	01013	0	2.20079643160306	0	75	0.00396640143090665
AL	01013	0.4	3.50469101480208	1	4230	0.00396640143090665
AL	01013	4	5.48225381035464	2	18399	0.00396640143090665
AL	01013	9.7	8.35135665419624	3	42200	0.00396640143090665
AL	01013	18.5	12.2568299898998	4	87547	0.00396640143090665
AL	01013	21.2	17.1358222863902	5	108787	0.00396640143090665
AL	01013	23.2	22.617360191224	6	123050	0.00396640143090665
AL	01013	24.5	28.0878232968076	7	129762	0.00396640143090665
AL	01013	27.4	32.9383978865366	8	139991	0.00396640143090665
AL	01013	33.5	36.8085929676011	9	157298	0.00396640143090665
AL	01013	35.3	39.6447101371874	10	163083	0.00396640143090665
AL	01013	36.1	41.5960625609641	11	166627	0.00396640143090665
AL	01013	37.2	42.8811278770696	12	170211	0.00396640143090665
AL	01013	38.3	43.7031707404535	13	185065	0.00396640143090665
AL	01013	39	44.2192881964276	14	186782	0.00396640143090665
AL	01013	39.3	44.5395387232737	15	187910	0.00396640143090665
AL	01013	39.5	44.7368044339888	16	188916	0.00396640143090665
AL	01013	39.7	44.857767302548	17	189738	0.00396640143090665
AL	01015	0	2.29500534090693	0	75	0.0231696336157008
AL	01015	1	3.46816699081112	1	4230	0.0231696336157008
AL	01015	5.6	5.17149777666578	2	18399	0.0231696336157008
AL	01015	11.2	7.56566595410791	3	42200	0.0231696336157008
AL	01015	18.2	10.781841561562	4	87547	0.0231696336157008
AL	01015	22.3	14.8490929233225	5	108787	0.0231696336157008
AL	01015	25.1	19.6173100051694	6	123050	0.0231696336157008
AL	01015	26.4	24.7350375991805	7	129762	0.0231696336157008
AL	01015	30.2	29.7328886843864	8	139991	0.0231696336157008
AL	01015	39.3	34.1832183422045	9	157298	0.0231696336157008
AL	01015	41.5	37.83176753791	10	163083	0.0231696336157008
AL	01015	43.4	40.6257048870941	11	166627	0.0231696336157008
AL	01015	45	42.6554576107231	12	170211	0.0231696336157008
AL	01015	45.7	44.0743067122403	13	185065	0.0231696336157008
AL	01015	46.3	45.0396121270139	14	186782	0.0231696336157008
AL	01015	46.7	45.6843078644608	15	187910	0.0231696336157008
AL	01015	47	46.1095729747405	16	188916	0.0231696336157008
AL	01015	47.2	46.3878036506605	17	189738	0.0231696336157008
AL	01017	0	1.43425944614382	0	75	0.00678212223279358
AL	01017	0.8	2.44193626766435	1	4230	0.00678212223279358
AL	01017	4.2	4.08678803558645	2	18399	0.00678212223279358
AL	01017	9.5	6.65462196021386	3	42200	0.00678212223279358
AL	01017	14.9	10.3969503118195	4	87547	0.00678212223279358
AL	01017	17.9	15.3383208512421	5	108787	0.00678212223279358
AL	01017	19.3	21.0768076656439	6	123050	0.00678212223279358
AL	01017	20.3	26.8263328585935	7	129762	0.00678212223279358
AL	01017	23.2	31.7949617202193	8	139991	0.00678212223279358
AL	01017	26.6	35.5689193685961	9	157298	0.00678212223279358
AL	01017	28.1	38.1639541531944	10	163083	0.00678212223279358
AL	01017	28.8	39.8285872176138	11	166627	0.00678212223279358
AL	01017	29.6	40.8492935375492	12	170211	0.00678212223279358
AL	01017	30.4	41.4579394612029	13	185065	0.00678212223279358
AL	01017	30.9	41.8148520236339	14	186782	0.00678212223279358
AL	01017	31.3	42.0220964881252	15	187910	0.00678212223279358
AL	01017	31.5	42.141747401215	16	188916	0.00678212223279358
AL	01017	31.7	42.2105985061203	17	189738	0.00678212223279358
AL	01019	0	1.34823191955613	0	75	0.00534264972665726
AL	01019	0.7	2.25319838301739	1	4230	0.00534264972665726
AL	01019	5.6	3.69972507468711	2	18399	0.00534264972665726
AL	01019	11.5	5.90965308452655	3	42200	0.00534264972665726
AL	01019	15.3	9.06297794734413	4	87547	0.00534264972665726
AL	01019	18.1	13.1501996095419	5	108787	0.00534264972665726
AL	01019	19.7	17.8354156504304	6	123050	0.00534264972665726
AL	01019	20.3	22.5061830675226	7	129762	0.00534264972665726
AL	01019	22.2	26.5573359493306	8	139991	0.00534264972665726
AL	01019	27.1	29.668008515695	9	157298	0.00534264972665726
AL	01019	28.8	31.8403964211512	10	163083	0.00534264972665726
AL	01019	29.6	33.2589530368969	11	166627	0.00534264972665726
AL	01019	30.1	34.1450580239733	12	170211	0.00534264972665726
AL	01019	30	34.6833107932424	13	185065	0.00534264972665726
AL	01019	30.3	35.0047318251707	14	186782	0.00534264972665726
AL	01019	30.5	35.1947172755271	15	187910	0.00534264972665726
AL	01019	30.7	35.3063355619289	16	188916	0.00534264972665726
AL	01019	30.9	35.3716791028335	17	189738	0.00534264972665726
AL	01021	0	2.78770207985333	0	75	0.00906104909359936
AL	01021	0.4	4.15700637612109	1	4230	0.00906104909359936
AL	01021	2.1	6.08170263181047	2	18399	0.00906104909359936
AL	01021	7.4	8.66719692446304	3	42200	0.00906104909359936
AL	01021	12.6	11.9367449931282	4	87547	0.00906104909359936
AL	01021	17	15.7694922455563	5	108787	0.00906104909359936
AL	01021	20	19.8827285071271	6	123050	0.00906104909359936
AL	01021	21.3	23.8990669288984	7	129762	0.00906104909359936
AL	01021	25.2	27.4748679094576	8	139991	0.00906104909359936
AL	01021	29.8	30.4059977823068	9	157298	0.00906104909359936
AL	01021	31.5	32.650237264797	10	163083	0.00906104909359936
AL	01021	33.3	34.2804325816101	11	166627	0.00906104909359936
AL	01021	34.3	35.419851549143	12	170211	0.00906104909359936
AL	01021	35.4	36.1949712870878	13	185065	0.00906104909359936
AL	01021	35.9	36.712602722175	14	186782	0.00906104909359936
AL	01021	36.2	37.0540244837713	15	187910	0.00906104909359936
AL	01021	36.4	37.2773842068202	16	188916	0.00906104909359936
AL	01021	36.5	37.4227252583702	17	189738	0.00906104909359936
AL	01023	0	2.82954747925133	0	75	0.00256751478885663
AL	01023	0.8	4.44620595790833	1	4230	0.00256751478885663
AL	01023	8.1	6.8721779415943	2	18399	0.00256751478885663
AL	01023	17.4	10.3671738613284	3	42200	0.00256751478885663
AL	01023	27.5	15.1174826613877	4	87547	0.00256751478885663
AL	01023	32.7	21.0875201351354	5	108787	0.00256751478885663
AL	01023	36.9	27.8935003362945	6	123050	0.00256751478885663
AL	01023	39	34.8413463845841	7	129762	0.00256751478885663
AL	01023	45.2	41.1787335822042	8	139991	0.00256751478885663
AL	01023	55.3	46.3925217121495	9	157298	0.00256751478885663
AL	01023	58.5	50.3297957896351	10	163083	0.00256751478885663
AL	01023	60.7	53.1149857666948	11	166627	0.00256751478885663
AL	01023	62.6	54.9953667225833	12	170211	0.00256751478885663
AL	01023	64.2	56.2252105086316	13	185065	0.00256751478885663
AL	01023	65.3	57.0129588835576	14	186782	0.00256751478885663
AL	01023	65.8	57.5108059656873	15	187910	0.00256751478885663
AL	01023	66.4	57.8227749374035	16	188916	0.00256751478885663
AL	01023	66.7	58.017225403868	17	189738	0.00256751478885663
AL	01025	0	2.38618515922119	0	75	0.00481768483139021
AL	01025	0.5	3.74569521828888	1	4230	0.00481768483139021
AL	01025	6.4	5.78893857512071	2	18399	0.00481768483139021
AL	01025	15.6	8.74373448716663	3	42200	0.00481768483139021
AL	01025	22.2	12.7871064847144	4	87547	0.00481768483139021
AL	01025	25.1	17.9210826755827	5	108787	0.00481768483139021
AL	01025	27.3	23.8543156080824	6	123050	0.00481768483139021
AL	01025	28.8	30.0092809869335	7	129762	0.00481768483139021
AL	01025	34.6	35.718782147539	8	139991	0.00481768483139021
AL	01025	44.1	40.4912950598522	9	157298	0.00481768483139021
AL	01025	46.1	44.1453796277999	10	163083	0.00481768483139021
AL	01025	47.3	46.7595259682937	11	166627	0.00481768483139021
AL	01025	48.7	48.540219771813	12	170211	0.00481768483139021
AL	01025	49.9	49.7130424627975	13	185065	0.00481768483139021
AL	01025	50.6	50.4684714438797	14	186782	0.00481768483139021
AL	01025	50.9	50.9480878797282	15	187910	0.00481768483139021
AL	01025	51.2	51.249811316637	16	188916	0.00481768483139021
AL	01025	51.3	51.438528986842	17	189738	0.00481768483139021
AL	01027	0	2.84724060538441	0	75	0.0026992658853378
AL	01027	0	4.54495294606111	1	4230	0.0026992658853378
AL	01027	5	7.07116991939813	2	18399	0.0026992658853378
AL	01027	11.3	10.6018985594976	3	42200	0.0026992658853378
AL	01027	19.2	15.1275500058354	4	87547	0.0026992658853378
AL	01027	22.5	20.3262404059865	5	108787	0.0026992658853378
AL	01027	24.9	25.5967043706269	6	123050	0.0026992658853378
AL	01027	26.4	30.3047663165337	7	129762	0.0026992658853378
AL	01027	28.9	34.0581077145852	8	139991	0.0026992658853378
AL	01027	35.6	36.7880491203953	9	157298	0.0026992658853378
AL	01027	38	38.6439454363078	10	163083	0.0026992658853378
AL	01027	39.7	39.8484196101761	11	166627	0.0026992658853378
AL	01027	40.9	40.6067415334913	12	170211	0.0026992658853378
AL	01027	40.8	41.075080585394	13	185065	0.0026992658853378
AL	01027	41.2	41.3608999500532	14	186782	0.0026992658853378
AL	01027	41.5	41.5340637425806	15	187910	0.0026992658853378
AL	01027	41.8	41.6385121325937	16	188916	0.0026992658853378
AL	01027	42.1	41.7013449922664	17	189738	0.0026992658853378
AL	01029	0	3.09338681853018	0	75	0.00304088057048633
AL	01029	1.8	4.88985167937103	1	4230	0.00304088057048633
AL	01029	6.1	7.47058254931806	2	18399	0.00304088057048633
AL	01029	10.2	10.8891569902147	3	42200	0.00304088057048633
AL	01029	16	14.9618235215376	4	87547	0.00304088057048633
AL	01029	18.4	19.2429745578111	5	108787	0.00304088057048633
AL	01029	19.8	23.1901160580329	6	123050	0.00304088057048633
AL	01029	20.4	26.4128927109412	7	129762	0.00304088057048633
AL	01029	22.4	28.7931279786184	8	139991	0.00304088057048633
AL	01029	26.4	30.4240162697526	9	157298	0.00304088057048633
AL	01029	28.2	31.4848333852253	10	163083	0.00304088057048633
AL	01029	29.2	32.1516885377077	11	166627	0.00304088057048633
AL	01029	30.1	32.5619342572802	12	170211	0.00304088057048633
AL	01029	28	32.8109708148248	13	185065	0.00304088057048633
AL	01029	28.4	32.9609241191889	14	186782	0.00304088057048633
AL	01029	28.7	33.0507750041635	15	187910	0.00304088057048633
AL	01029	28.8	33.1044550866775	16	188916	0.00304088057048633
AL	01029	29	33.1364692023437	17	189738	0.00304088057048633
AL	01031	0	2.64186280214725	0	75	0.0106751020000265
AL	01031	0.5	4.00439409944693	1	4230	0.0106751020000265
AL	01031	4	5.97396365918314	2	18399	0.0106751020000265
AL	01031	10.4	8.71370795359606	3	42200	0.0106751020000265
AL	01031	16.9	12.3278747117888	4	87547	0.0106751020000265
AL	01031	19.5	16.7758482685892	5	108787	0.0106751020000265
AL	01031	22.5	21.805118267508	6	123050	0.0106751020000265
AL	01031	23.9	26.9746145895709	7	129762	0.0106751020000265
AL	01031	27.8	31.7928990410054	8	139991	0.0106751020000265
AL	01031	32.8	35.8911343631696	9	157298	0.0106751020000265
AL	01031	34.9	39.1142370722896	10	163083	0.0106751020000265
AL	01031	36.4	41.49639092467	11	166627	0.0106751020000265
AL	01031	38	43.1773754030943	12	170211	0.0106751020000265
AL	01031	45.8	44.3252029142192	13	185065	0.0106751020000265
AL	01031	46.7	45.0914828028051	14	186782	0.0106751020000265
AL	01031	47	45.5953660529904	15	187910	0.0106751020000265
AL	01031	47.4	45.9234176272094	16	188916	0.0106751020000265
AL	01031	47.7	46.1356102148448	17	189738	0.0106751020000265
AL	01033	0	0.761983485084645	0	75	0.0112663503416657
AL	01033	1.7	1.31854167641286	1	4230	0.0112663503416657
AL	01033	7.9	2.26241486441399	2	18399	0.0112663503416657
AL	01033	13.8	3.82733786581335	3	42200	0.0112663503416657
AL	01033	23.5	6.3271297404129	4	87547	0.0112663503416657
AL	01033	28	10.0921474149405	5	108787	0.0112663503416657
AL	01033	30.7	15.2885530972302	6	123050	0.0112663503416657
AL	01033	32	21.6582591910879	7	129762	0.0112663503416657
AL	01033	35.7	28.421940119454	8	139991	0.0112663503416657
AL	01033	41.8	34.5923846114472	9	157298	0.0112663503416657
AL	01033	43.6	39.4892478532589	10	163083	0.0112663503416657
AL	01033	44.6	42.9630837984372	11	166627	0.0112663503416657
AL	01033	45.8	45.2360418667525	12	170211	0.0112663503416657
AL	01033	46.9	46.6456001775177	13	185065	0.0112663503416657
AL	01033	47.6	47.4908493806399	14	186782	0.0112663503416657
AL	01033	47.9	47.9875319078639	15	187910	0.0112663503416657
AL	01033	48.1	48.2759190406648	16	188916	0.0112663503416657
AL	01033	48.3	48.4422019924483	17	189738	0.0112663503416657
AL	01035	0	2.13482778806207	0	75	0.00246105337652975
AL	01035	0.3	3.36017660965919	1	4230	0.00246105337652975
AL	01035	6.2	5.20950921206862	2	18399	0.00246105337652975
AL	01035	14	7.89783880386777	3	42200	0.00246105337652975
AL	01035	21.1	11.6001213558869	4	87547	0.00246105337652975
AL	01035	23.7	16.3364266329889	5	108787	0.00246105337652975
AL	01035	25.3	21.8553819924453	6	123050	0.00246105337652975
AL	01035	26.9	27.6279624882357	7	129762	0.00246105337652975
AL	01035	30.8	33.0223315366552	8	139991	0.00246105337652975
AL	01035	35.7	37.5576944802424	9	157298	0.00246105337652975
AL	01035	37.9	41.0440866299802	10	163083	0.00246105337652975
AL	01035	38.9	43.5440121997943	11	166627	0.00246105337652975
AL	01035	40.3	45.2485330273908	12	170211	0.00246105337652975
AL	01035	42.4	46.3711803512383	13	185065	0.00246105337652975
AL	01035	43.2	47.0938238874534	14	186782	0.00246105337652975
AL	01035	43.5	47.5521423846748	15	187910	0.00246105337652975
AL	01035	43.7	47.8400921725947	16	188916	0.00246105337652975
AL	01035	43.9	48.0199335229184	17	189738	0.00246105337652975
AL	01037	0	2.00976799761683	0	75	0.00217470888820226
AL	01037	0.6	3.27574677044413	1	4230	0.00217470888820226
AL	01037	6.3	5.24187246159225	2	18399	0.00217470888820226
AL	01037	12.9	8.15719000217987	3	42200	0.00217470888820226
AL	01037	19.3	12.1961076124661	4	87547	0.00217470888820226
AL	01037	21.6	17.2952242152859	5	108787	0.00217470888820226
AL	01037	24	23.0281632928509	6	123050	0.00217470888820226
AL	01037	25.2	28.6911154720048	7	129762	0.00217470888820226
AL	01037	27.5	33.6130501830637	8	139991	0.00217470888820226
AL	01037	34.9	37.4372118416672	9	157298	0.00217470888820226
AL	01037	36	40.1576639907678	10	163083	0.00217470888820226
AL	01037	37.4	41.9738517727884	11	166627	0.00217470888820226
AL	01037	38.6	43.1354913177993	12	170211	0.00217470888820226
AL	01037	39.7	43.8582413292887	13	185065	0.00217470888820226
AL	01037	40.2	44.3002223237554	14	186782	0.00217470888820226
AL	01037	40.4	44.5676562549773	15	187910	0.00217470888820226
AL	01037	40.7	44.728438716201	16	188916	0.00217470888820226
AL	01037	40.8	44.8247286474538	17	189738	0.00217470888820226
AL	01039	0	4.0260563391672	0	75	0.00755610893735398
AL	01039	0.4	5.91862455572661	1	4230	0.00755610893735398
AL	01039	4.9	8.4798794330057	2	18399	0.00755610893735398
AL	01039	9.8	11.745804346277	3	42200	0.00755610893735398
AL	01039	16.1	15.6082473472562	4	87547	0.00755610893735398
AL	01039	18.2	19.7894897276673	5	108787	0.00755610893735398
AL	01039	20.7	23.9039434751669	6	123050	0.00755610893735398
AL	01039	22.2	27.5895956827595	7	129762	0.00755610893735398
AL	01039	26.1	30.6234160234678	8	139991	0.00755610893735398
AL	01039	32.5	32.9515720833778	9	157298	0.00755610893735398
AL	01039	34.5	34.6438677919215	10	163083	0.00755610893735398
AL	01039	35.3	35.8260670286492	11	166627	0.00755610893735398
AL	01039	36.4	36.629191882298	12	170211	0.00755610893735398
AL	01039	37.3	37.1644997789955	13	185065	0.00755610893735398
AL	01039	37.8	37.5167841234392	14	186782	0.00755610893735398
AL	01039	38	37.7466821601771	15	187910	0.00755610893735398
AL	01039	38.2	37.8958905356638	16	188916	0.00755610893735398
AL	01039	38.3	37.9923850005022	17	189738	0.00755610893735398
AL	01041	0	2.22319939741079	0	75	0.00280878653365109
AL	01041	0.5	3.59223591251086	1	4230	0.00280878653365109
AL	01041	4.5	5.67736382140243	2	18399	0.00280878653365109
AL	01041	9.9	8.68353566526284	3	42200	0.00280878653365109
AL	01041	17.4	12.6915747565752	4	87547	0.00280878653365109
AL	01041	19	17.5125377881783	5	108787	0.00280878653365109
AL	01041	20.6	22.6421618676186	6	123050	0.00280878653365109
AL	01041	21.8	27.4349734714249	7	129762	0.00280878653365109
AL	01041	24	31.3990114001986	8	139991	0.00280878653365109
AL	01041	29.2	34.359992808146	9	157298	0.00280878653365109
AL	01041	30.8	36.407672291323	10	163083	0.00280878653365109
AL	01041	31.6	37.7494126167775	11	166627	0.00280878653365109
AL	01041	32.6	38.5977865552748	12	170211	0.00280878653365109
AL	01041	33.6	39.1221705430451	13	185065	0.00280878653365109
AL	01041	34	39.4417601658898	14	186782	0.00280878653365109
AL	01041	34.3	39.6348664853239	15	187910	0.00280878653365109
AL	01041	34.5	39.7509410255611	16	188916	0.00280878653365109
AL	01041	34.6	39.8204939788509	17	189738	0.00280878653365109
AL	01043	0	3.32098365476943	0	75	0.0170844053406102
AL	01043	1.7	5.07573543022891	1	4230	0.0170844053406102
AL	01043	7.2	7.55786434215027	2	18399	0.0170844053406102
AL	01043	12.2	10.858214959325	3	42200	0.0170844053406102
AL	01043	17.3	14.9031985442572	4	87547	0.0170844053406102
AL	01043	20	19.3937060364116	5	108787	0.0170844053406102
AL	01043	22	23.8627258273469	6	123050	0.0170844053406102
AL	01043	22.9	27.851895567691	7	129762	0.0170844053406102
AL	01043	26.3	31.0814285526111	8	139991	0.0170844053406102
AL	01043	33.4	33.4954856267143	9	157298	0.0170844053406102
AL	01043	35	35.1945024556319	10	163083	0.0170844053406102
AL	01043	35.7	36.3402136777747	11	166627	0.0170844053406102
AL	01043	36.5	37.0906980134044	12	170211	0.0170844053406102
AL	01043	37.4	37.5729856741556	13	185065	0.0170844053406102
AL	01043	37.9	37.8791237560595	14	186782	0.0170844053406102
AL	01043	38.1	38.0719307752676	15	187910	0.0170844053406102
AL	01043	38.3	38.192762305335	16	188916	0.0170844053406102
AL	01043	38.4	38.2682524559033	17	189738	0.0170844053406102
AL	01045	0	3.53874325406697	0	75	0.0100285834615663
AL	01045	1.1	5.57201270702344	1	4230	0.0100285834615663
AL	01045	7.3	8.53657071244774	2	18399	0.0100285834615663
AL	01045	15.4	12.5828726079879	3	42200	0.0100285834615663
AL	01045	24.2	17.6351082568345	4	87547	0.0100285834615663
AL	01045	28.8	23.2862119079581	5	108787	0.0100285834615663
AL	01045	32	28.8796318160525	6	123050	0.0100285834615663
AL	01045	34	33.7844915788031	7	129762	0.0100285834615663
AL	01045	37.9	37.6492455196703	8	139991	0.0100285834615663
AL	01045	44.5	40.4456978656651	9	157298	0.0100285834615663
AL	01045	47.6	42.3467858950064	10	163083	0.0100285834615663
AL	01045	49.5	43.5850053580561	11	166627	0.0100285834615663
AL	01045	51.3	44.3691366398129	12	170211	0.0100285834615663
AL	01045	46.3	44.8569027109677	13	185065	0.0100285834615663
AL	01045	47.2	45.1569473098147	14	186782	0.0100285834615663
AL	01045	47.6	45.3402509452853	15	187910	0.0100285834615663
AL	01045	48.1	45.4517645565336	16	188916	0.0100285834615663
AL	01045	48.3	45.519430697802	17	189738	0.0100285834615663
AL	01047	0	1.1572858727743	0	75	0.00758608945002075
AL	01047	0.5	1.89001668118811	1	4230	0.00758608945002075
AL	01047	3.8	3.06062533075033	2	18399	0.00758608945002075
AL	01047	12.5	4.89033687535085	3	42200	0.00758608945002075
AL	01047	17.9	7.65473291314925	4	87547	0.00758608945002075
AL	01047	20.3	11.6240627745723	5	108787	0.00758608945002075
AL	01047	23	16.9260829163601	6	123050	0.00758608945002075
AL	01047	24.6	23.3636522579467	7	129762	0.00758608945002075
AL	01047	27.8	30.3327176238442	8	139991	0.00758608945002075
AL	01047	35.8	36.9997086106505	9	157298	0.00758608945002075
AL	01047	38.9	42.6644856329547	10	163083	0.00758608945002075
AL	01047	40.8	47.0125513186487	11	166627	0.00758608945002075
AL	01047	42.6	50.0967087348359	12	170211	0.00758608945002075
AL	01047	43.8	52.1639489104628	13	185065	0.00758608945002075
AL	01047	44.7	53.4975104894967	14	186782	0.00758608945002075
AL	01047	45.2	54.3366481610046	15	187910	0.00758608945002075
AL	01047	45.6	54.8564346459609	16	188916	0.00758608945002075
AL	01047	45.8	55.1752758284488	17	189738	0.00758608945002075
AL	01049	0	3.81896404526055	0	75	0.0145850095397176
AL	01049	0.6	5.60587851148812	1	4230	0.0145850095397176
AL	01049	3.7	8.01942959308588	2	18399	0.0145850095397176
AL	01049	7.3	11.0907834942693	3	42200	0.0145850095397176
AL	01049	12.8	14.7159671500774	4	87547	0.0145850095397176
AL	01049	16.6	18.6335502292367	5	108787	0.0145850095397176
AL	01049	18.6	22.4834259990694	6	123050	0.0145850095397176
AL	01049	19.7	25.9292755436646	7	129762	0.0145850095397176
AL	01049	22.2	28.7649202660561	8	139991	0.0145850095397176
AL	01049	27.8	30.9414085597494	9	157298	0.0145850095397176
AL	01049	30.1	32.5243184270588	10	163083	0.0145850095397176
AL	01049	31	33.6309684581464	11	166627	0.0145850095397176
AL	01049	32	34.3834686303174	12	170211	0.0145850095397176
AL	01049	32.9	34.8855423975286	13	185065	0.0145850095397176
AL	01049	33.4	35.2163050393337	14	186782	0.0145850095397176
AL	01049	33.7	35.4323908506711	15	187910	0.0145850095397176
AL	01049	34	35.5727869936458	16	188916	0.0145850095397176
AL	01049	34.2	35.6636810965137	17	189738	0.0145850095397176
AL	01051	0	1.78628328712368	0	75	0.0165624996813296
AL	01051	0.8	2.83640231934537	1	4230	0.0165624996813296
AL	01051	4	4.44233486808672	2	18399	0.0165624996813296
AL	01051	9.9	6.81513991559074	3	42200	0.0165624996813296
AL	01051	17.7	10.1484794558153	4	87547	0.0165624996813296
AL	01051	22.2	14.5137652851534	5	108787	0.0165624996813296
AL	01051	25.7	19.7334217279082	6	123050	0.0165624996813296
AL	01051	27.2	25.3366584861178	7	129762	0.0165624996813296
AL	01051	31	30.6965194492307	8	139991	0.0165624996813296
AL	01051	36.8	35.2868613007232	9	157298	0.0165624996813296
AL	01051	38.8	38.8603318897702	10	163083	0.0165624996813296
AL	01051	40.9	41.441019427033	11	166627	0.0165624996813296
AL	01051	42.5	43.2054105664936	12	170211	0.0165624996813296
AL	01051	44.7	44.3669990698278	13	185065	0.0165624996813296
AL	01051	45.5	45.112832904249	14	186782	0.0165624996813296
AL	01051	46.1	45.5840518737553	15	187910	0.0165624996813296
AL	01051	46.5	45.8787395373856	16	188916	0.0165624996813296
AL	01051	46.8	46.0618521415025	17	189738	0.0165624996813296
AL	01053	0	2.82234952645406	0	75	0.00747126612599769
AL	01053	0.4	4.3050292158339	1	4230	0.00747126612599769
AL	01053	5.4	6.43608172765174	2	18399	0.00747126612599769
AL	01053	10.5	9.35476520394073	3	42200	0.00747126612599769
AL	01053	16	13.0987172344791	4	87547	0.00747126612599769
AL	01053	19.3	17.5175397103057	5	108787	0.00747126612599769
AL	01053	21	22.248019666243	6	123050	0.00747126612599769
AL	01053	22	26.8114124225133	7	129762	0.00747126612599769
AL	01053	25.2	30.7922448872754	8	139991	0.00747126612599769
AL	01053	30.5	33.9713353434843	9	157298	0.00747126612599769
AL	01053	32.5	36.3357970452843	10	163083	0.00747126612599769
AL	01053	33.4	38.0029403196648	11	166627	0.00747126612599769
AL	01053	34.6	39.1346519226578	12	170211	0.00747126612599769
AL	01053	35.4	39.8832437847089	13	185065	0.00747126612599769
AL	01053	36	40.3699624837546	14	186782	0.00747126612599769
AL	01053	36.4	40.6828839451176	15	187910	0.00747126612599769
AL	01053	36.6	40.8826178352583	16	188916	0.00747126612599769
AL	01053	36.8	41.0095175801082	17	189738	0.00747126612599769
AL	01055	0	1.77053123994461	0	75	0.0208574630571761
AL	01055	1.1	2.81883618558832	1	4230	0.0208574630571761
AL	01055	5.8	4.42265924946132	2	18399	0.0208574630571761
AL	01055	10.1	6.78819787876035	3	42200	0.0208574630571761
AL	01055	17.1	10.0953806593424	4	87547	0.0208574630571761
AL	01055	21.5	14.3889959491173	5	108787	0.0208574630571761
AL	01055	23.8	19.4574464205677	6	123050	0.0208574630571761
AL	01055	25	24.8099904409818	7	129762	0.0208574630571761
AL	01055	27.9	29.837122249397	8	139991	0.0208574630571761
AL	01055	34.7	34.064650816994	9	157298	0.0208574630571761
AL	01055	36.9	37.3016826836776	10	163083	0.0208574630571761
AL	01055	38.1	39.6068489724581	11	166627	0.0208574630571761
AL	01055	39.2	41.1649304195199	12	170211	0.0208574630571761
AL	01055	40.1	42.1812450859063	13	185065	0.0208574630571761
AL	01055	40.6	42.8288742543163	14	186782	0.0208574630571761
AL	01055	40.9	43.2354447607776	15	187910	0.0208574630571761
AL	01055	41.1	43.4882933356108	16	188916	0.0208574630571761
AL	01055	41.3	43.6446225896954	17	189738	0.0208574630571761
AL	01057	0	2.80765292163258	0	75	0.00332477767002469
AL	01057	0.9	4.39383035308521	1	4230	0.00332477767002469
AL	01057	3.9	6.70433020765205	2	18399	0.00332477767002469
AL	01057	10.8	9.87060535228369	3	42200	0.00332477767002469
AL	01057	16.3	13.8650563388071	4	87547	0.00332477767002469
AL	01057	18.9	18.409733150388	5	108787	0.00332477767002469
AL	01057	20.6	23.010756869563	6	123050	0.00332477767002469
AL	01057	21.5	27.1499783928652	7	129762	0.00332477767002469
AL	01057	24.1	30.4963817218586	8	139991	0.00332477767002469
AL	01057	29.6	32.9757786401215	9	157298	0.00332477767002469
AL	01057	31.2	34.6965627948248	10	163083	0.00332477767002469
AL	01057	32.2	35.8373629917891	11	166627	0.00332477767002469
AL	01057	33.1	36.5708637279777	12	170211	0.00332477767002469
AL	01057	34.2	37.0332431068087	13	185065	0.00332477767002469
AL	01057	34.5	37.3210888078295	14	186782	0.00332477767002469
AL	01057	34.9	37.4988875104961	15	187910	0.00332477767002469
AL	01057	35	37.6081821410884	16	188916	0.00332477767002469
AL	01057	35.1	37.6751671830479	17	189738	0.00332477767002469
AL	01059	0	4.30213525763451	0	75	0.00639625060037506
AL	01059	1.6	6.31539002698115	1	4230	0.00639625060037506
AL	01059	6.7	9.03782110059071	2	18399	0.00639625060037506
AL	01059	13	12.5087874760823	3	42200	0.00639625060037506
AL	01059	20.4	16.6165584536513	4	87547	0.00639625060037506
AL	01059	23.8	21.0704975696152	5	108787	0.00639625060037506
AL	01059	25.6	25.4639685487911	6	123050	0.00639625060037506
AL	01059	26.5	29.4115317324529	7	129762	0.00639625060037506
AL	01059	30.7	32.67181002435	8	139991	0.00639625060037506
AL	01059	37.5	35.1821832369966	9	157298	0.00639625060037506
AL	01059	39.3	37.0127914812093	10	163083	0.00639625060037506
AL	01059	40.4	38.2954109826998	11	166627	0.00639625060037506
AL	01059	41.4	39.1691230273846	12	170211	0.00639625060037506
AL	01059	42.6	39.7529299056745	13	185065	0.00639625060037506
AL	01059	43.2	40.1380177021722	14	186782	0.00639625060037506
AL	01059	43.5	40.3898674482762	15	187910	0.00639625060037506
AL	01059	43.8	40.5536599926304	16	188916	0.00639625060037506
AL	01059	44	40.6597966436588	17	189738	0.00639625060037506
AL	01061	0	3.38576334329983	0	75	0.00535794590658929
AL	01061	0.6	4.87508977110136	1	4230	0.00535794590658929
AL	01061	5.7	6.89235465023738	2	18399	0.00535794590658929
AL	01061	11.6	9.51093194729939	3	42200	0.00535794590658929
AL	01061	19.1	12.7285920300855	4	87547	0.00535794590658929
AL	01061	21.3	16.4261488500808	5	108787	0.00535794590658929
AL	01061	23.4	20.361755903523	6	123050	0.00535794590658929
AL	01061	24.6	24.2234089466866	7	129762	0.00535794590658929
AL	01061	27.7	27.7215521242657	8	139991	0.00535794590658929
AL	01061	32.7	30.6683830034464	9	157298	0.00535794590658929
AL	01061	34.5	33.0026382423671	10	163083	0.00535794590658929
AL	01061	35.6	34.7631485920007	11	166627	0.00535794590658929
AL	01061	36.7	36.042429733971	12	170211	0.00535794590658929
AL	01061	39.4	36.9470977505518	13	185065	0.00535794590658929
AL	01061	39.9	37.5746239065149	14	186782	0.00535794590658929
AL	01061	40.2	38.0041049758077	15	187910	0.00535794590658929
AL	01061	40.4	38.2953492742639	16	188916	0.00535794590658929
AL	01061	40.5	38.4916198175405	17	189738	0.00535794590658929
AL	01063	0	0.864689237218354	0	75	0.00165423087238193
AL	01063	0	1.51775147499933	1	4230	0.00165423087238193
AL	01063	3.8	2.64224913236187	2	18399	0.00165423087238193
AL	01063	11.5	4.53598775879519	3	42200	0.00165423087238193
AL	01063	22.5	7.60899809705577	4	87547	0.00165423087238193
AL	01063	28.1	12.3073750070377	5	108787	0.00165423087238193
AL	01063	30.6	18.8747510057862	6	123050	0.00165423087238193
AL	01063	32.2	26.9904744335912	7	129762	0.00165423087238193
AL	01063	35.6	35.6211349013314	8	139991	0.00165423087238193
AL	01063	41	43.4503244816616	9	157298	0.00165423087238193
AL	01063	44.8	49.5923887645591	10	163083	0.00165423087238193
AL	01063	46.4	53.8845482613009	11	166627	0.00165423087238193
AL	01063	48.2	56.6472227605102	12	170211	0.00165423087238193
AL	01063	49.2	58.3324799371442	13	185065	0.00165423087238193
AL	01063	50.2	59.3270388346805	14	186782	0.00165423087238193
AL	01063	50.6	59.9025525363695	15	187910	0.00165423087238193
AL	01063	50.9	60.2317974629788	16	188916	0.00165423087238193
AL	01063	51.2	60.4189247093491	17	189738	0.00165423087238193
AL	01065	0	1.25618248098288	0	75	0.0029880577624544
AL	01065	1.8	2.03561562023996	1	4230	0.0029880577624544
AL	01065	5.8	3.27204228134432	2	18399	0.0029880577624544
AL	01065	17.6	5.19297488899699	3	42200	0.0029880577624544
AL	01065	28.3	8.08287057072206	4	87547	0.0029880577624544
AL	01065	32.6	12.226651636623	5	108787	0.0029880577624544
AL	01065	35.7	17.7768648587402	6	123050	0.0029880577624544
AL	01065	37.5	24.5691428981988	7	129762	0.0029880577624544
AL	01065	42.7	32.0199708769335	8	139991	0.0029880577624544
AL	01065	52.2	39.2732561847582	9	157298	0.0029880577624544
AL	01065	54.7	45.5582386971844	10	163083	0.0029880577624544
AL	01065	56.4	50.4778567893315	11	166627	0.0029880577624544
AL	01065	58.2	54.0311583119823	12	170211	0.0029880577624544
AL	01065	59.6	56.4512279780083	13	185065	0.0029880577624544
AL	01065	60.7	58.0342662241471	14	186782	0.0029880577624544
AL	01065	61.2	59.0426058880651	15	187910	0.0029880577624544
AL	01065	61.4	59.6740445171411	16	188916	0.0029880577624544
AL	01065	61.6	60.0652566239511	17	189738	0.0029880577624544
AL	01067	0	1.73250682241673	0	75	0.00350894367640625
AL	01067	0.9	2.74636362311193	1	4230	0.00350894367640625
AL	01067	6.1	4.29684052336951	2	18399	0.00350894367640625
AL	01067	13.9	6.59140008484514	3	42200	0.00350894367640625
AL	01067	21.4	9.82734036545495	4	87547	0.00350894367640625
AL	01067	24.5	14.0937674266093	5	108787	0.00350894367640625
AL	01067	26.2	19.245801547881	6	123050	0.00350894367640625
AL	01067	27.4	24.8463178664774	7	129762	0.00350894367640625
AL	01067	30.7	30.2795137097517	8	139991	0.00350894367640625
AL	01067	38.1	34.9986059819167	9	157298	0.00350894367640625
AL	01067	40.1	38.7195607887337	10	163083	0.00350894367640625
AL	01067	41.6	41.4359724382063	11	166627	0.00350894367640625
AL	01067	43	43.3095119281304	12	170211	0.00350894367640625
AL	01067	44.4	44.5516312753675	13	185065	0.00350894367640625
AL	01067	44.9	45.3536916858941	14	186782	0.00350894367640625
AL	01067	45.3	45.8628097748545	15	187910	0.00350894367640625
AL	01067	45.5	46.1824765521324	16	188916	0.00350894367640625
AL	01067	45.7	46.381818647027	17	189738	0.00350894367640625
AL	01069	0	1.67816638185389	0	75	0.0215945349808339
AL	01069	1.2	2.69655482336794	1	4230	0.0215945349808339
AL	01069	5.5	4.2728737164188	2	18399	0.0215945349808339
AL	01069	13.6	6.62840975276043	3	42200	0.0215945349808339
AL	01069	20.8	9.96950514588645	4	87547	0.0215945349808339
AL	01069	23.3	14.3740970940078	5	108787	0.0215945349808339
AL	01069	26	19.6523824330874	6	123050	0.0215945349808339
AL	01069	27.2	25.3002194695042	7	129762	0.0215945349808339
AL	01069	31.2	30.6560783592096	8	139991	0.0215945349808339
AL	01069	36.4	35.1839608210954	9	157298	0.0215945349808339
AL	01069	38.2	38.6547391098865	10	163083	0.0215945349808339
AL	01069	39.6	41.1207123031288	11	166627	0.0215945349808339
AL	01069	40.9	42.7798023463436	12	170211	0.0215945349808339
AL	01069	42.1	43.8554714397559	13	185065	0.0215945349808339
AL	01069	42.7	44.5362392889801	14	186782	0.0215945349808339
AL	01069	43	44.9605188846786	15	187910	0.0215945349808339
AL	01069	43.3	45.2224203847987	16	188916	0.0215945349808339
AL	01069	43.6	45.383131795068	17	189738	0.0215945349808339
AL	01071	0	3.31740973374135	0	75	0.0105290744689421
AL	01071	1.5	5.1634750944319	1	4230	0.0105290744689421
AL	01071	7.4	7.84186653678552	2	18399	0.0105290744689421
AL	01071	14.6	11.5046595473601	3	42200	0.0105290744689421
AL	01071	21.4	16.1283613696719	4	87547	0.0105290744689421
AL	01071	26.4	21.4095266041555	5	108787	0.0105290744689421
AL	01071	28.9	26.7946280055291	6	123050	0.0105290744689421
AL	01071	30.4	31.686402107968	7	129762	0.0105290744689421
AL	01071	33.9	35.6850339401433	8	139991	0.0105290744689421
AL	01071	40.8	38.681044396387	9	157298	0.0105290744689421
AL	01071	43.4	40.7825891763809	10	163083	0.0105290744689421
AL	01071	45	42.1894494229304	11	166627	0.0105290744689421
AL	01071	46.3	43.1020499874991	12	170211	0.0105290744689421
AL	01071	47.8	43.6819938707321	13	185065	0.0105290744689421
AL	01071	48.7	44.0457401854674	14	186782	0.0105290744689421
AL	01071	49.1	44.2720128335517	15	187910	0.0105290744689421
AL	01071	49.5	44.4120475079256	16	188916	0.0105290744689421
AL	01071	49.7	44.4984363617571	17	189738	0.0105290744689421
AL	01073	0	0.893748030041141	0	75	0.134315348084969
AL	01073	1.6	1.54952617489403	1	4230	0.134315348084969
AL	01073	6.5	2.66468294609833	2	18399	0.134315348084969
AL	01073	13.8	4.52004238662087	3	42200	0.134315348084969
AL	01073	25.8	7.49752211545934	4	87547	0.134315348084969
AL	01073	31.4	12.0097132203633	5	108787	0.134315348084969
AL	01073	35.2	18.2867527705013	6	123050	0.134315348084969
AL	01073	37	26.0534407129725	7	129762	0.134315348084969
AL	01073	41.5	34.3822292644188	8	139991	0.134315348084969
AL	01073	48.9	42.0491832590746	9	157298	0.134315348084969
AL	01073	51.3	48.1765368862896	10	163083	0.134315348084969
AL	01073	52.6	52.5435372605366	11	166627	0.134315348084969
AL	01073	54.5	55.408177294506	12	170211	0.134315348084969
AL	01073	56.2	57.1864249289583	13	185065	0.134315348084969
AL	01073	57.2	58.25273431805	14	186782	0.134315348084969
AL	01073	57.8	58.8789134864724	15	187910	0.134315348084969
AL	01073	58.3	59.2421265679947	16	188916	0.134315348084969
AL	01073	58.7	59.4513024505623	17	189738	0.134315348084969
AL	01075	0	3.37362155444503	0	75	0.00281551685282118
AL	01075	1.4	5.1613794520854	1	4230	0.00281551685282118
AL	01075	7.6	7.7049286072642	2	18399	0.00281551685282118
AL	01075	14.2	11.1181680321943	3	42200	0.00281551685282118
AL	01075	21	15.3558878518793	4	87547	0.00281551685282118
AL	01075	23.6	20.1373467672574	5	108787	0.00281551685282118
AL	01075	25.2	24.9835111831753	6	123050	0.00281551685282118
AL	01075	26.2	29.38954626003	7	129762	0.00281551685282118
AL	01075	29.3	33.0169003189199	8	139991	0.00281551685282118
AL	01075	37.2	35.7669335958825	9	157298	0.00281551685282118
AL	01075	39.1	37.7243469858169	10	163083	0.00281551685282118
AL	01075	40.3	39.055862570002	11	166627	0.00281551685282118
AL	01075	41.4	39.9339256186577	12	170211	0.00281551685282118
AL	01075	42.8	40.501164711046	13	185065	0.00281551685282118
AL	01075	43.4	40.862750134378	14	186782	0.00281551685282118
AL	01075	43.8	41.0912849110196	15	187910	0.00281551685282118
AL	01075	44.1	41.2349493707947	16	188916	0.00281551685282118
AL	01075	44.2	41.324955314236	17	189738	0.00281551685282118
AL	01077	0	0.804503023845209	0	75	0.0189119929188884
AL	01077	1.4	1.39501219712965	1	4230	0.0189119929188884
AL	01077	6.6	2.39649129053726	2	18399	0.0189119929188884
AL	01077	14.7	4.05308920151689	3	42200	0.0189119929188884
AL	01077	23.1	6.68338707232756	4	87547	0.0189119929188884
AL	01077	28	10.5997289433611	5	108787	0.0189119929188884
AL	01077	30.4	15.9064142637226	6	123050	0.0189119929188884
AL	01077	31.7	22.2477701976411	7	129762	0.0189119929188884
AL	01077	35.1	28.7801214355803	8	139991	0.0189119929188884
AL	01077	40.1	34.5568865655878	9	157298	0.0189119929188884
AL	01077	41.7	39.0154595460063	10	163083	0.0189119929188884
AL	01077	42.8	42.1085961464503	11	166627	0.0189119929188884
AL	01077	44	44.0990814797506	12	170211	0.0189119929188884
AL	01077	45.1	45.3187251557317	13	185065	0.0189119929188884
AL	01077	46.1	46.0437301345336	14	186782	0.0189119929188884
AL	01077	46.4	46.4669583513428	15	187910	0.0189119929188884
AL	01077	46.7	46.7114106709176	16	188916	0.0189119929188884
AL	01077	47	46.8517381390198	17	189738	0.0189119929188884
AL	01079	0	0.9267970077276	0	75	0.00671481904109268
AL	01079	0.9	1.57026416892345	1	4230	0.00671481904109268
AL	01079	7.3	2.63444784091949	2	18399	0.00671481904109268
AL	01079	13.9	4.34944193895426	3	42200	0.00671481904109268
AL	01079	22.9	7.00116887760441	4	87547	0.00671481904109268
AL	01079	27.8	10.8497441020134	5	108787	0.00671481904109268
AL	01079	30.1	15.9514395668865	6	123050	0.00671481904109268
AL	01079	31.2	21.9588984596046	7	129762	0.00671481904109268
AL	01079	34.6	28.1206012941083	8	139991	0.00671481904109268
AL	01079	40.3	33.6072687643842	9	157298	0.00671481904109268
AL	01079	42.4	37.910881022795	10	163083	0.00671481904109268
AL	01079	43.7	40.9628134683947	11	166627	0.00671481904109268
AL	01079	45	42.9756996406941	12	170211	0.00671481904109268
AL	01079	46.1	44.2405380954551	13	185065	0.00671481904109268
AL	01079	46.7	45.011297547919	14	186782	0.00671481904109268
AL	01079	47	45.4722221169193	15	187910	0.00671481904109268
AL	01079	47.2	45.744765064696	16	188916	0.00671481904109268
AL	01079	47.3	45.9048433792098	17	189738	0.00671481904109268
AL	01081	0	1.23225763185018	0	75	0.0335581871783341
AL	01081	1.1	2.07417398676055	1	4230	0.0335581871783341
AL	01081	7	3.44754295092086	2	18399	0.0335581871783341
AL	01081	13.7	5.61541801809492	3	42200	0.0335581871783341
AL	01081	21.6	8.86601515121807	4	87547	0.0335581871783341
AL	01081	24.7	13.3829374338422	5	108787	0.0335581871783341
AL	01081	26.7	19.0381513613243	6	123050	0.0335581871783341
AL	01081	27.7	25.2623121175707	7	129762	0.0335581871783341
AL	01081	30.1	31.2118908994441	8	139991	0.0335581871783341
AL	01081	33.5	36.1800089499976	9	157298	0.0335581871783341
AL	01081	34.7	39.8812813037036	10	163083	0.0335581871783341
AL	01081	35.6	42.4109923771361	11	166627	0.0335581871783341
AL	01081	36.6	44.0397512322567	12	170211	0.0335581871783341
AL	01081	39	45.0484662301628	13	185065	0.0335581871783341
AL	01081	39.7	45.6582174629738	14	186782	0.0335581871783341
AL	01081	40	46.0214148858706	15	187910	0.0335581871783341
AL	01081	40.3	46.2358583649593	16	188916	0.0335581871783341
AL	01081	40.5	46.3618156897005	17	189738	0.0335581871783341
AL	01083	0	1.56228934968177	0	75	0.0201736218396818
AL	01083	0.8	2.46268917542663	1	4230	0.0201736218396818
AL	01083	4.8	3.83485554890654	2	18399	0.0201736218396818
AL	01083	10.3	5.86301437798849	3	42200	0.0201736218396818
AL	01083	15.8	8.72926795935687	4	87547	0.0201736218396818
AL	01083	19.7	12.5332843119607	5	108787	0.0201736218396818
AL	01083	21.8	17.1818402211381	6	123050	0.0201736218396818
AL	01083	22.8	22.3218998144592	7	129762	0.0201736218396818
AL	01083	25.5	27.4133920775039	8	139991	0.0201736218396818
AL	01083	31.4	31.9358707564206	9	157298	0.0201736218396818
AL	01083	33	35.5800911979411	10	163083	0.0201736218396818
AL	01083	33.9	38.2929590399731	11	166627	0.0201736218396818
AL	01083	34.7	40.1957245676845	12	170211	0.0201736218396818
AL	01083	37.9	41.4752204211314	13	185065	0.0201736218396818
AL	01083	38.6	42.3114013593686	14	186782	0.0201736218396818
AL	01083	38.8	42.8477202729297	15	187910	0.0201736218396818
AL	01083	39.1	43.1875868629024	16	188916	0.0201736218396818
AL	01083	39.2	43.401317855785	17	189738	0.0201736218396818
AL	01085	0	0.773804707957897	0	75	0.00198360861358484
AL	01085	0.8	1.29504799294293	1	4230	0.00198360861358484
AL	01085	3.7	2.15442312865861	2	18399	0.00198360861358484
AL	01085	9.1	3.54901659885436	3	42200	0.00198360861358484
AL	01085	21	5.75501967136356	4	87547	0.00198360861358484
AL	01085	25.8	9.10717873669995	5	108787	0.00198360861358484
AL	01085	29	13.9024271431308	6	123050	0.00198360861358484
AL	01085	30.7	20.2010134207474	7	129762	0.00198360861358484
AL	01085	35.7	27.6077324055896	8	139991	0.00198360861358484
AL	01085	40.7	35.2642219226285	9	157298	0.00198360861358484
AL	01085	42.8	42.1934845976957	10	163083	0.00198360861358484
AL	01085	44.1	47.7495113245621	11	166627	0.00198360861358484
AL	01085	45.8	51.7877163929396	12	170211	0.00198360861358484
AL	01085	48.6	54.5179620643603	13	185065	0.00198360861358484
AL	01085	49.7	56.2747995895335	14	186782	0.00198360861358484
AL	01085	50.7	57.3695525405633	15	187910	0.00198360861358484
AL	01085	51.1	58.0381401601665	16	188916	0.00198360861358484
AL	01085	51.4	58.4414515976818	17	189738	0.00198360861358484
AL	01087	0	0.865583547463403	0	75	0.00368495172015741
AL	01087	1.1	1.51176605162618	1	4230	0.00368495172015741
AL	01087	6.4	2.61877000567166	2	18399	0.00368495172015741
AL	01087	15.6	4.47376953237237	3	42200	0.00368495172015741
AL	01087	24	7.46997054545205	4	87547	0.00368495172015741
AL	01087	27.4	12.0333993752128	5	108787	0.00368495172015741
AL	01087	30.1	18.3974950319642	6	123050	0.00368495172015741
AL	01087	31.8	26.2622684818048	7	129762	0.00368495172015741
AL	01087	35.3	34.6497924008186	8	139991	0.00368495172015741
AL	01087	39.8	42.2994472243182	9	157298	0.00368495172015741
AL	01087	41.9	48.3428106300741	10	163083	0.00368495172015741
AL	01087	43.4	52.5979996685643	11	166627	0.00368495172015741
AL	01087	44.9	55.3570893777554	12	170211	0.00368495172015741
AL	01087	46.2	57.0517035024451	13	185065	0.00368495172015741
AL	01087	47.1	58.0580926640345	14	186782	0.00368495172015741
AL	01087	47.7	58.6438604689949	15	187910	0.00368495172015741
AL	01087	48.1	58.9808210981351	16	188916	0.00368495172015741
AL	01087	48.5	59.1733466393115	17	189738	0.00368495172015741
AL	01089	0	0.540348163019284	0	75	0.0760544421636141
AL	01089	1.5	0.98926251513055	1	4230	0.0760544421636141
AL	01089	7	1.79963246234929	2	18399	0.0760544421636141
AL	01089	14.5	3.23674010954244	3	42200	0.0760544421636141
AL	01089	26.7	5.70680349133254	4	87547	0.0760544421636141
AL	01089	35.6	9.73239482018921	5	108787	0.0760544421636141
AL	01089	40.6	15.7568070131498	6	123050	0.0760544421636141
AL	01089	42.4	23.7126098832271	7	129762	0.0760544421636141
AL	01089	46.8	32.6471093952003	8	139991	0.0760544421636141
AL	01089	51.5	41.0253508957586	9	157298	0.0760544421636141
AL	01089	53.7	47.653861150141	10	163083	0.0760544421636141
AL	01089	55.4	52.2276234417349	11	166627	0.0760544421636141
AL	01089	57.6	55.093695437515	12	170211	0.0760544421636141
AL	01089	60.1	56.7826268310637	13	185065	0.0760544421636141
AL	01089	61	57.7420540397312	14	186782	0.0760544421636141
AL	01089	61.4	58.2757502533305	15	187910	0.0760544421636141
AL	01089	62.3	58.569164107353	16	188916	0.0760544421636141
AL	01089	62.7	58.7294363346772	17	189738	0.0760544421636141
AL	01091	0	2.02855781155025	0	75	0.00384709122743686
AL	01091	1.1	3.24383516888309	1	4230	0.00384709122743686
AL	01091	5.4	5.11693444188289	2	18399	0.00384709122743686
AL	01091	14	7.90662550922399	3	42200	0.00384709122743686
AL	01091	22.7	11.8562598906353	4	87547	0.00384709122743686
AL	01091	26.4	17.0650389188768	5	108787	0.00384709122743686
AL	01091	28.7	23.3269935697476	6	123050	0.00384709122743686
AL	01091	30.2	30.0689076101307	7	129762	0.00384709122743686
AL	01091	34.8	36.5179233924259	8	139991	0.00384709122743686
AL	01091	47	42.0253694825474	9	157298	0.00384709122743686
AL	01091	49.4	46.2912210872782	10	163083	0.00384709122743686
AL	01091	50.5	49.352224857137	11	166627	0.00384709122743686
AL	01091	51.7	51.4302300062226	12	170211	0.00384709122743686
AL	01091	53	52.7883588376572	13	185065	0.00384709122743686
AL	01091	53.9	53.6541005571879	14	186782	0.00384709122743686
AL	01091	54.2	54.1972133953615	15	187910	0.00384709122743686
AL	01091	54.5	54.5345174406687	16	188916	0.00384709122743686
AL	01091	54.7	54.7426948936773	17	189738	0.00384709122743686
AL	01093	0	3.25459403412084	0	75	0.00605912279467326
AL	01093	1.5	5.00430248479672	1	4230	0.00605912279467326
AL	01093	6.5	7.48785540043879	2	18399	0.00605912279467326
AL	01093	10.7	10.7922177772797	3	42200	0.00605912279467326
AL	01093	16.5	14.8296880592203	4	87547	0.00605912279467326
AL	01093	20.2	19.2794980160788	5	108787	0.00605912279467326
AL	01093	21.8	23.6593490847678	6	123050	0.00605912279467326
AL	01093	22.6	27.5158522616933	7	129762	0.00605912279467326
AL	01093	25.7	30.5923046642962	8	139991	0.00605912279467326
AL	01093	31.1	32.8588628040432	9	157298	0.00605912279467326
AL	01093	32.9	34.4327495381009	10	163083	0.00605912279467326
AL	01093	33.9	35.4812458565442	11	166627	0.00605912279467326
AL	01093	34.8	36.1605708407487	12	170211	0.00605912279467326
AL	01093	35.6	36.5928074626581	13	185065	0.00605912279467326
AL	01093	36	36.8646664498977	14	186782	0.00605912279467326
AL	01093	36.3	37.0344128336271	15	187910	0.00605912279467326
AL	01093	36.6	37.1399191058849	16	188916	0.00605912279467326
AL	01093	36.8	37.2053111418872	17	189738	0.00605912279467326
AL	01095	0	3.13545912178664	0	75	0.0197369668898889
AL	01095	1.2	4.89952092692739	1	4230	0.0197369668898889
AL	01095	6.3	7.46996398376416	2	18399	0.0197369668898889
AL	01095	10.1	10.9993387154076	3	42200	0.0197369668898889
AL	01095	17.7	15.4696328024236	4	87547	0.0197369668898889
AL	01095	22.2	20.586887540694	5	108787	0.0197369668898889
AL	01095	25.2	25.8083791985236	6	123050	0.0197369668898889
AL	01095	26.5	30.546965523817	7	129762	0.0197369668898889
AL	01095	30.4	34.4112124111712	8	139991	0.0197369668898889
AL	01095	38.2	37.2968786919535	9	157298	0.0197369668898889
AL	01095	40.4	39.3132078893198	10	163083	0.0197369668898889
AL	01095	41.7	40.6575409676285	11	166627	0.0197369668898889
AL	01095	43.1	41.5260326606511	12	170211	0.0197369668898889
AL	01095	44.4	42.0757420694764	13	185065	0.0197369668898889
AL	01095	45.1	42.4191828424809	14	186782	0.0197369668898889
AL	01095	45.5	42.6320127870842	15	187910	0.0197369668898889
AL	01095	45.8	42.76323816844	16	188916	0.0197369668898889
AL	01095	46	42.8438962318644	17	189738	0.0197369668898889
AL	01097	0	1.68998246493156	0	75	0.0842737934628206
AL	01097	1.2	2.62165974816975	1	4230	0.0842737934628206
AL	01097	6.6	4.02564707133661	2	18399	0.0842737934628206
AL	01097	13	6.08830666315953	3	42200	0.0842737934628206
AL	01097	21.2	9.00827039962562	4	87547	0.0842737934628206
AL	01097	24	12.9318929300144	5	108787	0.0842737934628206
AL	01097	27.3	17.8504725249463	6	123050	0.0842737934628206
AL	01097	28.9	23.5064698801799	7	129762	0.0842737934628206
AL	01097	34.1	29.3995839275684	8	139991	0.0842737934628206
AL	01097	41.4	34.9412454282968	9	157298	0.0842737934628206
AL	01097	43.6	39.6719587999725	10	163083	0.0842737934628206
AL	01097	45.2	43.3882016405865	11	166627	0.0842737934628206
AL	01097	46.7	46.1213729233658	12	170211	0.0842737934628206
AL	01097	48.2	48.0356419809135	13	185065	0.0842737934628206
AL	01097	49	49.3309235315457	14	186782	0.0842737934628206
AL	01097	49.4	50.1870470033616	15	187910	0.0842737934628206
AL	01097	50	50.7441653394939	16	188916	0.0842737934628206
AL	01097	50.3	51.1030432722729	17	189738	0.0842737934628206
AL	01099	0	1.65492771111491	0	75	0.00422847598040865
AL	01099	0.5	2.74569772867366	1	4230	0.00422847598040865
AL	01099	7.2	4.48695963212626	2	18399	0.00422847598040865
AL	01099	13.8	7.1607529810197	3	42200	0.00422847598040865
AL	01099	19.6	11.0311324573306	4	87547	0.00422847598040865
AL	01099	22.7	16.1803378162547	5	108787	0.00422847598040865
AL	01099	24.8	22.3127431277782	6	123050	0.00422847598040865
AL	01099	26.3	28.7221527176144	7	129762	0.00422847598040865
AL	01099	30.1	34.5688039204094	8	139991	0.00422847598040865
AL	01099	37	39.2761592668862	9	157298	0.00422847598040865
AL	01099	39.3	42.6996976581605	10	163083	0.00422847598040865
AL	01099	40.4	45.0096868821731	11	166627	0.00422847598040865
AL	01099	41.6	46.4905242670486	12	170211	0.00422847598040865
AL	01099	42.6	47.4088970454749	13	185065	0.00422847598040865
AL	01099	43.1	47.9667927423013	14	186782	0.00422847598040865
AL	01099	43.5	48.3014584212395	15	187910	0.00422847598040865
AL	01099	43.7	48.5006982956805	16	188916	0.00422847598040865
AL	01099	43.8	48.6187787003343	17	189738	0.00422847598040865
AL	01101	0	0.956369070627693	0	75	0.0461916081077912
AL	01101	0.9	1.59783952575611	1	4230	0.0461916081077912
AL	01101	4.8	2.64959894870083	2	18399	0.0461916081077912
AL	01101	13.1	4.34043590655525	3	42200	0.0461916081077912
AL	01101	22.5	6.97443628612859	4	87547	0.0461916081077912
AL	01101	27.9	10.8829866847474	5	108787	0.0461916081077912
AL	01101	31.5	16.283582895185	6	123050	0.0461916081077912
AL	01101	33.7	23.0542120237573	7	129762	0.0461916081077912
AL	01101	37.8	30.5788437323594	8	139991	0.0461916081077912
AL	01101	43.6	37.8995744410274	9	157298	0.0461916081077912
AL	01101	46.1	44.1556970246513	10	163083	0.0461916081077912
AL	01101	48.2	48.936354917912	11	166627	0.0461916081077912
AL	01101	50.2	52.2865989976476	12	170211	0.0461916081077912
AL	01101	50.3	54.4945161051341	13	185065	0.0461916081077912
AL	01101	51.2	55.891275246277	14	186782	0.0461916081077912
AL	01101	51.8	56.7521423552629	15	187910	0.0461916081077912
AL	01101	52.3	57.2742215957123	16	188916	0.0461916081077912
AL	01101	52.7	57.587744567194	17	189738	0.0461916081077912
AL	01103	0	1.81208054769517	0	75	0.024408420241129
AL	01103	1	2.9428839008002	1	4230	0.024408420241129
AL	01103	6.5	4.70183541273511	2	18399	0.024408420241129
AL	01103	12.6	7.32725668792641	3	42200	0.024408420241129
AL	01103	20.6	11.0141353195504	4	87547	0.024408420241129
AL	01103	25.2	15.7715132922268	5	108787	0.024408420241129
AL	01103	28	21.282283970565	6	123050	0.024408420241129
AL	01103	29.2	26.9214400545173	7	129762	0.024408420241129
AL	01103	32.2	32.0053147812701	8	139991	0.024408420241129
AL	01103	37.1	36.091078730585	9	157298	0.024408420241129
AL	01103	39	39.0819986886001	10	163083	0.024408420241129
AL	01103	40.1	41.1250942972648	11	166627	0.024408420241129
AL	01103	41.4	42.4556222114309	12	170211	0.024408420241129
AL	01103	42.6	43.2953434319175	13	185065	0.024408420241129
AL	01103	43.2	43.8148585472842	14	186782	0.024408420241129
AL	01103	43.5	44.1323197158231	15	187910	0.024408420241129
AL	01103	43.7	44.3248474509746	16	188916	0.024408420241129
AL	01103	43.9	44.4410720157226	17	189738	0.024408420241129
AL	01105	0	1.07177818258083	0	75	0.00181983751377931
AL	01105	1	1.83537267957637	1	4230	0.00181983751377931
AL	01105	4.8	3.11317603067574	2	18399	0.00181983751377931
AL	01105	15.8	5.19807302645016	3	42200	0.00181983751377931
AL	01105	25	8.46341938858356	4	87547	0.00181983751377931
AL	01105	27.6	13.263481915725	5	108787	0.00181983751377931
AL	01105	29.2	19.7004123614666	6	123050	0.00181983751377931
AL	01105	30.8	27.3461630559021	7	129762	0.00181983751377931
AL	01105	35.5	35.2211727148885	8	139991	0.00181983751377931
AL	01105	41.6	42.2267672437459	9	157298	0.00181983751377931
AL	01105	43.6	47.6917232141961	10	163083	0.00181983751377931
AL	01105	44.6	51.5340621990968	11	166627	0.00181983751377931
AL	01105	46	54.0424226160889	12	170211	0.00181983751377931
AL	01105	47	55.6015622911317	13	185065	0.00181983751377931
AL	01105	48	56.5413260006215	14	186782	0.00181983751377931
AL	01105	48.5	57.0972938368317	15	187910	0.00181983751377931
AL	01105	48.8	57.4225824532728	16	188916	0.00181983751377931
AL	01105	49	57.6116714609208	17	189738	0.00181983751377931
AL	01107	0	1.78961692485695	0	75	0.00406470488060312
AL	01107	1	2.79837256987892	1	4230	0.00406470488060312
AL	01107	4.6	4.32538612749673	2	18399	0.00406470488060312
AL	01107	13.2	6.57120309060804	3	42200	0.00406470488060312
AL	01107	20.4	9.73790429196502	4	87547	0.00406470488060312
AL	01107	25.7	13.9476428521698	5	108787	0.00406470488060312
AL	01107	28.9	19.1262270354769	6	123050	0.00406470488060312
AL	01107	30.5	24.9215454602554	7	129762	0.00406470488060312
AL	01107	34.3	30.7588143242648	8	139991	0.00406470488060312
AL	01107	41	36.0468468563621	9	157298	0.00406470488060312
AL	01107	43.5	40.3965645471251	10	163083	0.00406470488060312
AL	01107	45.2	43.6991896962851	11	166627	0.00406470488060312
AL	01107	46.5	46.0575364763976	12	170211	0.00406470488060312
AL	01107	47.8	47.6687770981176	13	185065	0.00406470488060312
AL	01107	48.7	48.7366196214091	14	186782	0.00406470488060312
AL	01107	49.2	49.4301366381618	15	187910	0.00406470488060312
AL	01107	49.7	49.8746385054704	16	188916	0.00406470488060312
AL	01107	50	50.1571307789773	17	189738	0.00406470488060312
AL	01109	0	2.31889918842029	0	75	0.00675356936358714
AL	01109	0.5	3.61848934649467	1	4230	0.00675356936358714
AL	01109	5.3	5.55516685845598	2	18399	0.00675356936358714
AL	01109	11.2	8.32783392113472	3	42200	0.00675356936358714
AL	01109	18.6	12.0777595010307	4	87547	0.00675356936358714
AL	01109	21	16.7771936290485	5	108787	0.00675356936358714
AL	01109	23.6	22.1347942260052	6	123050	0.00675356936358714
AL	01109	24.9	27.6218509720376	7	129762	0.00675356936358714
AL	01109	27.9	32.657871542978	8	139991	0.00675356936358714
AL	01109	34.9	36.8355773652836	9	157298	0.00675356936358714
AL	01109	37.3	40.0202550708221	10	163083	0.00675356936358714
AL	01109	38.4	42.2949445693634	11	166627	0.00675356936358714
AL	01109	39.5	43.8451878653562	12	170211	0.00675356936358714
AL	01109	40.7	44.8682118599113	13	185065	0.00675356936358714
AL	01109	41.6	45.5290392371046	14	186782	0.00675356936358714
AL	01109	42	45.9500281937348	15	187910	0.00675356936358714
AL	01109	42.2	46.2158612133172	16	188916	0.00675356936358714
AL	01109	42.5	46.3827839940578	17	189738	0.00675356936358714
AL	01111	0	2.52346106927386	0	75	0.00463413067220592
AL	01111	0.4	4.06928486961517	1	4230	0.00463413067220592
AL	01111	5.7	6.38970795700411	2	18399	0.00463413067220592
AL	01111	11.3	9.65275296599042	3	42200	0.00463413067220592
AL	01111	17.2	13.8437671315108	4	87547	0.00463413067220592
AL	01111	20	18.6420283771989	5	108787	0.00463413067220592
AL	01111	21.6	23.4630189753666	6	123050	0.00463413067220592
AL	01111	22.2	27.7114105692344	7	129762	0.00463413067220592
AL	01111	24	31.0436501412456	8	139991	0.00463413067220592
AL	01111	28.2	33.4264680938753	9	157298	0.00463413067220592
AL	01111	30.3	35.019985583102	10	163083	0.00463413067220592
AL	01111	31.2	36.0384726262931	11	166627	0.00463413067220592
AL	01111	31.9	36.6707122033539	12	170211	0.00463413067220592
AL	01111	32	37.0560998576272	13	185065	0.00463413067220592
AL	01111	32.4	37.2884137333349	14	186782	0.00463413067220592
AL	01111	32.7	37.4275144016367	15	187910	0.00463413067220592
AL	01111	33	37.5104671096851	16	188916	0.00463413067220592
AL	01111	33.1	37.5598169597624	17	189738	0.00463413067220592
AL	01113	0	1.1998430480924	0	75	0.0118210918005337
AL	01113	0.4	1.90323575358353	1	4230	0.0118210918005337
AL	01113	3.1	2.99351340382597	2	18399	0.0118210918005337
AL	01113	7.9	4.64758524280468	3	42200	0.0118210918005337
AL	01113	16.6	7.07702702623117	4	87547	0.0118210918005337
AL	01113	20.3	10.4807473314764	5	108787	0.0118210918005337
AL	01113	22.9	14.9469448402772	6	123050	0.0118210918005337
AL	01113	24.5	20.3289330356024	7	129762	0.0118210918005337
AL	01113	27.6	26.1870731033083	8	139991	0.0118210918005337
AL	01113	31.9	31.8977517435314	9	157298	0.0118210918005337
AL	01113	34.3	36.8965951694072	10	163083	0.0118210918005337
AL	01113	36.3	40.8764285037718	11	166627	0.0118210918005337
AL	01113	37.8	43.812445540929	12	170211	0.0118210918005337
AL	01113	39.1	45.8588489953222	13	185065	0.0118210918005337
AL	01113	40.3	47.2293787852337	14	186782	0.0118210918005337
AL	01113	40.7	48.122888960973	15	187910	0.0118210918005337
AL	01113	41.5	48.6952317138883	16	188916	0.0118210918005337
AL	01113	41.9	49.0577203041885	17	189738	0.0118210918005337
AL	01115	0	0.904658947311479	0	75	0.0182558887743375
AL	01115	0.6	1.51147325882535	1	4230	0.0182558887743375
AL	01115	3.9	2.50022701068615	2	18399	0.0182558887743375
AL	01115	7.9	4.06989999735915	3	42200	0.0182558887743375
AL	01115	15.1	6.46160766975935	4	87547	0.0182558887743375
AL	01115	19.2	9.88719722229621	5	108787	0.0182558887743375
AL	01115	22.1	14.3826196113225	6	123050	0.0182558887743375
AL	01115	23.3	19.6500488654097	7	129762	0.0182558887743375
AL	01115	26.5	25.0613697947341	8	139991	0.0182558887743375
AL	01115	33.4	29.9190006645277	9	157298	0.0182558887743375
AL	01115	35.2	33.7791709270591	10	163083	0.0182558887743375
AL	01115	36.1	36.5602012534794	11	166627	0.0182558887743375
AL	01115	37.1	38.4253448887698	12	170211	0.0182558887743375
AL	01115	38.2	39.6169221487775	13	185065	0.0182558887743375
AL	01115	38.7	40.3547185365407	14	186782	0.0182558887743375
AL	01115	39	40.802723384228	15	187910	0.0182558887743375
AL	01115	39.2	41.0715468775997	16	188916	0.0182558887743375
AL	01115	39.4	41.2317043203833	17	189738	0.0182558887743375
AL	01117	0	0.951019923821877	0	75	0.0444001195141525
AL	01117	0.8	1.67279059341852	1	4230	0.0444001195141525
AL	01117	3.3	2.90527341986856	2	18399	0.0444001195141525
AL	01117	7.2	4.93955746111569	3	42200	0.0444001195141525
AL	01117	14.8	8.11611858645083	4	87547	0.0444001195141525
AL	01117	18.5	12.6707911160706	5	108787	0.0444001195141525
AL	01117	21.2	18.4620493874375	6	123050	0.0444001195141525
AL	01117	22.3	24.7971834240352	7	129762	0.0444001195141525
AL	01117	25.4	30.6821825135009	8	139991	0.0444001195141525
AL	01117	30.7	35.37488889197	9	157298	0.0444001195141525
AL	01117	32.3	38.6818461105959	10	163083	0.0444001195141525
AL	01117	33.1	40.8145613739013	11	166627	0.0444001195141525
AL	01117	34.2	42.1123976348975	12	170211	0.0444001195141525
AL	01117	35.3	42.8744549456298	13	185065	0.0444001195141525
AL	01117	35.8	43.312557459278	14	186782	0.0444001195141525
AL	01117	36.1	43.5613646115242	15	187910	0.0444001195141525
AL	01117	36.3	43.7016884643772	16	188916	0.0444001195141525
AL	01117	36.5	43.7805191280304	17	189738	0.0444001195141525
AL	01119	0	1.07345626407902	0	75	0.00253447504020346
AL	01119	0.5	1.82870118872622	1	4230	0.00253447504020346
AL	01119	5.4	3.08706174729347	2	18399	0.00253447504020346
AL	01119	13.9	5.13376324257966	3	42200	0.00253447504020346
AL	01119	23.6	8.33563819702498	4	87547	0.00253447504020346
AL	01119	28.4	13.0519116293842	5	108787	0.00253447504020346
AL	01119	30.8	19.4168720858982	6	123050	0.00253447504020346
AL	01119	32.2	27.0633014424442	7	129762	0.00253447504020346
AL	01119	35.6	35.0632668313149	8	139991	0.00253447504020346
AL	01119	42.1	42.3092834092574	9	157298	0.00253447504020346
AL	01119	44.5	48.0639885254392	10	163083	0.00253447504020346
AL	01119	46.2	52.1755908281555	11	166627	0.00253447504020346
AL	01119	47.7	54.8963564693076	12	170211	0.00253447504020346
AL	01119	49.1	56.6065561183154	13	185065	0.00253447504020346
AL	01119	50.2	57.6470430941992	14	186782	0.00253447504020346
AL	01119	51.1	58.2675592041542	15	187910	0.00253447504020346
AL	01119	51.5	58.6332180436555	16	188916	0.00253447504020346
AL	01119	51.9	58.8471773628838	17	189738	0.00253447504020346
AL	01121	0	2.40846826811777	0	75	0.0163114383813786
AL	01121	0.7	3.75988026453952	1	4230	0.0163114383813786
AL	01121	4.9	5.76120289988029	2	18399	0.0163114383813786
AL	01121	10	8.5928333841769	3	42200	0.0163114383813786
AL	01121	15.5	12.3510820386432	4	87547	0.0163114383813786
AL	01121	18.2	16.9372377977547	5	108787	0.0163114383813786
AL	01121	21.1	21.9929807323138	6	123050	0.0163114383813786
AL	01121	22.3	26.9785970893659	7	129762	0.0163114383813786
AL	01121	25.5	31.3829914391946	8	139991	0.0163114383813786
AL	01121	31.4	34.9115114232932	9	157298	0.0163114383813786
AL	01121	33	37.5234185894187	10	163083	0.0163114383813786
AL	01121	33.9	39.3458232536047	11	166627	0.0163114383813786
AL	01121	35	40.5655336032265	12	170211	0.0163114383813786
AL	01121	35.7	41.3592918718434	13	185065	0.0163114383813786
AL	01121	36.2	41.866462899035	14	186782	0.0163114383813786
AL	01121	36.4	42.1867314654061	15	187910	0.0163114383813786
AL	01121	36.6	42.3874755203647	16	188916	0.0163114383813786
AL	01121	36.8	42.5127154328404	17	189738	0.0163114383813786
AL	01123	0	3.13324310002581	0	75	0.00823281193754672
AL	01123	1.1	4.77652886350842	1	4230	0.00823281193754672
AL	01123	6.4	7.12082963492918	2	18399	0.00823281193754672
AL	01123	11.9	10.2914181545959	3	42200	0.00823281193754672
AL	01123	18.7	14.2836049221138	4	87547	0.00823281193754672
AL	01123	20.7	18.881175284266	5	108787	0.00823281193754672
AL	01123	23.5	23.6620402612222	6	123050	0.00823281193754672
AL	01123	24.8	28.1336913221892	7	129762	0.00823281193754672
AL	01123	27.3	31.9202603350429	8	139991	0.00823281193754672
AL	01123	33.7	34.865930771657	9	157298	0.00823281193754672
AL	01123	35	37.0097995441623	10	163083	0.00823281193754672
AL	01123	36.3	38.495640122453	11	166627	0.00823281193754672
AL	01123	37.1	39.490852397586	12	170211	0.00823281193754672
AL	01123	37.7	40.1422857814825	13	185065	0.00823281193754672
AL	01123	38.2	40.5622959126718	14	186782	0.00823281193754672
AL	01123	38.3	40.830463144016	15	187910	0.00823281193754672
AL	01123	38.6	41.0006152336155	16	188916	0.00823281193754672
AL	01123	38.8	41.1081489452922	17	189738	0.00823281193754672
AL	01125	0	1.1399274210308	0	75	0.0426977566622512
AL	01125	1	1.90390513592065	1	4230	0.0426977566622512
AL	01125	4.4	3.1465781632477	2	18399	0.0426977566622512
AL	01125	11.6	5.11318783979034	3	42200	0.0426977566622512
AL	01125	17.7	8.09425094745418	4	87547	0.0426977566622512
AL	01125	22.2	12.3304031652849	5	108787	0.0426977566622512
AL	01125	25.3	17.828722795978	6	123050	0.0426977566622512
AL	01125	26.7	24.1832298755509	7	129762	0.0426977566622512
AL	01125	30.1	30.6127552096028	8	139991	0.0426977566622512
AL	01125	37.3	36.2997541801509	9	157298	0.0426977566622512
AL	01125	39	40.7619721018098	10	163083	0.0426977566622512
AL	01125	40.2	43.9452447489101	11	166627	0.0426977566622512
AL	01125	41.4	46.0650965153705	12	170211	0.0426977566622512
AL	01125	42.5	47.4128310331606	13	185065	0.0426977566622512
AL	01125	43.1	48.2445867891355	14	186782	0.0426977566622512
AL	01125	43.5	48.7485237979157	15	187910	0.0426977566622512
AL	01125	43.8	49.0504393063697	16	188916	0.0426977566622512
AL	01125	44	49.2301068329466	17	189738	0.0426977566622512
AL	01127	0	2.3611516217771	0	75	0.0129550486061611
AL	01127	1.1	3.6964037342144	1	4230	0.0129550486061611
AL	01127	5.7	5.68416134926379	2	18399	0.0129550486061611
AL	01127	12.2	8.51608601474099	3	42200	0.0129550486061611
AL	01127	21.1	12.3080244854828	4	87547	0.0129550486061611
AL	01127	25.1	16.9846928088859	5	108787	0.0129550486061611
AL	01127	27.9	22.2012390730889	6	123050	0.0129550486061611
AL	01127	29.1	27.4064122672228	7	129762	0.0129550486061611
AL	01127	32.7	32.0536275111567	8	139991	0.0129550486061611
AL	01127	40.3	35.8083953827126	9	157298	0.0129550486061611
AL	01127	42.5	38.6048335628369	10	163083	0.0129550486061611
AL	01127	43.9	40.5637508581969	11	166627	0.0129550486061611
AL	01127	45	41.8778134290101	12	170211	0.0129550486061611
AL	01127	46.2	42.7338807193126	13	185065	0.0129550486061611
AL	01127	46.7	43.2809959216455	14	186782	0.0129550486061611
AL	01127	47.1	43.6263887736016	15	187910	0.0129550486061611
AL	01127	47.3	43.8427460366498	16	188916	0.0129550486061611
AL	01127	47.5	43.9776148437812	17	189738	0.0129550486061611
AL	01129	0	2.51633825931711	0	75	0.00332967244760294
AL	01129	0.6	3.99161704957575	1	4230	0.00332967244760294
AL	01129	7.1	6.20815340961902	2	18399	0.00332967244760294
AL	01129	14.1	9.38026481863679	3	42200	0.00332967244760294
AL	01129	19.1	13.6176154071803	4	87547	0.00332967244760294
AL	01129	21.6	18.7854440680659	5	108787	0.00332967244760294
AL	01129	23.6	24.4318269952255	6	123050	0.00332967244760294
AL	01129	24.7	29.9059385026748	7	129762	0.00332967244760294
AL	01129	29.8	34.6312847955372	8	139991	0.00332967244760294
AL	01129	40.4	38.318439510265	9	157298	0.00332967244760294
AL	01129	42.1	40.9751920005259	10	163083	0.00332967244760294
AL	01129	43	42.7815643837197	11	166627	0.00332967244760294
AL	01129	43.9	43.9618010590002	12	170211	0.00332967244760294
AL	01129	44.8	44.7129975882667	13	185065	0.00332967244760294
AL	01129	45.5	45.1831754619482	14	186782	0.00332967244760294
AL	01129	45.8	45.4743829633177	15	187910	0.00332967244760294
AL	01129	46	45.6535705412323	16	188916	0.00332967244760294
AL	01129	46.2	45.7633867847065	17	189738	0.00332967244760294
AL	01131	0	1.25229350065729	0	75	0.00211556365913177
AL	01131	0	2.0739090613431	1	4230	0.00211556365913177
AL	01131	4.5	3.40303418018551	2	18399	0.00211556365913177
AL	01131	15.9	5.50222194655877	3	42200	0.00211556365913177
AL	01131	22.2	8.69526556611212	4	87547	0.00211556365913177
AL	01131	25.6	13.2846411284792	5	108787	0.00211556365913177
AL	01131	27.9	19.3710461526914	6	123050	0.00211556365913177
AL	01131	29.8	26.6356364529841	7	129762	0.00211556365913177
AL	01131	35.5	34.2912134667713	8	139991	0.00211556365913177
AL	01131	44.8	41.369578833501	9	157298	0.00211556365913177
AL	01131	47	47.16533446771	10	163083	0.00211556365913177
AL	01131	48.7	51.4568338280945	11	166627	0.00211556365913177
AL	01131	50.2	54.4036367450057	12	170211	0.00211556365913177
AL	01131	51.9	56.3237947323389	13	185065	0.00211556365913177
AL	01131	52.8	57.5326105579006	14	186782	0.00211556365913177
AL	01131	53.7	58.277177525844	15	187910	0.00211556365913177
AL	01131	53.9	58.7296415565865	16	188916	0.00211556365913177
AL	01131	54.1	59.0023457736384	17	189738	0.00211556365913177
AL	01133	0	2.69964597868166	0	75	0.00481911247485053
AL	01133	0.5	4.14758259189016	1	4230	0.00481911247485053
AL	01133	3.8	6.19154494991841	2	18399	0.00481911247485053
AL	01133	6.7	8.88728568140769	3	42200	0.00481911247485053
AL	01133	9.7	12.1408491484118	4	87547	0.00481911247485053
AL	01133	12	15.6723088330933	5	108787	0.00481911247485053
AL	01133	13.3	19.0900904090104	6	123050	0.00481911247485053
AL	01133	13.8	22.0497843150659	7	129762	0.00481911247485053
AL	01133	15.5	24.3758958100382	8	139991	0.00481911247485053
AL	01133	18.8	26.0685747832721	9	157298	0.00481911247485053
AL	01133	19.9	27.2325212185076	10	163083	0.00481911247485053
AL	01133	20.4	28.002071490275	11	166627	0.00481911247485053
AL	01133	21.2	28.4977392633919	12	170211	0.00481911247485053
AL	01133	21.5	28.8116453326294	13	185065	0.00481911247485053
AL	01133	21.8	29.0083175318425	14	186782	0.00481911247485053
AL	01133	21.9	29.1307106850213	15	187910	0.00481911247485053
AL	01133	22	29.2065590294794	16	188916	0.00481911247485053
AL	01133	22.1	29.2534407033256	17	189738	0.00481911247485053
