1350	6
05001	0	610	0	106	0.00579427954897005
05001	347	959	1	63323	0.00579427954897005
05001	1369	1472	2	240332	0.00579427954897005
05001	3138	2182	3	453422	0.00579427954897005
05001	5265	3088	4	792147	0.00579427954897005
05001	5785	4130	5	945957	0.00579427954897005
05001	6200	5197	6	1039832	0.00579427954897005
05001	6543	6167	7	1106383	0.00579427954897005
05001	7758	6955	8	1261816	0.00579427954897005
05001	8545	7542	9	1378871	0.00579427954897005
05001	8845	7949	10	1450592	0.00579427954897005
05001	9059	8220	11	1490934	0.00579427954897005
05001	9273	8393	12	1545587	0.00579427954897005
05001	9492	8502	13	1591771	0.00579427954897005
05001	9625	8570	14	1614916	0.00579427954897005
05001	9721	8612	15	1629033	0.00579427954897005
05001	9785	8637	16	1642395	0.00579427954897005
05001	9832	8653	17	1653127	0.00579427954897005
05003	0	658	0	106	0.00651367683255771
05003	258	1032	1	63323	0.00651367683255771
05003	1367	1580	2	240332	0.00651367683255771
05003	2498	2334	3	453422	0.00651367683255771
05003	4580	3293	4	792147	0.00651367683255771
05003	5673	4392	5	945957	0.00651367683255771
05003	6207	5513	6	1039832	0.00651367683255771
05003	6515	6528	7	1106383	0.00651367683255771
05003	7593	7353	8	1261816	0.00651367683255771
05003	8514	7967	9	1378871	0.00651367683255771
05003	8904	8394	10	1450592	0.00651367683255771
05003	9087	8678	11	1490934	0.00651367683255771
05003	9339	8860	12	1545587	0.00651367683255771
05003	9561	8975	13	1591771	0.00651367683255771
05003	9717	9046	14	1614916	0.00651367683255771
05003	9794	9090	15	1629033	0.00651367683255771
05003	9856	9117	16	1642395	0.00651367683255771
05003	9903	9134	17	1653127	0.00651367683255771
05005	0	523	0	106	0.0138948719002294
05005	860	942	1	63323	0.0138948719002294
05005	3648	1668	2	240332	0.0138948719002294
05005	5989	2866	3	453422	0.0138948719002294
05005	10996	4692	4	792147	0.0138948719002294
05005	12674	7168	5	945957	0.0138948719002294
05005	13562	10040	6	1039832	0.0138948719002294
05005	14295	12827	7	1106383	0.0138948719002294
05005	16285	15099	8	1261816	0.0138948719002294
05005	17408	16703	9	1378871	0.0138948719002294
05005	18190	17724	10	1450592	0.0138948719002294
05005	18550	18332	11	1490934	0.0138948719002294
05005	18972	18679	12	1545587	0.0138948719002294
05005	19274	18872	13	1591771	0.0138948719002294
05005	19452	18979	14	1614916	0.0138948719002294
05005	19582	19037	15	1629033	0.0138948719002294
05005	19703	19069	16	1642395	0.0138948719002294
05005	19811	19087	17	1653127	0.0138948719002294
05007	0	1768	0	106	0.09249805487699
05007	4058	3172	1	63323	0.09249805487699
05007	14696	5648	2	240332	0.09249805487699
05007	30238	9922	3	453422	0.09249805487699
05007	63930	17041	4	792147	0.09249805487699
05007	83190	28220	5	945957	0.09249805487699
05007	95330	44239	6	1039832	0.09249805487699
05007	101271	64427	7	1106383	0.09249805487699
05007	112945	86123	8	1261816	0.09249805487699
05007	122634	105788	9	1378871	0.09249805487699
05007	129570	121046	10	1450592	0.09249805487699
05007	133608	131517	11	1490934	0.09249805487699
05007	139899	138112	12	1545587	0.09249805487699
05007	144848	142043	13	1591771	0.09249805487699
05007	146973	144311	14	1614916	0.09249805487699
05007	148006	145595	15	1629033	0.09249805487699
05007	149503	146313	16	1642395	0.09249805487699
05007	150484	146712	17	1653127	0.09249805487699
05009	0	472	0	106	0.0124037213815079
05009	614	805	1	63323	0.0124037213815079
05009	2565	1351	2	240332	0.0124037213815079
05009	4666	2209	3	453422	0.0124037213815079
05009	7101	3476	4	792147	0.0124037213815079
05009	8181	5175	5	945957	0.0124037213815079
05009	8915	7190	6	1039832	0.0124037213815079
05009	9432	9255	7	1106383	0.0124037213815079
05009	10923	11078	8	1261816	0.0124037213815079
05009	12005	12487	9	1378871	0.0124037213815079
05009	12502	13468	10	1450592	0.0124037213815079
05009	12863	14104	11	1490934	0.0124037213815079
05009	13316	14496	12	1545587	0.0124037213815079
05009	13649	14730	13	1591771	0.0124037213815079
05009	13785	14868	14	1614916	0.0124037213815079
05009	13946	14948	15	1629033	0.0124037213815079
05009	14044	14994	16	1642395	0.0124037213815079
05009	14119	15021	17	1653127	0.0124037213815079
05011	0	335	0	106	0.00356650067400003
05011	138	538	1	63323	0.00356650067400003
05011	876	844	2	240332	0.00356650067400003
05011	1799	1281	3	453422	0.00356650067400003
05011	3045	1853	4	792147	0.00356650067400003
05011	3650	2528	5	945957	0.00356650067400003
05011	3904	3232	6	1039832	0.00356650067400003
05011	4253	3878	7	1106383	0.00356650067400003
05011	4811	4404	8	1261816	0.00356650067400003
05011	5320	4793	9	1378871	0.00356650067400003
05011	5560	5060	10	1450592	0.00356650067400003
05011	5634	5234	11	1490934	0.00356650067400003
05011	5796	5344	12	1545587	0.00356650067400003
05011	5944	5412	13	1591771	0.00356650067400003
05011	6030	5454	14	1614916	0.00356650067400003
05011	6102	5479	15	1629033	0.00356650067400003
05011	6144	5494	16	1642395	0.00356650067400003
05011	6168	5503	17	1653127	0.00356650067400003
05013	0	124	0	106	0.00171946223147693
05013	0	201	1	63323	0.00171946223147693
05013	320	318	2	240332	0.00171946223147693
05013	610	486	3	453422	0.00171946223147693
05013	971	708	4	792147	0.00171946223147693
05013	1106	970	5	945957	0.00171946223147693
05013	1160	1243	6	1039832	0.00171946223147693
05013	1232	1493	7	1106383	0.00171946223147693
05013	1485	1694	8	1261816	0.00171946223147693
05013	1631	1842	9	1378871	0.00171946223147693
05013	1713	1942	10	1450592	0.00171946223147693
05013	1780	2007	11	1490934	0.00171946223147693
05013	1813	2047	12	1545587	0.00171946223147693
05013	1882	2072	13	1591771	0.00171946223147693
05013	1907	2087	14	1614916	0.00171946223147693
05013	1920	2096	15	1629033	0.00171946223147693
05013	1933	2101	16	1642395	0.00171946223147693
05013	1944	2104	17	1653127	0.00171946223147693
05015	0	561	0	106	0.00940418927140397
05015	210	931	1	63323	0.00940418927140397
05015	1204	1519	2	240332	0.00940418927140397
05015	4360	2408	3	453422	0.00940418927140397
05015	6563	3663	4	792147	0.00940418927140397
05015	7662	5272	5	945957	0.00940418927140397
05015	8218	7097	6	1039832	0.00940418927140397
05015	8623	8901	7	1106383	0.00940418927140397
05015	9557	10457	8	1261816	0.00940418927140397
05015	10846	11649	9	1378871	0.00940418927140397
05015	11935	12482	10	1450592	0.00940418927140397
05015	12262	13027	11	1490934	0.00940418927140397
05015	12655	13369	12	1545587	0.00940418927140397
05015	13196	13578	13	1591771	0.00940418927140397
05015	13342	13703	14	1614916	0.00940418927140397
05015	13467	13777	15	1629033	0.00940418927140397
05015	13584	13821	16	1642395	0.00940418927140397
05015	13661	13847	17	1653127	0.00940418927140397
05017	0	178	0	106	0.00335276909964994
05017	176	306	1	63323	0.00335276909964994
05017	623	516	2	240332	0.00335276909964994
05017	1566	847	3	453422	0.00335276909964994
05017	2983	1336	4	792147	0.00335276909964994
05017	3360	1991	5	945957	0.00335276909964994
05017	3695	2761	6	1039832	0.00335276909964994
05017	3890	3542	7	1106383	0.00335276909964994
05017	4309	4222	8	1261816	0.00335276909964994
05017	4837	4740	9	1378871	0.00335276909964994
05017	5076	5097	10	1450592	0.00335276909964994
05017	5177	5325	11	1490934	0.00335276909964994
05017	5314	5464	12	1545587	0.00335276909964994
05017	5402	5546	13	1591771	0.00335276909964994
05017	5461	5595	14	1614916	0.00335276909964994
05017	5496	5622	15	1629033	0.00335276909964994
05017	5533	5638	16	1642395	0.00335276909964994
05017	5560	5648	17	1653127	0.00335276909964994
05019	0	526	0	106	0.00739610657285894
05019	236	866	1	63323	0.00739610657285894
05019	1934	1397	2	240332	0.00739610657285894
05019	3841	2185	3	453422	0.00739610657285894
05019	5935	3269	4	792147	0.00739610657285894
05019	6737	4613	5	945957	0.00739610657285894
05019	7267	6082	6	1039832	0.00739610657285894
05019	7695	7483	7	1106383	0.00739610657285894
05019	8847	8654	8	1261816	0.00739610657285894
05019	9625	9531	9	1378871	0.00739610657285894
05019	9957	10134	10	1450592	0.00739610657285894
05019	10114	10525	11	1490934	0.00739610657285894
05019	10361	10770	12	1545587	0.00739610657285894
05019	10609	10919	13	1591771	0.00739610657285894
05019	10771	11008	14	1614916	0.00739610657285894
05019	10855	11062	15	1629033	0.00739610657285894
05019	10931	11093	16	1642395	0.00739610657285894
05019	10987	11112	17	1653127	0.00739610657285894
05021	0	432	0	106	0.00482171804398165
05021	300	710	1	63323	0.00482171804398165
05021	1473	1132	2	240332	0.00482171804398165
05021	2467	1728	3	453422	0.00482171804398165
05021	3846	2486	4	792147	0.00482171804398165
05021	4252	3335	5	945957	0.00482171804398165
05021	4553	4159	6	1039832	0.00482171804398165
05021	4772	4855	7	1106383	0.00482171804398165
05021	5310	5377	8	1261816	0.00482171804398165
05021	5823	5734	9	1378871	0.00482171804398165
05021	6077	5965	10	1450592	0.00482171804398165
05021	6195	6107	11	1490934	0.00482171804398165
05021	6308	6192	12	1545587	0.00482171804398165
05021	6475	6243	13	1591771	0.00482171804398165
05021	6575	6273	14	1614916	0.00482171804398165
05021	6625	6290	15	1629033	0.00482171804398165
05021	6663	6301	16	1642395	0.00482171804398165
05021	6694	6306	17	1653127	0.00482171804398165
05023	0	508	0	106	0.00825732883911613
05023	220	909	1	63323	0.00825732883911613
05023	1794	1580	2	240332	0.00825732883911613
05023	3599	2614	3	453422	0.00825732883911613
05023	5842	4031	4	792147	0.00825732883911613
05023	6971	5683	5	945957	0.00825732883911613
05023	7466	7285	6	1039832	0.00825732883911613
05023	7883	8584	7	1106383	0.00825732883911613
05023	8993	9492	8	1261816	0.00825732883911613
05023	9690	10063	9	1378871	0.00825732883911613
05023	9993	10399	10	1450592	0.00825732883911613
05023	10178	10588	11	1490934	0.00825732883911613
05023	10387	10693	12	1545587	0.00825732883911613
05023	10816	10750	13	1591771	0.00825732883911613
05023	10980	10781	14	1614916	0.00825732883911613
05023	11026	10797	15	1629033	0.00825732883911613
05023	11107	10806	16	1642395	0.00825732883911613
05023	11160	10811	17	1653127	0.00825732883911613
05025	0	188	0	106	0.00263635411709972
05025	206	298	1	63323	0.00263635411709972
05025	829	464	2	240332	0.00263635411709972
05025	1413	704	3	453422	0.00263635411709972
05025	2231	1029	4	792147	0.00263635411709972
05025	2457	1433	5	945957	0.00263635411709972
05025	2582	1888	6	1039832	0.00263635411709972
05025	2767	2342	7	1106383	0.00263635411709972
05025	3324	2746	8	1261816	0.00263635411709972
05025	3636	3071	9	1378871	0.00263635411709972
05025	3789	3310	10	1450592	0.00263635411709972
05025	3883	3475	11	1490934	0.00263635411709972
05025	3964	3585	12	1545587	0.00263635411709972
05025	4061	3656	13	1591771	0.00263635411709972
05025	4154	3700	14	1614916	0.00263635411709972
05025	4196	3728	15	1629033	0.00263635411709972
05025	4227	3745	16	1642395	0.00263635411709972
05025	4243	3756	17	1653127	0.00263635411709972
05027	0	674	0	106	0.00777287060392259
05027	191	1052	1	63323	0.00777287060392259
05027	1313	1610	2	240332	0.00777287060392259
05027	3356	2394	3	453422	0.00777287060392259
05027	5469	3423	4	792147	0.00777287060392259
05027	6274	4661	5	945957	0.00777287060392259
05027	6789	6002	6	1039832	0.00777287060392259
05027	7166	7300	7	1106383	0.00777287060392259
05027	8466	8425	8	1261816	0.00777287060392259
05027	9498	9311	9	1378871	0.00777287060392259
05027	10071	9958	10	1450592	0.00777287060392259
05027	10477	10405	11	1490934	0.00777287060392259
05027	10712	10702	12	1545587	0.00777287060392259
05027	11146	10894	13	1591771	0.00777287060392259
05027	11274	11016	14	1614916	0.00777287060392259
05027	11372	11092	15	1629033	0.00777287060392259
05027	11439	11140	16	1642395	0.00777287060392259
05027	11510	11170	17	1653127	0.00777287060392259
05029	0	655	0	106	0.00690767193628214
05029	266	1068	1	63323	0.00690767193628214
05029	1571	1696	2	240332	0.00690767193628214
05029	3499	2588	3	453422	0.00690767193628214
05029	6121	3744	4	792147	0.00690767193628214
05029	7068	5075	5	945957	0.00690767193628214
05029	7661	6412	6	1039832	0.00690767193628214
05029	8107	7585	7	1106383	0.00690767193628214
05029	9160	8498	8	1261816	0.00690767193628214
05029	9857	9143	9	1378871	0.00690767193628214
05029	10140	9570	10	1450592	0.00690767193628214
05029	10323	9840	11	1490934	0.00690767193628214
05029	10678	10005	12	1545587	0.00690767193628214
05029	10973	10105	13	1591771	0.00690767193628214
05029	11102	10164	14	1614916	0.00690767193628214
05029	11174	10199	15	1629033	0.00690767193628214
05029	11231	10220	16	1642395	0.00690767193628214
05029	11301	10232	17	1653127	0.00690767193628214
05031	0	2475	0	106	0.0365603597847972
05031	3378	3723	1	63323	0.0365603597847972
05031	9919	5531	2	240332	0.0365603597847972
05031	15033	8067	3	453422	0.0365603597847972
05031	24006	11474	4	792147	0.0365603597847972
05031	27090	15797	5	945957	0.0365603597847972
05031	29626	20895	6	1039832	0.0365603597847972
05031	31386	26417	7	1106383	0.0365603597847972
05031	36709	31872	8	1261816	0.0365603597847972
05031	40973	36794	9	1378871	0.0365603597847972
05031	43602	40883	10	1450592	0.0365603597847972
05031	45238	44053	11	1490934	0.0365603597847972
05031	47034	46384	12	1545587	0.0365603597847972
05031	48633	48029	13	1591771	0.0365603597847972
05031	49352	49158	14	1614916	0.0365603597847972
05031	49838	49919	15	1629033	0.0365603597847972
05031	50233	50424	16	1642395	0.0365603597847972
05031	50552	50756	17	1653127	0.0365603597847972
05033	0	1252	0	106	0.0209612685250599
05033	992	2016	1	63323	0.0209612685250599
05033	3835	3191	2	240332	0.0209612685250599
05033	7384	4924	3	453422	0.0209612685250599
05033	12403	7327	4	792147	0.0209612685250599
05033	14846	10387	5	945957	0.0209612685250599
05033	16573	13888	6	1039832	0.0209612685250599
05033	18276	17437	7	1106383	0.0209612685250599
05033	22721	20618	8	1261816	0.0209612685250599
05033	24973	23170	9	1378871	0.0209612685250599
05033	26096	25041	10	1450592	0.0209612685250599
05033	26700	26325	11	1490934	0.0209612685250599
05033	27443	27166	12	1545587	0.0209612685250599
05033	28200	27700	13	1591771	0.0209612685250599
05033	28562	28032	14	1614916	0.0209612685250599
05033	28806	28237	15	1629033	0.0209612685250599
05033	29018	28362	16	1642395	0.0209612685250599
05033	29185	28438	17	1653127	0.0209612685250599
05035	0	586	0	106	0.0158906940278428
05035	522	933	1	63323	0.0158906940278428
05035	2336	1474	2	240332	0.0158906940278428
05035	5603	2298	3	453422	0.0158906940278428
05035	8997	3514	4	792147	0.0158906940278428
05035	10770	5224	5	945957	0.0158906940278428
05035	12045	7475	6	1039832	0.0158906940278428
05035	13241	10193	7	1106383	0.0158906940278428
05035	15427	13153	8	1261816	0.0158906940278428
05035	17296	16033	9	1378871	0.0158906940278428
05035	18326	18546	10	1450592	0.0158906940278428
05035	19043	20538	11	1490934	0.0158906940278428
05035	20081	22001	12	1545587	0.0158906940278428
05035	20684	23015	13	1591771	0.0158906940278428
05035	21109	23691	14	1614916	0.0158906940278428
05035	21444	24129	15	1629033	0.0158906940278428
05035	21635	24409	16	1642395	0.0158906940278428
05035	21810	24585	17	1653127	0.0158906940278428
05037	0	412	0	106	0.00544071119264207
05037	211	681	1	63323	0.00544071119264207
05037	1232	1098	2	240332	0.00544071119264207
05037	2369	1711	3	453422	0.00544071119264207
05037	4135	2540	4	792147	0.00544071119264207
05037	4771	3543	5	945957	0.00544071119264207
05037	5090	4604	6	1039832	0.00544071119264207
05037	5385	5580	7	1106383	0.00544071119264207
05037	6410	6369	8	1261816	0.00544071119264207
05037	7299	6943	9	1378871	0.00544071119264207
05037	7702	7328	10	1450592	0.00544071119264207
05037	7880	7574	11	1490934	0.00544071119264207
05037	8054	7725	12	1545587	0.00544071119264207
05037	8220	7816	13	1591771	0.00544071119264207
05037	8288	7870	14	1614916	0.00544071119264207
05037	8340	7902	15	1629033	0.00544071119264207
05037	8385	7921	16	1642395	0.00544071119264207
05037	8416	7932	17	1653127	0.00544071119264207
05039	0	197	0	106	0.00232254977460431
05039	98	318	1	63323	0.00232254977460431
05039	686	502	2	240332	0.00232254977460431
05039	1249	769	3	453422	0.00232254977460431
05039	2170	1127	4	792147	0.00232254977460431
05039	2402	1562	5	945957	0.00232254977460431
05039	2546	2031	6	1039832	0.00232254977460431
05039	2700	2476	7	1106383	0.00232254977460431
05039	3189	2850	8	1261816	0.00232254977460431
05039	3505	3133	9	1378871	0.00232254977460431
05039	3624	3331	10	1450592	0.00232254977460431
05039	3710	3462	11	1490934	0.00232254977460431
05039	3795	3545	12	1545587	0.00232254977460431
05039	3874	3597	13	1591771	0.00232254977460431
05039	3915	3629	14	1614916	0.00232254977460431
05039	3952	3648	15	1629033	0.00232254977460431
05039	3975	3660	16	1642395	0.00232254977460431
05039	3985	3667	17	1653127	0.00232254977460431
05041	0	232	0	106	0.00376465800959903
05041	171	380	1	63323	0.00376465800959903
05041	993	614	2	240332	0.00376465800959903
05041	2041	968	3	453422	0.00376465800959903
05041	3528	1477	4	792147	0.00376465800959903
05041	3966	2149	5	945957	0.00376465800959903
05041	4225	2950	6	1039832	0.00376465800959903
05041	4481	3791	7	1106383	0.00376465800959903
05041	5178	4566	8	1261816	0.00376465800959903
05041	5744	5199	9	1378871	0.00376465800959903
05041	5959	5668	10	1450592	0.00376465800959903
05041	6137	5989	11	1490934	0.00376465800959903
05041	6398	6198	12	1545587	0.00376465800959903
05041	6616	6330	13	1591771	0.00376465800959903
05041	6738	6411	14	1614916	0.00376465800959903
05041	6796	6461	15	1629033	0.00376465800959903
05041	6828	6491	16	1642395	0.00376465800959903
05041	6859	6509	17	1653127	0.00376465800959903
05043	0	519	0	106	0.00603717140013069
05043	352	824	1	63323	0.00603717140013069
05043	1512	1280	2	240332	0.00603717140013069
05043	2788	1927	3	453422	0.00603717140013069
05043	4593	2776	4	792147	0.00603717140013069
05043	5254	3790	5	945957	0.00603717140013069
05043	5602	4869	6	1039832	0.00603717140013069
05043	5917	5884	7	1106383	0.00603717140013069
05043	6886	6736	8	1261816	0.00603717140013069
05043	7640	7384	9	1378871	0.00603717140013069
05043	7908	7842	10	1450592	0.00603717140013069
05043	8061	8149	11	1490934	0.00603717140013069
05043	8291	8347	12	1545587	0.00603717140013069
05043	8504	8471	13	1591771	0.00603717140013069
05043	8630	8549	14	1614916	0.00603717140013069
05043	8718	8596	15	1629033	0.00603717140013069
05043	8757	8626	16	1642395	0.00603717140013069
05043	8805	8643	17	1653127	0.00603717140013069
05045	0	858	0	106	0.0417545340916773
05045	2867	1482	1	63323	0.0417545340916773
05045	11030	2541	2	240332	0.0417545340916773
05045	19599	4306	3	453422	0.0417545340916773
05045	32422	7155	4	792147	0.0417545340916773
05045	37764	11530	5	945957	0.0417545340916773
05045	40909	17754	6	1039832	0.0417545340916773
05045	43339	25712	7	1106383	0.0417545340916773
05045	49732	34606	8	1261816	0.0417545340916773
05045	53382	43169	9	1378871	0.0417545340916773
05045	55115	50306	10	1450592	0.0417545340916773
05045	56319	55574	11	1490934	0.0417545340916773
05045	58366	59125	12	1545587	0.0417545340916773
05045	62859	61373	13	1591771	0.0417545340916773
05045	63889	62741	14	1614916	0.0417545340916773
05045	64374	63553	15	1629033	0.0417545340916773
05045	64837	64028	16	1642395	0.0417545340916773
05045	65170	64304	17	1653127	0.0417545340916773
05047	0	550	0	106	0.00587016254203388
05047	346	886	1	63323	0.00587016254203388
05047	1908	1389	2	240332	0.00587016254203388
05047	3030	2093	3	453422	0.00587016254203388
05047	4588	2992	4	792147	0.00587016254203388
05047	5204	4012	5	945957	0.00587016254203388
05047	5579	5026	6	1039832	0.00587016254203388
05047	5901	5911	7	1106383	0.00587016254203388
05047	6847	6599	8	1261816	0.00587016254203388
05047	7611	7088	9	1378871	0.00587016254203388
05047	7914	7413	10	1450592	0.00587016254203388
05047	8051	7620	11	1490934	0.00587016254203388
05047	8205	7749	12	1545587	0.00587016254203388
05047	8420	7826	13	1591771	0.00587016254203388
05047	8519	7873	14	1614916	0.00587016254203388
05047	8569	7901	15	1629033	0.00587016254203388
05047	8612	7918	16	1642395	0.00587016254203388
05047	8633	7928	17	1653127	0.00587016254203388
05049	0	296	0	106	0.00413446333824198
05049	0	490	1	63323	0.00413446333824198
05049	690	788	2	240332	0.00413446333824198
05049	1221	1214	3	453422	0.00413446333824198
05049	2105	1767	4	792147	0.00413446333824198
05049	2527	2397	5	945957	0.00413446333824198
05049	2674	3021	6	1039832	0.00413446333824198
05049	2822	3556	7	1106383	0.00413446333824198
05049	3182	3961	8	1261816	0.00413446333824198
05049	3508	4240	9	1378871	0.00413446333824198
05049	3654	4420	10	1450592	0.00413446333824198
05049	3740	4532	11	1490934	0.00413446333824198
05049	3836	4599	12	1545587	0.00413446333824198
05049	3960	4638	13	1591771	0.00413446333824198
05049	4004	4662	14	1614916	0.00413446333824198
05049	4039	4675	15	1629033	0.00413446333824198
05049	4074	4683	16	1642395	0.00413446333824198
05049	4089	4687	17	1653127	0.00413446333824198
05051	0	2188	0	106	0.0329332189897024
05051	2000	3424	1	63323	0.0329332189897024
05051	8277	5274	2	240332	0.0329332189897024
05051	15938	7936	3	453422	0.0329332189897024
05051	24235	11558	4	792147	0.0329332189897024
05051	27739	16130	5	945957	0.0329332189897024
05051	29917	21381	6	1039832	0.0329332189897024
05051	31437	26800	7	1106383	0.0329332189897024
05051	35440	31804	8	1261816	0.0329332189897024
05051	39031	35976	9	1378871	0.0329332189897024
05051	40856	39166	10	1450592	0.0329332189897024
05051	41752	41448	11	1490934	0.0329332189897024
05051	43049	43004	12	1545587	0.0329332189897024
05051	44144	44031	13	1591771	0.0329332189897024
05051	44676	44693	14	1614916	0.0329332189897024
05051	44938	45115	15	1629033	0.0329332189897024
05051	45331	45380	16	1642395	0.0329332189897024
05051	45632	45547	17	1653127	0.0329332189897024
05053	0	191	0	106	0.00605241427209985
05053	286	326	1	63323	0.00605241427209985
05053	1069	547	2	240332	0.00605241427209985
05053	2311	901	3	453422	0.00605241427209985
05053	3980	1440	4	792147	0.00605241427209985
05053	4812	2202	5	945957	0.00605241427209985
05053	5253	3173	6	1039832	0.00605241427209985
05053	5662	4258	7	1106383	0.00605241427209985
05053	6643	5307	8	1261816	0.00605241427209985
05053	7258	6189	9	1378871	0.00605241427209985
05053	7552	6846	10	1450592	0.00605241427209985
05053	7841	7294	11	1490934	0.00605241427209985
05053	8106	7581	12	1545587	0.00605241427209985
05053	8181	7757	13	1591771	0.00605241427209985
05053	8280	7863	14	1614916	0.00605241427209985
05053	8336	7926	15	1629033	0.00605241427209985
05053	8388	7962	16	1642395	0.00605241427209985
05053	8426	7983	17	1653127	0.00605241427209985
05055	0	1290	0	106	0.0150191993913455
05055	973	2076	1	63323	0.0150191993913455
05055	3847	3254	2	240332	0.0150191993913455
05055	6207	4910	3	453422	0.0150191993913455
05055	10135	7041	4	792147	0.0150191993913455
05055	11489	9489	5	945957	0.0150191993913455
05055	12395	11963	6	1039832	0.0150191993913455
05055	13177	14157	7	1106383	0.0150191993913455
05055	15236	15890	8	1261816	0.0150191993913455
05055	16895	17137	9	1378871	0.0150191993913455
05055	17644	17975	10	1450592	0.0150191993913455
05055	18053	18514	11	1490934	0.0150191993913455
05055	18563	18850	12	1545587	0.0150191993913455
05055	18987	19055	13	1591771	0.0150191993913455
05055	19281	19180	14	1614916	0.0150191993913455
05055	19451	19254	15	1629033	0.0150191993913455
05055	19586	19299	16	1642395	0.0150191993913455
05055	19692	19326	17	1653127	0.0150191993913455
05057	0	555	0	106	0.0071349895486917
05057	85	843	1	63323	0.0071349895486917
05057	574	1261	2	240332	0.0071349895486917
05057	1567	1841	3	453422	0.0071349895486917
05057	2655	2605	4	792147	0.0071349895486917
05057	3649	3540	5	945957	0.0071349895486917
05057	3971	4589	6	1039832	0.0071349895486917
05057	4295	5657	7	1106383	0.0071349895486917
05057	5037	6642	8	1261816	0.0071349895486917
05057	6060	7470	9	1378871	0.0071349895486917
05057	7300	8114	10	1450592	0.0071349895486917
05057	7697	8585	11	1490934	0.0071349895486917
05057	7980	8915	12	1545587	0.0071349895486917
05057	8380	9139	13	1591771	0.0071349895486917
05057	8523	9288	14	1614916	0.0071349895486917
05057	8608	9385	15	1629033	0.0071349895486917
05057	8679	9448	16	1642395	0.0071349895486917
05057	8785	9488	17	1653127	0.0071349895486917
05059	0	1156	0	106	0.0111905875928324
05059	432	1799	1	63323	0.0111905875928324
05059	2373	2726	2	240332	0.0111905875928324
05059	4534	3979	3	453422	0.0111905875928324
05059	7380	5531	4	792147	0.0111905875928324
05059	8556	7263	5	945957	0.0111905875928324
05059	9234	8982	6	1039832	0.0111905875928324
05059	9912	10500	7	1106383	0.0111905875928324
05059	11590	11709	8	1261816	0.0111905875928324
05059	12724	12596	9	1378871	0.0111905875928324
05059	13170	13207	10	1450592	0.0111905875928324
05059	13423	13610	11	1490934	0.0111905875928324
05059	13763	13869	12	1545587	0.0111905875928324
05059	14069	14032	13	1591771	0.0111905875928324
05059	14225	14134	14	1614916	0.0111905875928324
05059	14324	14196	15	1629033	0.0111905875928324
05059	14422	14235	16	1642395	0.0111905875928324
05059	14476	14259	17	1653127	0.0111905875928324
05061	0	462	0	106	0.00437470425514712
05061	148	704	1	63323	0.00437470425514712
05061	880	1051	2	240332	0.00437470425514712
05061	1951	1523	3	453422	0.00437470425514712
05061	3274	2126	4	792147	0.00437470425514712
05061	3712	2832	5	945957	0.00437470425514712
05061	3987	3582	6	1039832	0.00437470425514712
05061	4224	4300	7	1106383	0.00437470425514712
05061	4935	4922	8	1261816	0.00437470425514712
05061	6010	5415	9	1378871	0.00437470425514712
05061	6554	5781	10	1450592	0.00437470425514712
05061	6698	6037	11	1490934	0.00437470425514712
05061	6835	6211	12	1545587	0.00437470425514712
05061	6982	6326	13	1591771	0.00437470425514712
05061	7095	6400	14	1614916	0.00437470425514712
05061	7152	6448	15	1629033	0.00437470425514712
05061	7198	6479	16	1642395	0.00437470425514712
05061	7247	6498	17	1653127	0.00437470425514712
05063	0	1388	0	106	0.0125339485268096
05063	583	2095	1	63323	0.0125339485268096
05063	2353	3083	2	240332	0.0125339485268096
05063	4079	4385	3	453422	0.0125339485268096
05063	6794	5972	4	792147	0.0125339485268096
05063	7800	7732	5	945957	0.0125339485268096
05063	9432	9492	6	1039832	0.0125339485268096
05063	10101	11078	7	1106383	0.0125339485268096
05063	11953	12380	8	1261816	0.0125339485268096
05063	13076	13369	9	1378871	0.0125339485268096
05063	13579	14076	10	1450592	0.0125339485268096
05063	14104	14560	11	1490934	0.0125339485268096
05063	14624	14882	12	1545587	0.0125339485268096
05063	15118	15093	13	1591771	0.0125339485268096
05063	15381	15228	14	1614916	0.0125339485268096
05063	15544	15314	15	1629033	0.0125339485268096
05063	15692	15369	16	1642395	0.0125339485268096
05063	15773	15404	17	1653127	0.0125339485268096
05065	0	376	0	106	0.0045161978710347
05065	145	599	1	63323	0.0045161978710347
05065	1215	929	2	240332	0.0045161978710347
05065	1814	1388	3	453422	0.0045161978710347
05065	2581	1976	4	792147	0.0045161978710347
05065	3000	2649	5	945957	0.0045161978710347
05065	3272	3332	6	1039832	0.0045161978710347
05065	3472	3942	7	1106383	0.0045161978710347
05065	4006	4430	8	1261816	0.0045161978710347
05065	4440	4786	9	1378871	0.0045161978710347
05065	4625	5028	10	1450592	0.0045161978710347
05065	4764	5186	11	1490934	0.0045161978710347
05065	4912	5286	12	1545587	0.0045161978710347
05065	5045	5348	13	1591771	0.0045161978710347
05065	5099	5386	14	1614916	0.0045161978710347
05065	5143	5409	15	1629033	0.0045161978710347
05065	5195	5423	16	1642395	0.0045161978710347
05065	5220	5431	17	1653127	0.0045161978710347
05067	0	528	0	106	0.0055401212272235
05067	187	815	1	63323	0.0055401212272235
05067	1311	1227	2	240332	0.0055401212272235
05067	2368	1787	3	453422	0.0055401212272235
05067	3594	2489	4	792147	0.0055401212272235
05067	4025	3290	5	945957	0.0055401212272235
05067	4231	4107	6	1039832	0.0055401212272235
05067	4425	4852	7	1106383	0.0055401212272235
05067	5076	5467	8	1261816	0.0055401212272235
05067	5517	5932	9	1378871	0.0055401212272235
05067	5749	6261	10	1450592	0.0055401212272235
05067	5939	6484	11	1490934	0.0055401212272235
05067	6088	6630	12	1545587	0.0055401212272235
05067	6293	6724	13	1591771	0.0055401212272235
05067	6416	6783	14	1614916	0.0055401212272235
05067	6492	6821	15	1629033	0.0055401212272235
05067	6538	6844	16	1642395	0.0055401212272235
05067	6565	6858	17	1653127	0.0055401212272235
05069	0	685	0	106	0.0221432538362332
05069	1033	1101	1	63323	0.0221432538362332
05069	4349	1755	2	240332	0.0221432538362332
05069	8029	2766	3	453422	0.0221432538362332
05069	12736	4288	4	792147	0.0221432538362332
05069	15124	6482	5	945957	0.0221432538362332
05069	16708	9462	6	1039832	0.0221432538362332
05069	18095	13195	7	1106383	0.0221432538362332
05069	21439	17427	8	1261816	0.0221432538362332
05069	23699	21713	9	1378871	0.0221432538362332
05069	25421	25586	10	1450592	0.0221432538362332
05069	26480	28741	11	1490934	0.0221432538362332
05069	27935	31101	12	1545587	0.0221432538362332
05069	28767	32756	13	1591771	0.0221432538362332
05069	29293	33866	14	1614916	0.0221432538362332
05069	29627	34587	15	1629033	0.0221432538362332
05069	29914	35046	16	1642395	0.0221432538362332
05069	30127	35335	17	1653127	0.0221432538362332
05071	0	958	0	106	0.00880706633035147
05071	316	1469	1	63323	0.00880706633035147
05071	1599	2199	2	240332	0.00880706633035147
05071	3520	3183	3	453422	0.00880706633035147
05071	6340	4413	4	792147	0.00880706633035147
05071	7221	5809	5	945957	0.00880706633035147
05071	7868	7233	6	1039832	0.00880706633035147
05071	8411	8535	7	1106383	0.00880706633035147
05071	9639	9611	8	1261816	0.00880706633035147
05071	11104	10429	9	1378871	0.00880706633035147
05071	11791	11012	10	1450592	0.00880706633035147
05071	12088	11409	11	1490934	0.00880706633035147
05071	12397	11671	12	1545587	0.00880706633035147
05071	12711	11840	13	1591771	0.00880706633035147
05071	12870	11948	14	1614916	0.00880706633035147
05071	12991	12016	15	1629033	0.00880706633035147
05071	13074	12058	16	1642395	0.00880706633035147
05071	13133	12085	17	1653127	0.00880706633035147
05073	0	187	0	106	0.00219497356355814
05073	0	286	1	63323	0.00219497356355814
05073	445	429	2	240332	0.00219497356355814
05073	829	627	3	453422	0.00219497356355814
05073	1269	884	4	792147	0.00219497356355814
05073	1473	1193	5	945957	0.00219497356355814
05073	1585	1529	6	1039832	0.00219497356355814
05073	1655	1860	7	1106383	0.00219497356355814
05073	1904	2154	8	1261816	0.00219497356355814
05073	2254	2392	9	1378871	0.00219497356355814
05073	2512	2571	10	1450592	0.00219497356355814
05073	2580	2698	11	1490934	0.00219497356355814
05073	2626	2785	12	1545587	0.00219497356355814
05073	2680	2843	13	1591771	0.00219497356355814
05073	2728	2880	14	1614916	0.00219497356355814
05073	2753	2904	15	1629033	0.00219497356355814
05073	2776	2920	16	1642395	0.00219497356355814
05073	2801	2930	17	1653127	0.00219497356355814
05075	0	466	0	106	0.00543640342447687
05075	213	741	1	63323	0.00543640342447687
05075	1205	1151	2	240332	0.00543640342447687
05075	2092	1728	3	453422	0.00543640342447687
05075	3610	2478	4	792147	0.00543640342447687
05075	4118	3359	5	945957	0.00543640342447687
05075	4404	4277	6	1039832	0.00543640342447687
05075	4800	5123	7	1106383	0.00543640342447687
05075	5609	5818	8	1261816	0.00543640342447687
05075	6391	6337	9	1378871	0.00543640342447687
05075	6788	6698	10	1450592	0.00543640342447687
05075	7046	6937	11	1490934	0.00543640342447687
05075	7271	7089	12	1545587	0.00543640342447687
05075	7489	7185	13	1591771	0.00543640342447687
05075	7569	7243	14	1614916	0.00543640342447687
05075	7653	7279	15	1629033	0.00543640342447687
05075	7699	7301	16	1642395	0.00543640342447687
05075	7741	7315	17	1653127	0.00543640342447687
05077	0	140	0	106	0.00293491558762597
05077	62	233	1	63323	0.00293491558762597
05077	435	380	2	240332	0.00293491558762597
05077	958	605	3	453422	0.00293491558762597
05077	1645	930	4	792147	0.00293491558762597
05077	1869	1359	5	945957	0.00293491558762597
05077	2017	1868	6	1039832	0.00293491558762597
05077	2107	2397	7	1106383	0.00293491558762597
05077	2317	2877	8	1261816	0.00293491558762597
05077	2523	3262	9	1378871	0.00293491558762597
05077	2633	3541	10	1450592	0.00293491558762597
05077	2730	3729	11	1490934	0.00293491558762597
05077	2798	3849	12	1545587	0.00293491558762597
05077	2876	3924	13	1591771	0.00293491558762597
05077	2930	3969	14	1614916	0.00293491558762597
05077	2984	3996	15	1629033	0.00293491558762597
05077	3018	4013	16	1642395	0.00293491558762597
05077	3456	4022	17	1653127	0.00293491558762597
05079	0	282	0	106	0.00431572096796213
05079	104	435	1	63323	0.00431572096796213
05079	720	658	2	240332	0.00431572096796213
05079	1345	974	3	453422	0.00431572096796213
05079	2366	1395	4	792147	0.00431572096796213
05079	2696	1916	5	945957	0.00431572096796213
05079	2896	2504	6	1039832	0.00431572096796213
05079	3047	3104	7	1106383	0.00431572096796213
05079	3475	3654	8	1261816	0.00431572096796213
05079	3942	4114	9	1378871	0.00431572096796213
05079	4118	4467	10	1450592	0.00431572096796213
05079	4215	4723	11	1490934	0.00431572096796213
05079	4347	4899	12	1545587	0.00431572096796213
05079	4443	5016	13	1591771	0.00431572096796213
05079	4507	5093	14	1614916	0.00431572096796213
05079	4579	5143	15	1629033	0.00431572096796213
05079	4616	5175	16	1642395	0.00431572096796213
05079	4629	5195	17	1653127	0.00431572096796213
05081	0	198	0	106	0.00406222537977947
05081	56	305	1	63323	0.00406222537977947
05081	557	466	2	240332	0.00406222537977947
05081	1116	699	3	453422	0.00406222537977947
05081	1918	1026	4	792147	0.00406222537977947
05081	2226	1459	5	945957	0.00406222537977947
05081	2388	1993	6	1039832	0.00406222537977947
05081	2494	2595	7	1106383	0.00406222537977947
05081	2808	3210	8	1261816	0.00406222537977947
05081	3206	3778	9	1378871	0.00406222537977947
05081	4324	4256	10	1450592	0.00406222537977947
05081	4471	4628	11	1490934	0.00406222537977947
05081	4589	4899	12	1545587	0.00406222537977947
05081	4705	5089	13	1591771	0.00406222537977947
05081	4779	5217	14	1614916	0.00406222537977947
05081	4837	5301	15	1629033	0.00406222537977947
05081	4881	5357	16	1642395	0.00406222537977947
05081	4968	5392	17	1653127	0.00406222537977947
05083	0	868	0	106	0.00711311934108378
05083	435	1313	1	63323	0.00711311934108378
05083	1567	1933	2	240332	0.00711311934108378
05083	3021	2746	3	453422	0.00711311934108378
05083	4815	3727	4	792147	0.00711311934108378
05083	5734	4800	5	945957	0.00711311934108378
05083	6172	5855	6	1039832	0.00711311934108378
05083	6624	6790	7	1106383	0.00711311934108378
05083	7764	7543	8	1261816	0.00711311934108378
05083	8683	8107	9	1378871	0.00711311934108378
05083	9044	8504	10	1450592	0.00711311934108378
05083	9243	8774	11	1490934	0.00711311934108378
05083	9630	8951	12	1545587	0.00711311934108378
05083	9859	9066	13	1591771	0.00711311934108378
05083	9964	9140	14	1614916	0.00711311934108378
05083	10039	9186	15	1629033	0.00711311934108378
05083	10102	9216	16	1642395	0.00711311934108378
05083	10140	9234	17	1653127	0.00711311934108378
05085	0	635	0	106	0.024292167417102
05085	1361	1098	1	63323	0.024292167417102
05085	5234	1882	2	240332	0.024292167417102
05085	9337	3171	3	453422	0.024292167417102
05085	16310	5201	4	792147	0.024292167417102
05085	20139	8190	5	945957	0.024292167417102
05085	22288	12179	6	1039832	0.024292167417102
05085	23824	16857	7	1106383	0.024292167417102
05085	27818	21583	8	1261816	0.024292167417102
05085	30346	25686	9	1378871	0.024292167417102
05085	31474	28806	10	1450592	0.024292167417102
05085	32092	30949	11	1490934	0.024292167417102
05085	32976	32320	12	1545587	0.024292167417102
05085	34064	33156	13	1591771	0.024292167417102
05085	34501	33653	14	1614916	0.024292167417102
05085	34755	33942	15	1629033	0.024292167417102
05085	34952	34110	16	1642395	0.024292167417102
05085	35110	34206	17	1653127	0.024292167417102
05087	0	313	0	106	0.00549273577740635
05087	137	509	1	63323	0.00549273577740635
05087	632	813	2	240332	0.00549273577740635
05087	1756	1265	3	453422	0.00549273577740635
05087	3060	1894	4	792147	0.00549273577740635
05087	3932	2694	5	945957	0.00549273577740635
05087	4336	3604	6	1039832	0.00549273577740635
05087	4624	4517	7	1106383	0.00549273577740635
05087	5349	5323	8	1261816	0.00549273577740635
05087	6136	5959	9	1378871	0.00549273577740635
05087	6427	6417	10	1450592	0.00549273577740635
05087	6592	6726	11	1490934	0.00549273577740635
05087	6797	6926	12	1545587	0.00549273577740635
05087	6992	7051	13	1591771	0.00549273577740635
05087	7070	7128	14	1614916	0.00549273577740635
05087	7114	7175	15	1629033	0.00549273577740635
05087	7168	7203	16	1642395	0.00549273577740635
05087	7222	7220	17	1653127	0.00549273577740635
05089	0	407	0	106	0.00553183705767505
05089	146	676	1	63323	0.00553183705767505
05089	793	1091	2	240332	0.00553183705767505
05089	1530	1688	3	453422	0.00553183705767505
05089	3074	2465	4	792147	0.00553183705767505
05089	3615	3356	5	945957	0.00553183705767505
05089	3909	4237	6	1039832	0.00553183705767505
05089	4150	4992	7	1106383	0.00553183705767505
05089	4699	5563	8	1261816	0.00553183705767505
05089	5147	5956	9	1378871	0.00553183705767505
05089	5408	6208	10	1450592	0.00553183705767505
05089	5588	6363	11	1490934	0.00553183705767505
05089	5751	6456	12	1545587	0.00553183705767505
05089	5872	6511	13	1591771	0.00553183705767505
05089	5928	6543	14	1614916	0.00553183705767505
05089	5981	6562	15	1629033	0.00553183705767505
05089	6017	6573	16	1642395	0.00553183705767505
05089	6048	6579	17	1653127	0.00553183705767505
05091	0	724	0	106	0.0143339328862975
05091	169	1112	1	63323	0.0143339328862975
05091	641	1687	2	240332	0.0143339328862975
05091	1540	2512	3	453422	0.0143339328862975
05091	2659	3644	4	792147	0.0143339328862975
05091	3311	5106	5	945957	0.0143339328862975
05091	3661	6853	6	1039832	0.0143339328862975
05091	3908	8758	7	1106383	0.0143339328862975
05091	4543	10635	8	1261816	0.0143339328862975
05091	5375	12312	9	1378871	0.0143339328862975
05091	11786	13684	10	1450592	0.0143339328862975
05091	12197	14726	11	1490934	0.0143339328862975
05091	12657	15475	12	1545587	0.0143339328862975
05091	13088	15992	13	1591771	0.0143339328862975
05091	13360	16338	14	1614916	0.0143339328862975
05091	13523	16567	15	1629033	0.0143339328862975
05091	13699	16715	16	1642395	0.0143339328862975
05091	14036	16811	17	1653127	0.0143339328862975
05093	0	952	0	106	0.0134703910525667
05093	199	1514	1	63323	0.0134703910525667
05093	2155	2362	2	240332	0.0134703910525667
05093	4053	3584	3	453422	0.0134703910525667
05093	7816	5234	4	792147	0.0134703910525667
05093	9144	7272	5	945957	0.0134703910525667
05093	9992	9531	6	1039832	0.0134703910525667
05093	10804	11753	7	1106383	0.0134703910525667
05093	12205	13698	8	1261816	0.0134703910525667
05093	13911	15232	9	1378871	0.0134703910525667
05093	14714	16347	10	1450592	0.0134703910525667
05093	15174	17109	11	1490934	0.0134703910525667
05093	15640	17609	12	1545587	0.0134703910525667
05093	16134	17928	13	1591771	0.0134703910525667
05093	16419	18128	14	1614916	0.0134703910525667
05093	16624	18251	15	1629033	0.0134703910525667
05093	16766	18328	16	1642395	0.0134703910525667
05093	16848	18374	17	1653127	0.0134703910525667
05095	0	162	0	106	0.00222048880576737
05095	0	264	1	63323	0.00222048880576737
05095	421	425	2	240332	0.00222048880576737
05095	917	662	3	453422	0.00222048880576737
05095	1884	991	4	792147	0.00222048880576737
05095	2149	1404	5	945957	0.00222048880576737
05095	2312	1866	6	1039832	0.00222048880576737
05095	2483	2317	7	1106383	0.00222048880576737
05095	2879	2705	8	1261816	0.00222048880576737
05095	3191	3002	9	1378871	0.00222048880576737
05095	3327	3212	10	1450592	0.00222048880576737
05095	3449	3351	11	1490934	0.00222048880576737
05095	3542	3439	12	1545587	0.00222048880576737
05095	3627	3493	13	1591771	0.00222048880576737
05095	3682	3526	14	1614916	0.00222048880576737
05095	3715	3546	15	1629033	0.00222048880576737
05095	3761	3558	16	1642395	0.00222048880576737
05095	3801	3565	17	1653127	0.00222048880576737
05097	0	240	0	106	0.00297766190249599
05097	165	411	1	63323	0.00297766190249599
05097	595	679	2	240332	0.00297766190249599
05097	1523	1060	3	453422	0.00297766190249599
05097	2104	1540	4	792147	0.00297766190249599
05097	2240	2054	5	945957	0.00297766190249599
05097	2367	2519	6	1039832	0.00297766190249599
05097	2478	2880	7	1106383	0.00297766190249599
05097	2725	3128	8	1261816	0.00297766190249599
05097	2927	3285	9	1378871	0.00297766190249599
05097	3040	3379	10	1450592	0.00297766190249599
05097	3107	3433	11	1490934	0.00297766190249599
05097	3158	3464	12	1545587	0.00297766190249599
05097	3202	3481	13	1591771	0.00297766190249599
05097	3235	3491	14	1614916	0.00297766190249599
05097	3248	3496	15	1629033	0.00297766190249599
05097	3269	3499	16	1642395	0.00297766190249599
05097	3283	3501	17	1653127	0.00297766190249599
05099	0	216	0	106	0.0027344386845534
05099	82	333	1	63323	0.0027344386845534
05099	290	504	2	240332	0.0027344386845534
05099	824	744	3	453422	0.0027344386845534
05099	1204	1063	4	792147	0.0027344386845534
05099	1699	1454	5	945957	0.0027344386845534
05099	1825	1890	6	1039832	0.0027344386845534
05099	1976	2329	7	1106383	0.0027344386845534
05099	2361	2726	8	1261816	0.0027344386845534
05099	2825	3053	9	1378871	0.0027344386845534
05099	3190	3301	10	1450592	0.0027344386845534
05099	3320	3479	11	1490934	0.0027344386845534
05099	3439	3601	12	1545587	0.0027344386845534
05099	3513	3682	13	1591771	0.0027344386845534
05099	3561	3734	14	1614916	0.0027344386845534
05099	3604	3768	15	1629033	0.0027344386845534
05099	3692	3790	16	1642395	0.0027344386845534
05099	3728	3803	17	1653127	0.0027344386845534
05101	0	92	0	106	0.00256908666036628
05101	69	159	1	63323	0.00256908666036628
05101	341	270	2	240332	0.00256908666036628
05101	806	446	3	453422	0.00256908666036628
05101	1328	708	4	792147	0.00256908666036628
05101	1571	1059	5	945957	0.00256908666036628
05101	1682	1470	6	1039832	0.00256908666036628
05101	1771	1884	7	1106383	0.00256908666036628
05101	2013	2241	8	1261816	0.00256908666036628
05101	2237	2509	9	1378871	0.00256908666036628
05101	2347	2691	10	1450592	0.00256908666036628
05101	2437	2807	11	1490934	0.00256908666036628
05101	2520	2876	12	1545587	0.00256908666036628
05101	2571	2917	13	1591771	0.00256908666036628
05101	2587	2941	14	1614916	0.00256908666036628
05101	2614	2955	15	1629033	0.00256908666036628
05101	2633	2962	16	1642395	0.00256908666036628
05101	2642	2967	17	1653127	0.00256908666036628
05103	0	563	0	106	0.00774801809527723
05103	276	914	1	63323	0.00774801809527723
05103	1716	1458	2	240332	0.00774801809527723
05103	3079	2261	3	453422	0.00774801809527723
05103	6388	3370	4	792147	0.00774801809527723
05103	7137	4766	5	945957	0.00774801809527723
05103	7736	6332	6	1039832	0.00774801809527723
05103	8351	7878	7	1106383	0.00774801809527723
05103	9831	9224	8	1261816	0.00774801809527723
05103	10933	10272	9	1378871	0.00774801809527723
05103	11409	11020	10	1450592	0.00774801809527723
05103	11806	11521	11	1490934	0.00774801809527723
05103	12127	11843	12	1545587	0.00774801809527723
05103	12389	12043	13	1591771	0.00774801809527723
05103	12560	12166	14	1614916	0.00774801809527723
05103	12655	12241	15	1629033	0.00774801809527723
05103	12730	12286	16	1642395	0.00774801809527723
05103	12784	12314	17	1653127	0.00774801809527723
05105	0	214	0	106	0.00346443970516309
05105	151	354	1	63323	0.00346443970516309
05105	765	576	2	240332	0.00346443970516309
05105	1717	910	3	453422	0.00346443970516309
05105	2849	1377	4	792147	0.00346443970516309
05105	3290	1970	5	945957	0.00346443970516309
05105	3558	2633	6	1039832	0.00346443970516309
05105	3763	3281	7	1106383	0.00346443970516309
05105	4417	3832	8	1261816	0.00346443970516309
05105	4811	4251	9	1378871	0.00346443970516309
05105	4965	4542	10	1450592	0.00346443970516309
05105	5046	4731	11	1490934	0.00346443970516309
05105	5164	4849	12	1545587	0.00346443970516309
05105	5291	4922	13	1591771	0.00346443970516309
05105	5342	4965	14	1614916	0.00346443970516309
05105	5391	4991	15	1629033	0.00346443970516309
05105	5419	5006	16	1642395	0.00346443970516309
05105	5444	5015	17	1653127	0.00346443970516309
05107	0	265	0	106	0.00589236411642373
05107	90	447	1	63323	0.00589236411642373
05107	805	744	2	240332	0.00589236411642373
05107	2141	1211	3	453422	0.00589236411642373
05107	4119	1910	4	792147	0.00589236411642373
05107	4864	2877	5	945957	0.00589236411642373
05107	5299	4079	6	1039832	0.00589236411642373
05107	5629	5389	7	1106383	0.00589236411642373
05107	6483	6628	8	1261816	0.00589236411642373
05107	7467	7653	9	1378871	0.00589236411642373
05107	7902	8410	10	1450592	0.00589236411642373
05107	8105	8924	11	1490934	0.00589236411642373
05107	8301	9253	12	1545587	0.00589236411642373
05107	8501	9456	13	1591771	0.00589236411642373
05107	8655	9578	14	1614916	0.00589236411642373
05107	8823	9651	15	1629033	0.00589236411642373
05107	8877	9694	16	1642395	0.00589236411642373
05107	8967	9719	17	1653127	0.00589236411642373
05109	0	325	0	106	0.00355158916881282
05109	118	520	1	63323	0.00355158916881282
05109	597	810	2	240332	0.00355158916881282
05109	1412	1210	3	453422	0.00355158916881282
05109	2320	1713	4	792147	0.00355158916881282
05109	2512	2276	5	945957	0.00355158916881282
05109	2770	2828	6	1039832	0.00355158916881282
05109	2964	3305	7	1106383	0.00355158916881282
05109	3445	3673	8	1261816	0.00355158916881282
05109	3941	3934	9	1378871	0.00355158916881282
05109	4158	4107	10	1450592	0.00355158916881282
05109	4234	4218	11	1490934	0.00355158916881282
05109	4309	4286	12	1545587	0.00355158916881282
05109	4398	4328	13	1591771	0.00355158916881282
05109	4446	4353	14	1614916	0.00355158916881282
05109	4472	4368	15	1629033	0.00355158916881282
05109	4501	4377	16	1642395	0.00355158916881282
05109	4527	4383	17	1653127	0.00355158916881282
05111	0	697	0	106	0.00779639764544019
05111	389	1031	1	63323	0.00779639764544019
05111	1812	1500	2	240332	0.00779639764544019
05111	2951	2132	3	453422	0.00779639764544019
05111	4947	2940	4	792147	0.00779639764544019
05111	5621	3904	5	945957	0.00779639764544019
05111	6123	4966	6	1039832	0.00779639764544019
05111	6540	6037	7	1106383	0.00779639764544019
05111	7733	7024	8	1261816	0.00779639764544019
05111	8826	7862	9	1378871	0.00779639764544019
05111	9365	8525	10	1450592	0.00779639764544019
05111	9763	9021	11	1490934	0.00779639764544019
05111	10012	9377	12	1545587	0.00779639764544019
05111	10266	9625	13	1591771	0.00779639764544019
05111	10398	9793	14	1614916	0.00779639764544019
05111	10496	9906	15	1629033	0.00779639764544019
05111	10573	9981	16	1642395	0.00779639764544019
05111	10645	10031	17	1653127	0.00779639764544019
05113	0	778	0	106	0.00661540643461272
05113	268	1154	1	63323	0.00661540643461272
05113	1085	1664	2	240332	0.00661540643461272
05113	1777	2315	3	453422	0.00661540643461272
05113	3432	3083	4	792147	0.00661540643461272
05113	4084	3906	5	945957	0.00661540643461272
05113	4368	4705	6	1039832	0.00661540643461272
05113	4590	5408	7	1106383	0.00661540643461272
05113	5202	5976	8	1261816	0.00661540643461272
05113	5907	6404	9	1378871	0.00661540643461272
05113	6240	6710	10	1450592	0.00661540643461272
05113	6524	6919	11	1490934	0.00661540643461272
05113	6656	7060	12	1545587	0.00661540643461272
05113	6818	7152	13	1591771	0.00661540643461272
05113	6987	7212	14	1614916	0.00661540643461272
05113	7062	7251	15	1629033	0.00661540643461272
05113	7113	7276	16	1642395	0.00661540643461272
05113	7183	7291	17	1653127	0.00661540643461272
05115	0	2363	0	106	0.0212313324523395
05115	836	3675	1	63323	0.0212313324523395
05115	4170	5563	2	240332	0.0212313324523395
05115	9073	8112	3	453422	0.0212313324523395
05115	15687	11267	4	792147	0.0212313324523395
05115	18604	14782	5	945957	0.0212313324523395
05115	20577	18267	6	1039832	0.0212313324523395
05115	21830	21342	7	1106383	0.0212313324523395
05115	24886	23791	8	1261816	0.0212313324523395
05115	27665	25586	9	1378871	0.0212313324523395
05115	28843	26823	10	1450592	0.0212313324523395
05115	29417	27640	11	1490934	0.0212313324523395
05115	30143	28165	12	1545587	0.0212313324523395
05115	31001	28495	13	1591771	0.0212313324523395
05115	31391	28701	14	1614916	0.0212313324523395
05115	31655	28828	15	1629033	0.0212313324523395
05115	31838	28907	16	1642395	0.0212313324523395
05115	32032	28955	17	1653127	0.0212313324523395
05117	0	227	0	106	0.00267147899598516
05117	121	367	1	63323	0.00267147899598516
05117	497	576	2	240332	0.00267147899598516
05117	896	872	3	453422	0.00267147899598516
05117	1656	1251	4	792147	0.00267147899598516
05117	1888	1687	5	945957	0.00267147899598516
05117	2138	2126	6	1039832	0.00267147899598516
05117	2274	2513	7	1106383	0.00267147899598516
05117	2696	2818	8	1261816	0.00267147899598516
05117	3002	3036	9	1378871	0.00267147899598516
05117	3108	3182	10	1450592	0.00267147899598516
05117	3219	3275	11	1490934	0.00267147899598516
05117	3294	3333	12	1545587	0.00267147899598516
05117	3406	3368	13	1591771	0.00267147899598516
05117	3436	3390	14	1614916	0.00267147899598516
05117	3470	3402	15	1629033	0.00267147899598516
05117	3500	3410	16	1642395	0.00267147899598516
05117	3515	3414	17	1653127	0.00267147899598516
05119	0	3174	0	106	0.129866286876152
05119	13650	5681	1	63323	0.129866286876152
05119	41736	10082	2	240332	0.129866286876152
05119	73629	17634	3	453422	0.129866286876152
05119	119244	30095	4	792147	0.129866286876152
05119	140633	49384	5	945957	0.129866286876152
05119	154564	76476	6	1039832	0.129866286876152
05119	163777	109760	7	1106383	0.129866286876152
05119	181753	144528	8	1261816	0.129866286876152
05119	193078	175204	9	1378871	0.129866286876152
05119	200798	198490	10	1450592	0.129866286876152
05119	205960	214229	11	1490934	0.129866286876152
05119	215469	224048	12	1545587	0.129866286876152
05119	220907	229872	13	1591771	0.129866286876152
05119	224625	233223	14	1614916	0.129866286876152
05119	226940	235117	15	1629033	0.129866286876152
05119	229121	236178	16	1642395	0.129866286876152
05119	230725	236768	17	1653127	0.129866286876152
05121	0	469	0	106	0.00595068467004484
05121	310	748	1	63323	0.00595068467004484
05121	1212	1166	2	240332	0.00595068467004484
05121	1871	1757	3	453422	0.00595068467004484
05121	2715	2527	4	792147	0.00595068467004484
05121	3132	3435	5	945957	0.00595068467004484
05121	3585	4382	6	1039832	0.00595068467004484
05121	4707	5254	7	1106383	0.00595068467004484
05121	5469	5969	8	1261816	0.00595068467004484
05121	6099	6502	9	1378871	0.00595068467004484
05121	6417	6871	10	1450592	0.00595068467004484
05121	6691	7114	11	1490934	0.00595068467004484
05121	6893	7269	12	1545587	0.00595068467004484
05121	7082	7366	13	1591771	0.00595068467004484
05121	7193	7425	14	1614916	0.00595068467004484
05121	7263	7461	15	1629033	0.00595068467004484
05121	7324	7483	16	1642395	0.00595068467004484
05121	7371	7496	17	1653127	0.00595068467004484
05123	0	458	0	106	0.00828218134776148
05123	148	754	1	63323	0.00828218134776148
05123	1194	1222	2	240332	0.00828218134776148
05123	3956	1937	3	453422	0.00828218134776148
05123	6257	2968	4	792147	0.00828218134776148
05123	7023	4338	5	945957	0.00828218134776148
05123	7583	5974	6	1039832	0.00828218134776148
05123	7963	7699	7	1106383	0.00828218134776148
05123	9439	9291	8	1261816	0.00828218134776148
05123	10646	10592	9	1378871	0.00828218134776148
05123	11210	11552	10	1450592	0.00828218134776148
05123	11543	12209	11	1490934	0.00828218134776148
05123	11833	12635	12	1545587	0.00828218134776148
05123	12106	12903	13	1591771	0.00828218134776148
05123	12349	13067	14	1614916	0.00828218134776148
05123	12510	13167	15	1629033	0.00828218134776148
05123	12620	13226	16	1642395	0.00828218134776148
05123	12736	13262	17	1653127	0.00828218134776148
05125	0	984	0	106	0.0405715546801582
05125	3651	1691	1	63323	0.0405715546801582
05125	11441	2881	2	240332	0.0405715546801582
05125	19420	4839	3	453422	0.0405715546801582
05125	31181	7944	4	792147	0.0405715546801582
05125	36655	12595	5	945957	0.0405715546801582
05125	40071	18988	6	1039832	0.0405715546801582
05125	42445	26819	7	1106383	0.0405715546801582
05125	48156	35159	8	1261816	0.0405715546801582
05125	52296	42820	9	1378871	0.0405715546801582
05125	54056	48955	10	1450592	0.0405715546801582
05125	56163	53352	11	1490934	0.0405715546801582
05125	58410	56259	12	1545587	0.0405715546801582
05125	60059	58079	13	1591771	0.0405715546801582
05125	61009	59180	14	1614916	0.0405715546801582
05125	61571	59833	15	1629033	0.0405715546801582
05125	62025	60215	16	1642395	0.0405715546801582
05125	62374	60437	17	1653127	0.0405715546801582
05127	0	455	0	106	0.00340678188510586
05127	99	670	1	63323	0.00340678188510586
05127	560	961	2	240332	0.00340678188510586
05127	1231	1333	3	453422	0.00340678188510586
05127	1870	1776	4	792147	0.00340678188510586
05127	2314	2257	5	945957	0.00340678188510586
05127	2559	2733	6	1039832	0.00340678188510586
05127	2802	3162	7	1106383	0.00340678188510586
05127	3470	3516	8	1261816	0.00340678188510586
05127	4100	3789	9	1378871	0.00340678188510586
05127	4434	3988	10	1450592	0.00340678188510586
05127	4557	4128	11	1490934	0.00340678188510586
05127	4696	4222	12	1545587	0.00340678188510586
05127	4822	4286	13	1591771	0.00340678188510586
05127	4873	4327	14	1614916	0.00340678188510586
05127	4915	4354	15	1629033	0.00340678188510586
05127	4952	4372	16	1642395	0.00340678188510586
05127	4991	4384	17	1653127	0.00340678188510586
05129	0	110	0	106	0.00261150160845436
05129	58	193	1	63323	0.00261150160845436
05129	522	330	2	240332	0.00261150160845436
05129	1030	547	3	453422	0.00261150160845436
05129	1682	863	4	792147	0.00261150160845436
05129	1902	1271	5	945957	0.00261150160845436
05129	2059	1725	6	1039832	0.00261150160845436
05129	2167	2154	7	1106383	0.00261150160845436
05129	2539	2500	8	1261816	0.00261150160845436
05129	2732	2745	9	1378871	0.00261150160845436
05129	2816	2903	10	1450592	0.00261150160845436
05129	2886	3000	11	1490934	0.00261150160845436
05129	2941	3057	12	1545587	0.00261150160845436
05129	3002	3089	13	1591771	0.00261150160845436
05129	3035	3107	14	1614916	0.00261150160845436
05129	3062	3118	15	1629033	0.00261150160845436
05129	3073	3123	16	1642395	0.00261150160845436
05129	3093	3127	17	1653127	0.00261150160845436
05131	0	2769	0	106	0.0423576216348046
05131	2907	4276	1	63323	0.0423576216348046
05131	8683	6514	2	240332	0.0423576216348046
05131	15015	9724	3	453422	0.0423576216348046
05131	23181	14115	4	792147	0.0423576216348046
05131	27963	19740	5	945957	0.0423576216348046
05131	32594	26372	6	1039832	0.0423576216348046
05131	37603	33469	7	1106383	0.0423576216348046
05131	48951	40316	8	1261816	0.0423576216348046
05131	53781	46292	9	1378871	0.0423576216348046
05131	56266	51070	10	1450592	0.0423576216348046
05131	57848	54629	11	1490934	0.0423576216348046
05131	59811	57141	12	1545587	0.0423576216348046
05131	61630	58850	13	1591771	0.0423576216348046
05131	62396	59981	14	1614916	0.0423576216348046
05131	63013	60718	15	1629033	0.0423576216348046
05131	63665	61193	16	1642395	0.0423576216348046
05131	64095	61496	17	1653127	0.0423576216348046
05133	0	611	0	106	0.00563555486042168
05133	62	921	1	63323	0.00563555486042168
05133	947	1359	2	240332	0.00563555486042168
05133	1662	1942	3	453422	0.00563555486042168
05133	3705	2666	4	792147	0.00563555486042168
05133	4170	3488	5	945957	0.00563555486042168
05133	4469	4333	6	1039832	0.00563555486042168
05133	4789	5117	7	1106383	0.00563555486042168
05133	5405	5778	8	1261816	0.00563555486042168
05133	6219	6292	9	1378871	0.00563555486042168
05133	6877	6668	10	1450592	0.00563555486042168
05133	7063	6929	11	1490934	0.00563555486042168
05133	7277	7105	12	1545587	0.00563555486042168
05133	7492	7221	13	1591771	0.00563555486042168
05133	7650	7297	14	1614916	0.00563555486042168
05133	7719	7345	15	1629033	0.00563555486042168
05133	7791	7376	16	1642395	0.00563555486042168
05133	7849	7396	17	1653127	0.00563555486042168
05135	0	454	0	106	0.00577969941056477
05135	100	755	1	63323	0.00577969941056477
05135	997	1220	2	240332	0.00577969941056477
05135	1769	1884	3	453422	0.00577969941056477
05135	3462	2740	4	792147	0.00577969941056477
05135	4075	3706	5	945957	0.00577969941056477
05135	4457	4646	6	1039832	0.00577969941056477
05135	4702	5437	7	1106383	0.00577969941056477
05135	5441	6026	8	1261816	0.00577969941056477
05135	5883	6425	9	1378871	0.00577969941056477
05135	6104	6679	10	1450592	0.00577969941056477
05135	6282	6834	11	1490934	0.00577969941056477
05135	6486	6926	12	1545587	0.00577969941056477
05135	6609	6981	13	1591771	0.00577969941056477
05135	6681	7012	14	1614916	0.00577969941056477
05135	6744	7030	15	1629033	0.00577969941056477
05135	6787	7041	16	1642395	0.00577969941056477
05135	6831	7047	17	1653127	0.00577969941056477
05137	0	316	0	106	0.00414407297491819
05137	114	559	1	63323	0.00414407297491819
05137	882	951	2	240332	0.00414407297491819
05137	1643	1522	3	453422	0.00414407297491819
05137	2773	2240	4	792147	0.00414407297491819
05137	3189	2998	5	945957	0.00414407297491819
05137	3414	3660	6	1039832	0.00414407297491819
05137	3613	4151	7	1106383	0.00414407297491819
05137	3876	4472	8	1261816	0.00414407297491819
05137	4077	4665	9	1378871	0.00414407297491819
05137	4192	4776	10	1450592	0.00414407297491819
05137	4273	4837	11	1490934	0.00414407297491819
05137	4371	4870	12	1545587	0.00414407297491819
05137	4458	4889	13	1591771	0.00414407297491819
05137	4490	4898	14	1614916	0.00414407297491819
05137	4522	4903	15	1629033	0.00414407297491819
05137	4560	4906	16	1642395	0.00414407297491819
05137	4587	4908	17	1653127	0.00414407297491819
05139	0	1068	0	106	0.0128179298589305
05139	370	1696	1	63323	0.0128179298589305
05139	1908	2639	2	240332	0.0128179298589305
05139	4013	3982	3	453422	0.0128179298589305
05139	8628	5760	4	792147	0.0128179298589305
05139	10524	7901	5	945957	0.0128179298589305
05139	11515	10203	6	1039832	0.0128179298589305
05139	12203	12394	7	1106383	0.0128179298589305
05139	14114	14251	8	1261816	0.0128179298589305
05139	15730	15676	9	1378871	0.0128179298589305
05139	16544	16688	10	1450592	0.0128179298589305
05139	17137	17369	11	1490934	0.0128179298589305
05139	17723	17810	12	1545587	0.0128179298589305
05139	18363	18089	13	1591771	0.0128179298589305
05139	18668	18262	14	1614916	0.0128179298589305
05139	18857	18369	15	1629033	0.0128179298589305
05139	18993	18434	16	1642395	0.0128179298589305
05139	19084	18474	17	1653127	0.0128179298589305
05141	0	444	0	106	0.00548246340716627
05141	344	755	1	63323	0.00548246340716627
05141	1215	1243	2	240332	0.00548246340716627
05141	2316	1948	3	453422	0.00548246340716627
05141	3924	2853	4	792147	0.00548246340716627
05141	4518	3854	5	945957	0.00548246340716627
05141	4875	4797	6	1039832	0.00548246340716627
05141	5123	5557	7	1106383	0.00548246340716627
05141	5820	6098	8	1261816	0.00548246340716627
05141	6283	6449	9	1378871	0.00548246340716627
05141	6459	6664	10	1450592	0.00548246340716627
05141	6560	6790	11	1490934	0.00548246340716627
05141	6666	6863	12	1545587	0.00548246340716627
05141	6771	6904	13	1591771	0.00548246340716627
05141	6838	6928	14	1614916	0.00548246340716627
05141	6876	6941	15	1629033	0.00548246340716627
05141	6930	6948	16	1642395	0.00548246340716627
05141	6958	6953	17	1653127	0.00548246340716627
05143	0	2592	0	106	0.0792586264714342
05143	4596	4463	1	63323	0.0792586264714342
05143	16185	7607	2	240332	0.0792586264714342
05143	33172	12749	3	453422	0.0792586264714342
05143	58544	20798	4	792147	0.0792586264714342
05143	73771	32574	5	945957	0.0792586264714342
05143	83924	48199	6	1039832	0.0792586264714342
05143	89347	66447	7	1106383	0.0792586264714342
05143	100437	84836	8	1261816	0.0792586264714342
05143	110326	100810	9	1378871	0.0792586264714342
05143	115915	112990	10	1450592	0.0792586264714342
05143	119496	121388	11	1490934	0.0792586264714342
05143	125208	126783	12	1545587	0.0792586264714342
05143	128892	130093	13	1591771	0.0792586264714342
05143	131149	132068	14	1614916	0.0792586264714342
05143	132308	133225	15	1629033	0.0792586264714342
05143	133574	133897	16	1642395	0.0792586264714342
05143	134725	134285	17	1653127	0.0792586264714342
05145	0	2219	0	106	0.0260961281779731
05145	1221	3642	1	63323	0.0260961281779731
05145	6741	5810	2	240332	0.0260961281779731
05145	10539	8892	3	453422	0.0260961281779731
05145	17495	12864	4	792147	0.0260961281779731
05145	20941	17386	5	945957	0.0260961281779731
05145	22705	21858	6	1039832	0.0260961281779731
05145	24141	25708	7	1106383	0.0260961281779731
05145	28323	28646	8	1261816	0.0260961281779731
05145	30902	30686	9	1378871	0.0260961281779731
05145	31959	32014	10	1450592	0.0260961281779731
05145	32530	32842	11	1490934	0.0260961281779731
05145	33271	33343	12	1545587	0.0260961281779731
05145	34058	33642	13	1591771	0.0260961281779731
05145	34498	33819	14	1614916	0.0260961281779731
05145	34759	33923	15	1629033	0.0260961281779731
05145	34979	33983	16	1642395	0.0260961281779731
05145	35127	34019	17	1653127	0.0260961281779731
05147	0	190	0	106	0.00209423806184895
05147	48	308	1	63323	0.00209423806184895
05147	503	490	2	240332	0.00209423806184895
05147	1165	750	3	453422	0.00209423806184895
05147	1916	1095	4	792147	0.00209423806184895
05147	2255	1504	5	945957	0.00209423806184895
05147	2353	1929	6	1039832	0.00209423806184895
05147	2468	2317	7	1106383	0.00209423806184895
05147	2883	2629	8	1261816	0.00209423806184895
05147	3195	2856	9	1378871	0.00209423806184895
05147	3285	3010	10	1450592	0.00209423806184895
05147	3348	3109	11	1490934	0.00209423806184895
05147	3427	3171	12	1545587	0.00209423806184895
05147	3486	3209	13	1591771	0.00209423806184895
05147	3522	3231	14	1614916	0.00209423806184895
05147	3562	3245	15	1629033	0.00209423806184895
05147	3578	3253	16	1642395	0.00209423806184895
05147	3584	3258	17	1653127	0.00209423806184895
05149	0	854	0	106	0.00707169849334152
05149	179	1292	1	63323	0.00707169849334152
05149	1478	1905	2	240332	0.00707169849334152
05149	3129	2711	3	453422	0.00707169849334152
05149	4900	3690	4	792147	0.00707169849334152
05149	5740	4773	5	945957	0.00707169849334152
05149	6291	5849	6	1039832	0.00707169849334152
05149	6728	6812	7	1106383	0.00707169849334152
05149	7830	7597	8	1261816	0.00707169849334152
05149	8903	8189	9	1378871	0.00707169849334152
05149	9398	8610	10	1450592	0.00707169849334152
05149	9612	8897	11	1490934	0.00707169849334152
05149	9871	9087	12	1545587	0.00707169849334152
05149	10161	9210	13	1591771	0.00707169849334152
05149	10278	9289	14	1614916	0.00707169849334152
05149	10372	9340	15	1629033	0.00707169849334152
05149	10434	9371	16	1642395	0.00707169849334152
05149	10488	9392	17	1653127	0.00707169849334152
