270	7
AZ	04001	0	2.0144750818997	0	62	0.00987632847931854
AZ	04001	3.1	3.18702979280701	1	1558	0.00987632847931854
AZ	04001	22.6	5.00050702631004	2	7258	0.00987632847931854
AZ	04001	40.2	7.74707738124841	3	18539	0.00987632847931854
AZ	04001	47.3	11.7775855223062	4	52895	0.00987632847931854
AZ	04001	51.1	17.4263831703672	5	68486	0.00987632847931854
AZ	04001	58	24.853351281847	6	76608	0.00987632847931854
AZ	04001	60.5	33.8389784211276	7	81357	0.00987632847931854
AZ	04001	67.8	43.6780326329263	8	85819	0.00987632847931854
AZ	04001	70.9	53.3413695562796	9	90163	0.00987632847931854
AZ	04001	74.1	61.869811473183	10	87749	0.00987632847931854
AZ	04001	76.1	68.7149741057796	11	90819	0.00987632847931854
AZ	04001	88.9	73.8024530553402	12	94528	0.00987632847931854
AZ	04001	92.7	77.3715589657378	13	98526	0.00987632847931854
AZ	04001	95	79.7752786385814	14	100200	0.00987632847931854
AZ	04001	95	81.3499377300798	15	101334	0.00987632847931854
AZ	04001	95	82.3628608602517	16	102632	0.00987632847931854
AZ	04001	95	83.006822358332	17	102471	0.00987632847931854
AZ	04003	0	2.06191604245019	0	62	0.0173000269140839
AZ	04003	0.9	3.37094094390873	1	1558	0.0173000269140839
AZ	04003	7	5.42789627234478	2	7258	0.0173000269140839
AZ	04003	16.2	8.5376776588144	3	18539	0.0173000269140839
AZ	04003	30.5	12.9750170510364	4	52895	0.0173000269140839
AZ	04003	37.8	18.8109445204044	5	68486	0.0173000269140839
AZ	04003	43.2	25.7150129166875	6	76608	0.0173000269140839
AZ	04003	47.3	32.9292989503668	7	81357	0.0173000269140839
AZ	04003	50.4	39.5530312650535	8	85819	0.0173000269140839
AZ	04003	52.9	44.9502326313368	9	90163	0.0173000269140839
AZ	04003	54.6	48.9362174094906	10	87749	0.0173000269140839
AZ	04003	56.5	51.6712935166811	11	90819	0.0173000269140839
AZ	04003	59.7	53.4546616139018	12	94528	0.0173000269140839
AZ	04003	61.8	54.5790967122124	13	98526	0.0173000269140839
AZ	04003	63.2	55.2731283104151	14	100200	0.0173000269140839
AZ	04003	64.2	55.6958868739571	15	101334	0.0173000269140839
AZ	04003	65.2	55.9513364715919	16	102632	0.0173000269140839
AZ	04003	65.8	56.1049394323065	17	102471	0.0173000269140839
AZ	04005	0	0.922619385401765	0	62	0.0197117156773646
AZ	04005	2.3	1.74348581900596	1	1558	0.0197117156773646
AZ	04005	13.4	3.25966294064894	2	7258	0.0197117156773646
AZ	04005	33.8	5.97698378016344	3	18539	0.0197117156773646
AZ	04005	45.3	10.5938891142906	4	52895	0.0197117156773646
AZ	04005	51.2	17.7698476146653	5	68486	0.0197117156773646
AZ	04005	56	27.5126620721824	6	76608	0.0197117156773646
AZ	04005	58.1	38.5673986303714	7	81357	0.0197117156773646
AZ	04005	64.7	48.8231924010285	8	85819	0.0197117156773646
AZ	04005	66.9	56.7065131806168	9	90163	0.0197117156773646
AZ	04005	68.6	61.9346117548663	10	87749	0.0197117156773646
AZ	04005	70.3	65.0709682048567	11	90819	0.0197117156773646
AZ	04005	73.2	66.8405026668753	12	94528	0.0197117156773646
AZ	04005	74.9	67.8044589389651	13	98526	0.0197117156773646
AZ	04005	75.8	68.3195570897805	14	100200	0.0197117156773646
AZ	04005	76.5	68.5919729276208	15	101334	0.0197117156773646
AZ	04005	77.1	68.7352557694092	16	102632	0.0197117156773646
AZ	04005	77.7	68.8104011526775	17	102471	0.0197117156773646
AZ	04007	0	3.46200577182664	0	62	0.00742136285831693
AZ	04007	3.4	5.89582061068145	1	1558	0.00742136285831693
AZ	04007	10.6	9.68927282660183	2	7258	0.00742136285831693
AZ	04007	29.1	15.0999098002182	3	18539	0.00742136285831693
AZ	04007	37.6	21.9152451532067	4	52895	0.00742136285831693
AZ	04007	42.3	29.2734182762466	5	68486	0.00742136285831693
AZ	04007	44.7	36.0060113994943	6	76608	0.00742136285831693
AZ	04007	46	41.2952438245229	7	81357	0.00742136285831693
AZ	04007	48.6	44.9745704862351	8	85819	0.00742136285831693
AZ	04007	50.8	47.3226969675112	9	90163	0.00742136285831693
AZ	04007	52.3	48.7398687730459	10	87749	0.00742136285831693
AZ	04007	53.9	49.5665254511229	11	90819	0.00742136285831693
AZ	04007	55.5	50.0391699483472	12	94528	0.00742136285831693
AZ	04007	57.3	50.3063182078719	13	98526	0.00742136285831693
AZ	04007	58.3	50.4563356115208	14	100200	0.00742136285831693
AZ	04007	59	50.5402700821575	15	101334	0.00742136285831693
AZ	04007	59.4	50.5871350603675	16	102632	0.00742136285831693
AZ	04007	59.7	50.613272254485	17	102471	0.00742136285831693
AZ	04009	0	4.00196418662335	0	62	0.00533569308986735
AZ	04009	1.2	6.33970010683703	1	1558	0.00533569308986735
AZ	04009	7.3	9.76346619220818	2	7258	0.00533569308986735
AZ	04009	21.8	14.447274337147	3	18539	0.00533569308986735
AZ	04009	32.9	20.2907450454228	4	52895	0.00533569308986735
AZ	04009	40.4	26.7973533148905	5	68486	0.00533569308986735
AZ	04009	43.7	33.185644983738	6	76608	0.00533569308986735
AZ	04009	45.2	38.728020393145	7	81357	0.00533569308986735
AZ	04009	48.8	43.043522002477	8	85819	0.00533569308986735
AZ	04009	52.7	46.1292693708695	9	90163	0.00533569308986735
AZ	04009	55	48.2037590625786	10	87749	0.00533569308986735
AZ	04009	56.7	49.5412139943255	11	90819	0.00533569308986735
AZ	04009	58.8	50.380359589302	12	94528	0.00533569308986735
AZ	04009	61.3	50.8979049110436	13	98526	0.00533569308986735
AZ	04009	62.6	51.2137334474614	14	100200	0.00533569308986735
AZ	04009	63.4	51.4052192079333	15	101334	0.00533569308986735
AZ	04009	64	51.5208599733035	16	102632	0.00533569308986735
AZ	04009	64.3	51.5905308933453	17	102471	0.00533569308986735
AZ	04011	0	2.23554655020494	0	62	0.00130490030042382
AZ	04011	1	3.78902780829472	1	1558	0.00130490030042382
AZ	04011	13.8	6.26569581418371	2	7258	0.00130490030042382
AZ	04011	24.5	9.97413864478356	3	18539	0.00130490030042382
AZ	04011	27.9	15.0363608964495	4	52895	0.00130490030042382
AZ	04011	29.8	21.1391727639504	5	68486	0.00130490030042382
AZ	04011	31	27.4844476465177	6	76608	0.00130490030042382
AZ	04011	31.7	33.1433946561816	7	81357	0.00130490030042382
AZ	04011	33.4	37.5400181739393	8	85819	0.00130490030042382
AZ	04011	36.4	40.6038558620044	9	90163	0.00130490030042382
AZ	04011	38.2	42.5806419045163	10	87749	0.00130490030042382
AZ	04011	39.1	43.7934087781492	11	90819	0.00130490030042382
AZ	04011	41.4	44.5145887772705	12	94528	0.00130490030042382
AZ	04011	42.9	44.9355099616387	13	98526	0.00130490030042382
AZ	04011	43.6	45.1785100932479	14	100200	0.00130490030042382
AZ	04011	43.8	45.317910131901	15	101334	0.00130490030042382
AZ	04011	44.1	45.3975884134641	16	102632	0.00130490030042382
AZ	04011	44.2	45.4430362916919	17	102471	0.00130490030042382
AZ	04012	0	3.15957960186946	0	62	0.00289996162785282
AZ	04012	0.6	5.36673454594443	1	1558	0.00289996162785282
AZ	04012	5.9	8.79281829975602	2	7258	0.00289996162785282
AZ	04012	18	13.6552562372672	3	18539	0.00289996162785282
AZ	04012	28.7	19.7460229586662	4	52895	0.00289996162785282
AZ	04012	33.5	26.2857343541507	5	68486	0.00289996162785282
AZ	04012	36.1	32.2418858801661	6	76608	0.00289996162785282
AZ	04012	37.2	36.9064891549887	7	81357	0.00289996162785282
AZ	04012	38.7	40.1461904783772	8	85819	0.00289996162785282
AZ	04012	40.6	42.2130718586913	9	90163	0.00289996162785282
AZ	04012	42.4	43.4611411379931	10	87749	0.00289996162785282
AZ	04012	44.3	44.1898953287952	11	90819	0.00289996162785282
AZ	04012	46.2	44.6071010895614	12	94528	0.00289996162785282
AZ	04012	47.1	44.8432526315125	13	98526	0.00289996162785282
AZ	04012	47.7	44.976063796316	14	100200	0.00289996162785282
AZ	04012	48.2	45.0504861357227	15	101334	0.00289996162785282
AZ	04012	48.5	45.0921048574913	16	102632	0.00289996162785282
AZ	04012	48.8	45.115352556145	17	102471	0.00289996162785282
AZ	04013	0	1.03376143746388	0	62	0.616236899992128
AZ	04013	1.5	1.87698720757362	1	1558	0.616236899992128
AZ	04013	7.2	3.36682307339791	2	7258	0.616236899992128
AZ	04013	16	5.91290733706334	3	18539	0.616236899992128
AZ	04013	27.9	10.0261007164154	4	52895	0.616236899992128
AZ	04013	35	16.1029414922573	5	68486	0.616236899992128
AZ	04013	40.3	23.9915035813792	6	76608	0.616236899992128
AZ	04013	42.5	32.6752229490312	7	81357	0.616236899992128
AZ	04013	45.2	40.6587985382795	8	85819	0.616236899992128
AZ	04013	48	46.8715302855487	9	90163	0.616236899992128
AZ	04013	50.1	51.1080790109956	10	87749	0.616236899992128
AZ	04013	51.5	53.7433315787311	11	90819	0.616236899992128
AZ	04013	53.6	55.2899144384915	12	94528	0.616236899992128
AZ	04013	55.1	56.1667588905161	13	98526	0.616236899992128
AZ	04013	56.2	56.6541787003302	14	100200	0.616236899992128
AZ	04013	56.9	56.9221570751159	15	101334	0.616236899992128
AZ	04013	57.5	57.0685970292089	16	102632	0.616236899992128
AZ	04013	57.8	57.1483554523495	17	102471	0.616236899992128
AZ	04015	0	2.45155263923201	0	62	0.0291508792002766
AZ	04015	0.8	3.95814366647211	1	1558	0.0291508792002766
AZ	04015	4	6.24269277675024	2	7258	0.0291508792002766
AZ	04015	10.1	9.51199351540968	3	18539	0.0291508792002766
AZ	04015	20.2	13.8227248378147	4	52895	0.0291508792002766
AZ	04015	26.1	18.9318549069117	5	68486	0.0291508792002766
AZ	04015	29.5	24.2748414523938	6	76608	0.0291508792002766
AZ	04015	31.1	29.1786090612366	7	81357	0.0291508792002766
AZ	04015	33	33.168632294632	8	85819	0.0291508792002766
AZ	04015	35.3	36.1089929130435	9	90163	0.0291508792002766
AZ	04015	36.7	38.121402051297	10	87749	0.0291508792002766
AZ	04015	38	39.4299870000728	11	90819	0.0291508792002766
AZ	04015	39.3	40.2528046201174	12	94528	0.0291508792002766
AZ	04015	40.2	40.7593030233214	13	98526	0.0291508792002766
AZ	04015	40.8	41.0670186081075	14	100200	0.0291508792002766
AZ	04015	41.3	41.2524772859633	15	101334	0.0291508792002766
AZ	04015	41.7	41.3637139337249	16	102632	0.0291508792002766
AZ	04015	42	41.4302396694798	17	102471	0.0291508792002766
AZ	04017	0	2.9422921350256	0	62	0.0152394989391674
AZ	04017	3.7	4.55478281444288	1	1558	0.0152394989391674
AZ	04017	16.4	6.95098460409088	2	7258	0.0152394989391674
AZ	04017	28.8	10.3888495442318	3	18539	0.0152394989391674
AZ	04017	36.9	15.0804720350511	4	52895	0.0152394989391674
AZ	04017	41.5	21.064091667574	5	68486	0.0152394989391674
AZ	04017	47.5	28.069841877601	6	76608	0.0152394989391674
AZ	04017	50.2	35.4958437821836	7	81357	0.0152394989391674
AZ	04017	57.2	42.5819229356832	8	85819	0.0152394989391674
AZ	04017	60.4	48.6969099381351	9	90163	0.0152394989391674
AZ	04017	62.5	53.5325484395069	10	87749	0.0152394989391674
AZ	04017	64.3	57.0990896498262	11	90819	0.0152394989391674
AZ	04017	68.4	59.5966549484704	12	94528	0.0152394989391674
AZ	04017	71.4	61.2827879213814	13	98526	0.0152394989391674
AZ	04017	75.8	62.3931704791545	14	100200	0.0152394989391674
AZ	04017	76.8	63.1124786491351	15	101334	0.0152394989391674
AZ	04017	77.8	63.5734985680971	16	102632	0.0152394989391674
AZ	04017	78.4	63.8669568129779	17	102471	0.0152394989391674
AZ	04019	0	1.28010909030622	0	62	0.14388236278454
AZ	04019	1.9	2.2905958820241	1	1558	0.14388236278454
AZ	04019	8.8	4.04620832317265	2	7258	0.14388236278454
AZ	04019	19.9	6.99172239368406	3	18539	0.14388236278454
AZ	04019	37.4	11.6555481506326	4	52895	0.14388236278454
AZ	04019	45.4	18.4030913412123	5	68486	0.14388236278454
AZ	04019	50.7	26.9921973228149	6	76608	0.14388236278454
AZ	04019	52.7	36.3061529323664	7	81357	0.14388236278454
AZ	04019	55.3	44.8040133380801	8	85819	0.14388236278454
AZ	04019	57.8	51.4193629829619	9	90163	0.14388236278454
AZ	04019	59.7	55.9610646686583	10	87749	0.14388236278454
AZ	04019	61.4	58.8166071990731	11	90819	0.14388236278454
AZ	04019	64	60.5138911127624	12	94528	0.14388236278454
AZ	04019	66.1	61.4892181153326	13	98526	0.14388236278454
AZ	04019	67.5	62.0388292382152	14	100200	0.14388236278454
AZ	04019	68.4	62.3451354941901	15	101334	0.14388236278454
AZ	04019	69.2	62.514792508036	16	102632	0.14388236278454
AZ	04019	69.8	62.6084405892716	17	102471	0.14388236278454
AZ	04021	0	1.85689649226058	0	62	0.0635811228819585
AZ	04021	0.9	3.04593945002633	1	1558	0.0635811228819585
AZ	04021	5.7	4.92100674574439	2	7258	0.0635811228819585
AZ	04021	15.1	7.7656360063779	3	18539	0.0635811228819585
AZ	04021	26	11.8373783861975	4	52895	0.0635811228819585
AZ	04021	32.1	17.2055226951665	5	68486	0.0635811228819585
AZ	04021	36.5	23.5643527206005	6	76608	0.0635811228819585
AZ	04021	38.8	30.2075646719738	7	81357	0.0635811228819585
AZ	04021	41.5	36.2964836756684	8	85819	0.0635811228819585
AZ	04021	44.4	41.2433667133052	9	90163	0.0635811228819585
AZ	04021	46.5	44.8834048434965	10	87749	0.0635811228819585
AZ	04021	48.1	47.371228059806	11	90819	0.0635811228819585
AZ	04021	50	48.9869521116943	12	94528	0.0635811228819585
AZ	04021	51.6	50.0017768212948	13	98526	0.0635811228819585
AZ	04021	52.7	50.6258506888218	14	100200	0.0635811228819585
AZ	04021	53.5	51.0046536912159	15	101334	0.0635811228819585
AZ	04021	54.1	51.2327624184386	16	102632	0.0635811228819585
AZ	04021	54.4	51.3694692526325	17	102471	0.0635811228819585
AZ	04023	0	1.69441512660637	0	62	0.00638821374701063
AZ	04023	0.8	3.33107817339584	1	1558	0.00638821374701063
AZ	04023	9.3	6.42257088094203	2	7258	0.00638821374701063
AZ	04023	22.8	11.9487685162372	3	18539	0.00638821374701063
AZ	04023	46.6	20.9180830180382	4	52895	0.00638821374701063
AZ	04023	62.4	33.4193470924826	5	68486	0.00638821374701063
AZ	04023	74.6	47.5936134420743	6	76608	0.00638821374701063
AZ	04023	78.1	60.3489607242758	7	81357	0.00638821374701063
AZ	04023	84.5	69.6513129420638	8	85819	0.00638821374701063
AZ	04023	88.7	75.4467093871591	9	90163	0.00638821374701063
AZ	04023	90.9	78.7103752511596	10	87749	0.00638821374701063
AZ	04023	93.7	80.4445051830524	11	90819	0.00638821374701063
AZ	04023	95	81.3375236939754	12	94528	0.00638821374701063
AZ	04023	95	81.7899877488039	13	98526	0.00638821374701063
AZ	04023	95	82.0173501956639	14	100200	0.00638821374701063
AZ	04023	95	82.1311250338805	15	101334	0.00638821374701063
AZ	04023	95	82.1879407460994	16	102632	0.00638821374701063
AZ	04023	95	82.2162832611948	17	102471	0.00638821374701063
AZ	04025	0	1.45485246137231	0	62	0.0322995110264625
AZ	04025	0.8	2.64886025909258	1	1558	0.0322995110264625
AZ	04025	6.5	4.72288131445873	2	7258	0.0322995110264625
AZ	04025	18.9	8.12831676198493	3	18539	0.0322995110264625
AZ	04025	28	13.2343982009338	4	52895	0.0322995110264625
AZ	04025	32.1	19.9351735385201	5	68486	0.0322995110264625
AZ	04025	34.8	27.3428629345477	6	76608	0.0322995110264625
AZ	04025	36	34.1286411197452	7	81357	0.0322995110264625
AZ	04025	37.6	39.3546431172872	8	85819	0.0322995110264625
AZ	04025	39.5	42.8669378753853	9	90163	0.0322995110264625
AZ	04025	40.9	45.0166799589818	10	87749	0.0322995110264625
AZ	04025	42.7	46.2579556530812	11	90819	0.0322995110264625
AZ	04025	44.5	46.9506705183678	12	94528	0.0322995110264625
AZ	04025	45.5	47.3299171528612	13	98526	0.0322995110264625
AZ	04025	46	47.5353712212243	14	100200	0.0322995110264625
AZ	04025	46.4	47.6460396459521	15	101334	0.0322995110264625
AZ	04025	46.9	47.7054678926129	16	102632	0.0322995110264625
AZ	04025	47.2	47.7373276256094	17	102471	0.0322995110264625
AZ	04027	0	1.76544369963993	0	62	0.0293715224812285
AZ	04027	1.3	2.93744991303967	1	1558	0.0293715224812285
AZ	04027	5	4.82344417473217	2	7258	0.0293715224812285
AZ	04027	13.3	7.75674365012644	3	18539	0.0293715224812285
AZ	04027	30.9	12.0856195498194	4	52895	0.0293715224812285
AZ	04027	40	18.0033684886699	5	68486	0.0293715224812285
AZ	04027	46.6	25.2998298438444	6	76608	0.0293715224812285
AZ	04027	49.5	33.2327207791995	7	81357	0.0293715224812285
AZ	04027	52.8	40.7603635440383	8	85819	0.0293715224812285
AZ	04027	56.4	47.0355460501502	9	90163	0.0293715224812285
AZ	04027	58.5	51.7258741065049	10	87749	0.0293715224812285
AZ	04027	60.3	54.9534705124042	11	90819	0.0293715224812285
AZ	04027	64.1	57.050166027277	12	94528	0.0293715224812285
AZ	04027	66.4	58.3616867137378	13	98526	0.0293715224812285
AZ	04027	68.3	59.1627627635056	14	100200	0.0293715224812285
AZ	04027	69.8	59.6449622566371	15	101334	0.0293715224812285
AZ	04027	70.4	59.9326683007611	16	102632	0.0293715224812285
AZ	04027	70.9	60.1034264810722	17	102471	0.0293715224812285
