1044	6
06001	0	3774	0	828	0.0422990374396298
06001	28110	8541	1	631560	0.0422990374396298
06001	118678	19238	2	2950425	0.0422990374396298
06001	360465	42872	3	6669966	0.0422990374396298
06001	635227	93358	4	12496112	0.0422990374396298
06001	916662	193838	5	17294112	0.0422990374396298
06001	1036250	368347	6	19820497	0.0422990374396298
06001	1081727	610140	7	20965867	0.0422990374396298
06001	1123747	858085	8	22173635	0.0422990374396298
06001	1160690	1045017	9	23325382	0.0422990374396298
06001	1191304	1155857	10	24246914	0.0422990374396298
06001	1217299	1212465	11	25000226	0.0422990374396298
06001	1291362	1239180	12	26204696	0.0422990374396298
06001	1333198	1251316	13	27307403	0.0422990374396298
06001	1355408	1256733	14	27841658	0.0422990374396298
06001	1365964	1259133	15	28108422	0.0422990374396298
06001	1372837	1260192	16	28471626	0.0422990374396298
06001	1380863	1260659	17	28688774	0.0422990374396298
06005	0	781	0	828	0.0010060684259653
06005	552	1408	1	631560	0.0010060684259653
06005	2554	2475	2	2950425	0.0010060684259653
06005	6754	4174	3	6669966	0.0010060684259653
06005	11159	6612	4	12496112	0.0010060684259653
06005	13886	9637	5	17294112	0.0010060684259653
06005	15113	12776	6	19820497	0.0010060684259653
06005	15842	15485	7	20965867	0.0010060684259653
06005	16697	17475	8	22173635	0.0010060684259653
06005	18664	18771	9	23325382	0.0010060684259653
06005	19609	19550	10	24246914	0.0010060684259653
06005	20375	19995	11	25000226	0.0010060684259653
06005	20883	20243	12	26204696	0.0010060684259653
06005	20600	20379	13	27307403	0.0010060684259653
06005	20899	20453	14	27841658	0.0010060684259653
06005	21029	20492	15	28108422	0.0010060684259653
06005	21197	20514	16	28471626	0.0010060684259653
06005	21392	20525	17	28688774	0.0010060684259653
06007	0	3210	0	828	0.00554729608607443
06007	4963	5432	1	631560	0.00554729608607443
06007	20337	9072	2	2950425	0.00554729608607443
06007	38723	14832	3	6669966	0.00554729608607443
06007	64522	23468	4	12496112	0.00554729608607443
06007	75930	35419	5	17294112	0.00554729608607443
06007	84110	50248	6	19820497	0.00554729608607443
06007	88714	66347	7	20965867	0.00554729608607443
06007	93934	81476	8	22173635	0.00554729608607443
06007	99551	93882	9	23325382	0.00554729608607443
06007	104026	102968	10	24246914	0.00554729608607443
06007	107000	109087	11	25000226	0.00554729608607443
06007	110725	112978	12	26204696	0.00554729608607443
06007	114446	115363	13	27307403	0.00554729608607443
06007	116183	116791	14	27841658	0.00554729608607443
06007	117106	117635	15	28108422	0.00554729608607443
06007	117755	118130	16	28471626	0.00554729608607443
06007	118506	118419	17	28688774	0.00554729608607443
06009	0	616	0	828	0.00116179239016747
06009	741	1184	1	631560	0.00116179239016747
06009	3416	2229	2	2950425	0.00116179239016747
06009	8360	4040	3	6669966	0.00116179239016747
06009	13063	6878	4	12496112	0.00116179239016747
06009	15929	10695	5	17294112	0.00116179239016747
06009	17398	14894	6	19820497	0.00116179239016747
06009	18149	18604	7	20965867	0.00116179239016747
06009	19300	21299	8	22173635	0.00116179239016747
06009	23725	22991	9	23325382	0.00116179239016747
06009	25624	23958	10	24246914	0.00116179239016747
06009	26950	24481	11	25000226	0.00116179239016747
06009	27757	24756	12	26204696	0.00116179239016747
06009	24102	24897	13	27307403	0.00116179239016747
06009	24570	24970	14	27841658	0.00116179239016747
06009	24691	25007	15	28108422	0.00116179239016747
06009	25048	25026	16	28471626	0.00116179239016747
06009	25234	25036	17	28688774	0.00116179239016747
06011	0	390	0	828	0.000545324923884946
06011	0	693	1	631560	0.000545324923884946
06011	823	1207	2	2950425	0.000545324923884946
06011	2763	2032	3	6669966	0.000545324923884946
06011	5388	3253	4	12496112	0.000545324923884946
06011	7437	4850	5	17294112	0.000545324923884946
06011	8384	6636	6	19820497	0.000545324923884946
06011	9075	8316	7	20965867	0.000545324923884946
06011	9862	9656	8	22173635	0.000545324923884946
06011	10653	10592	9	23325382	0.000545324923884946
06011	11148	11186	10	24246914	0.000545324923884946
06011	11505	11541	11	25000226	0.000545324923884946
06011	12001	11746	12	26204696	0.000545324923884946
06011	12581	11861	13	27307403	0.000545324923884946
06011	12860	11925	14	27841658	0.000545324923884946
06011	13031	11961	15	28108422	0.000545324923884946
06011	13108	11980	16	28471626	0.000545324923884946
06011	13276	11991	17	28688774	0.000545324923884946
06013	0	3398	0	828	0.029194155945111
06013	23520	7366	1	631560	0.029194155945111
06013	105631	15884	2	2950425	0.029194155945111
06013	253736	33855	3	6669966	0.029194155945111
06013	477369	70439	4	12496112	0.029194155945111
06013	634043	139782	5	17294112	0.029194155945111
06013	706469	255038	6	19820497	0.029194155945111
06013	736154	410370	7	20965867	0.029194155945111
06013	768378	569638	8	22173635	0.029194155945111
06013	798306	693130	9	23325382	0.029194155945111
06013	827209	769734	10	24246914	0.029194155945111
06013	846422	810874	11	25000226	0.029194155945111
06013	890234	831270	12	26204696	0.029194155945111
06013	918406	840980	13	27307403	0.029194155945111
06013	932346	845514	14	27841658	0.029194155945111
06013	938429	847612	15	28108422	0.029194155945111
06013	943544	848579	16	28471626	0.029194155945111
06013	948617	849023	17	28688774	0.029194155945111
06015	0	616	0	828	0.000703883453988403
06015	208	1013	1	631560	0.000703883453988403
06015	1076	1632	2	2950425	0.000703883453988403
06015	2977	2549	3	6669966	0.000703883453988403
06015	5669	3808	4	12496112	0.000703883453988403
06015	7059	5370	5	17294112	0.000703883453988403
06015	7924	7077	6	19820497	0.000703883453988403
06015	8338	8707	7	20965867	0.000703883453988403
06015	8971	10071	8	22173635	0.000703883453988403
06015	9873	11095	9	23325382	0.000703883453988403
06015	10422	11801	10	24246914	0.000703883453988403
06015	10760	12260	11	25000226	0.000703883453988403
06015	11228	12548	12	26204696	0.000703883453988403
06015	11642	12723	13	27307403	0.000703883453988403
06015	11834	12829	14	27841658	0.000703883453988403
06015	11958	12892	15	28108422	0.000703883453988403
06015	12086	12929	16	28471626	0.000703883453988403
06015	12214	12951	17	28688774	0.000703883453988403
06017	0	1554	0	828	0.00488059100091635
06017	3264	3205	1	631560	0.00488059100091635
06017	15935	6509	2	2950425	0.00488059100091635
06017	34977	12825	3	6669966	0.00488059100091635
06017	61133	23919	4	12496112	0.00488059100091635
06017	79735	40772	5	17294112	0.00488059100091635
06017	91961	61469	6	19820497	0.00488059100091635
06017	96306	81157	7	20965867	0.00488059100091635
06017	101078	95825	8	22173635	0.00488059100091635
06017	105412	104883	9	23325382	0.00488059100091635
06017	108853	109845	10	24246914	0.00488059100091635
06017	111415	112387	11	25000226	0.00488059100091635
06017	115370	113643	12	26204696	0.00488059100091635
06017	117990	114253	13	27307403	0.00488059100091635
06017	119583	114547	14	27841658	0.00488059100091635
06017	120282	114688	15	28108422	0.00488059100091635
06017	120792	114756	16	28471626	0.00488059100091635
06017	121660	114788	17	28688774	0.00488059100091635
06019	0	13989	0	828	0.0252858716655856
06019	14233	23228	1	631560	0.0252858716655856
06019	61965	38161	2	2950425	0.0252858716655856
06019	149980	61640	3	6669966	0.0252858716655856
06019	284500	96997	4	12496112	0.0252858716655856
06019	354707	146933	5	17294112	0.0252858716655856
06019	402846	211421	6	19820497	0.0252858716655856
06019	428318	285719	7	20965867	0.0252858716655856
06019	459704	360852	8	22173635	0.0252858716655856
06019	494167	427448	9	23325382	0.0252858716655856
06019	521584	479924	10	24246914	0.0252858716655856
06019	540940	517571	11	25000226	0.0252858716655856
06019	568491	542798	12	26204696	0.0252858716655856
06019	586621	558939	13	27307403	0.0252858716655856
06019	600177	568963	14	27841658	0.0252858716655856
06019	607625	575074	15	28108422	0.0252858716655856
06019	612236	578757	16	28471626	0.0252858716655856
06019	615975	580961	17	28688774	0.0252858716655856
06021	0	831	0	828	0.000718587764601349
06021	400	1343	1	631560	0.000718587764601349
06021	1879	2121	2	2950425	0.000718587764601349
06021	4326	3239	3	6669966	0.000718587764601349
06021	7649	4719	4	12496112	0.000718587764601349
06021	9395	6481	5	17294112	0.000718587764601349
06021	10417	8332	6	19820497	0.000718587764601349
06021	11243	10039	7	20965867	0.000718587764601349
06021	11997	11432	8	22173635	0.000718587764601349
06021	12907	12462	9	23325382	0.000718587764601349
06021	13598	13167	10	24246914	0.000718587764601349
06021	14050	13627	11	25000226	0.000718587764601349
06021	14592	13915	12	26204696	0.000718587764601349
06021	15161	14093	13	27307403	0.000718587764601349
06021	15457	14201	14	27841658	0.000718587764601349
06021	15651	14266	15	28108422	0.000718587764601349
06021	15752	14305	16	28471626	0.000718587764601349
06021	15861	14328	17	28688774	0.000718587764601349
06023	0	1870	0	828	0.00343078646827844
06023	2210	3476	1	631560	0.00343078646827844
06023	11293	6357	2	2950425	0.00343078646827844
06023	25120	11297	3	6669966	0.00343078646827844
06023	42066	19149	4	12496112	0.00343078646827844
06023	57717	30242	5	17294112	0.00343078646827844
06023	65737	43558	6	19820497	0.00343078646827844
06023	69265	56743	7	20965867	0.00343078646827844
06023	72855	67530	8	22173635	0.00343078646827844
06023	76590	75060	9	23325382	0.00343078646827844
06023	79199	79753	10	24246914	0.00343078646827844
06023	81092	82474	11	25000226	0.00343078646827844
06023	84727	83986	12	26204696	0.00343078646827844
06023	87002	84806	13	27307403	0.00343078646827844
06023	88234	85246	14	27841658	0.00343078646827844
06023	88929	85480	15	28108422	0.00343078646827844
06023	89451	85604	16	28471626	0.00343078646827844
06023	89987	85669	17	28688774	0.00343078646827844
06025	0	2484	0	828	0.00458630231966447
06025	1029	4015	1	631560	0.00458630231966447
06025	8240	6448	2	2950425	0.00458630231966447
06025	24327	10245	3	6669966	0.00458630231966447
06025	46341	16013	4	12496112	0.00458630231966447
06025	74065	24426	5	17294112	0.00458630231966447
06025	90419	35996	6	19820497	0.00458630231966447
06025	103266	50681	7	20965867	0.00458630231966447
06025	111458	67537	8	22173635	0.00458630231966447
06025	119672	84786	9	23325382	0.00458630231966447
06025	126553	100487	10	24246914	0.00458630231966447
06025	131208	113324	11	25000226	0.00458630231966447
06025	142427	122932	12	26204696	0.00458630231966447
06025	150777	129656	13	27307403	0.00458630231966447
06025	158818	134145	14	27841658	0.00458630231966447
06025	165624	137048	15	28108422	0.00458630231966447
06025	168571	138886	16	28471626	0.00458630231966447
06025	172832	140035	17	28688774	0.00458630231966447
06029	0	14929	0	828	0.0227828740488734
06029	6542	23808	1	631560	0.0227828740488734
06029	41265	37538	2	2950425	0.0227828740488734
06029	102385	58173	3	6669966	0.0227828740488734
06029	205068	87885	4	12496112	0.0227828740488734
06029	261623	128139	5	17294112	0.0227828740488734
06029	297228	178393	6	19820497	0.0227828740488734
06029	318597	235101	7	20965867	0.0227828740488734
06029	344310	292237	8	22173635	0.0227828740488734
06029	376905	343594	9	23325382	0.0227828740488734
06029	402470	385233	10	24246914	0.0227828740488734
06029	419880	416258	11	25000226	0.0227828740488734
06029	440971	437951	12	26204696	0.0227828740488734
06029	461132	452454	13	27307403	0.0227828740488734
06029	474341	461860	14	27841658	0.0227828740488734
06029	480467	467842	15	28108422	0.0227828740488734
06029	483893	471599	16	28471626	0.0227828740488734
06029	487442	473940	17	28688774	0.0227828740488734
06031	0	2498	0	828	0.00387070097270913
06031	713	3840	1	631560	0.00387070097270913
06031	4166	5847	2	2950425	0.00387070097270913
06031	13411	8781	3	6669966	0.00387070097270913
06031	28010	12927	4	12496112	0.00387070097270913
06031	34780	18516	5	17294112	0.00387070097270913
06031	41887	25587	6	19820497	0.00387070097270913
06031	45806	33850	7	20965867	0.00387070097270913
06031	49973	42655	8	22173635	0.00387070097270913
06031	55204	51161	9	23325382	0.00387070097270913
06031	59588	58636	10	24246914	0.00387070097270913
06031	62305	64675	11	25000226	0.00387070097270913
06031	65617	69233	12	26204696	0.00387070097270913
06031	73026	72500	13	27307403	0.00387070097270913
06031	75642	74754	14	27841658	0.00387070097270913
06031	76600	76270	15	28108422	0.00387070097270913
06031	77203	77271	16	28471626	0.00387070097270913
06031	77756	77925	17	28688774	0.00387070097270913
06033	0	1262	0	828	0.00162952107250458
06033	673	2193	1	631560	0.00162952107250458
06033	4191	3740	2	2950425	0.00162952107250458
06033	12915	6182	3	6669966	0.00162952107250458
06033	19780	9745	4	12496112	0.00162952107250458
06033	24165	14389	5	17294112	0.00162952107250458
06033	26642	19626	6	19820497	0.00162952107250458
06033	28400	24651	7	20965867	0.00162952107250458
06033	30323	28776	8	22173635	0.00162952107250458
06033	32612	31752	9	23325382	0.00162952107250458
06033	34139	33704	10	24246914	0.00162952107250458
06033	35055	34906	11	25000226	0.00162952107250458
06033	35957	35617	12	26204696	0.00162952107250458
06033	36951	36028	13	27307403	0.00162952107250458
06033	37573	36263	14	27841658	0.00162952107250458
06033	37974	36395	15	28108422	0.00162952107250458
06033	38226	36470	16	28471626	0.00162952107250458
06033	38484	36512	17	28688774	0.00162952107250458
06035	0	739	0	828	0.000773760565180046
06035	287	1229	1	631560	0.000773760565180046
06035	2107	1989	2	2950425	0.000773760565180046
06035	3562	3088	3	6669966	0.000773760565180046
06035	6127	4531	4	12496112	0.000773760565180046
06035	7418	6200	5	17294112	0.000773760565180046
06035	7949	7870	6	19820497	0.000773760565180046
06035	8281	9315	7	20965867	0.000773760565180046
06035	8648	10417	8	22173635	0.000773760565180046
06035	9361	11179	9	23325382	0.000773760565180046
06035	10111	11671	10	24246914	0.000773760565180046
06035	10696	11975	11	25000226	0.000773760565180046
06035	11014	12157	12	26204696	0.000773760565180046
06035	11228	12264	13	27307403	0.000773760565180046
06035	11361	12327	14	27841658	0.000773760565180046
06035	11463	12363	15	28108422	0.000773760565180046
06035	11545	12385	16	28471626	0.000773760565180046
06035	11590	12397	17	28688774	0.000773760565180046
06037	149	89294	0	828	0.254075985550092
06037	155585	161161	1	631560	0.254075985550092
06037	760309	288379	2	2950425	0.254075985550092
06037	1622395	508319	3	6669966	0.254075985550092
06037	3173454	873461	4	12496112	0.254075985550092
06037	4432248	1440726	5	17294112	0.254075985550092
06037	5091691	2237075	6	19820497	0.254075985550092
06037	5401922	3209445	7	20965867	0.254075985550092
06037	5726712	4213244	8	22173635	0.254075985550092
06037	5990060	5084983	9	23325382	0.254075985550092
06037	6227506	5735435	10	24246914	0.254075985550092
06037	6444398	6167891	11	25000226	0.254075985550092
06037	6767168	6433793	12	26204696	0.254075985550092
06037	7014418	6589503	13	27307403	0.254075985550092
06037	7141862	6678093	14	27841658	0.254075985550092
06037	7202302	6727669	15	28108422	0.254075985550092
06037	7246472	6755157	16	28471626	0.254075985550092
06037	7299236	6770319	17	28688774	0.254075985550092
06039	0	2676	0	828	0.00398172990671773
06039	1244	4337	1	631560	0.00398172990671773
06039	8002	6940	2	2950425	0.00398172990671773
06039	21251	10888	3	6669966	0.00398172990671773
06039	39279	16590	4	12496112	0.00398172990671773
06039	50408	24268	5	17294112	0.00398172990671773
06039	56146	33689	6	19820497	0.00398172990671773
06039	59050	44012	7	20965867	0.00398172990671773
06039	62941	54010	8	22173635	0.00398172990671773
06039	67856	62603	9	23325382	0.00398172990671773
06039	71788	69260	10	24246914	0.00398172990671773
06039	74486	74016	11	25000226	0.00398172990671773
06039	78240	77219	12	26204696	0.00398172990671773
06039	81330	79292	13	27307403	0.00398172990671773
06039	83279	80600	14	27841658	0.00398172990671773
06039	84430	81411	15	28108422	0.00398172990671773
06039	85124	81909	16	28471626	0.00398172990671773
06039	85696	82213	17	28688774	0.00398172990671773
06041	0	590	0	828	0.00655052994613844
06041	5526	1432	1	631560	0.00655052994613844
06041	28590	3456	2	2950425	0.00655052994613844
06041	75075	8227	3	6669966	0.00655052994613844
06041	133224	18963	4	12496112	0.00655052994613844
06041	167371	40799	5	17294112	0.00655052994613844
06041	185182	77314	6	19820497	0.00655052994613844
06041	190357	122154	7	20965867	0.00655052994613844
06041	195436	160280	8	22173635	0.00655052994613844
06041	199085	183811	9	23325382	0.00655052994613844
06041	202660	195588	10	24246914	0.00655052994613844
06041	206159	200866	11	25000226	0.00655052994613844
06041	219169	203115	12	26204696	0.00655052994613844
06041	225445	204051	13	27307403	0.00655052994613844
06041	227376	204438	14	27841658	0.00655052994613844
06041	228419	204597	15	28108422	0.00655052994613844
06041	229542	204662	16	28471626	0.00655052994613844
06041	231038	204689	17	28688774	0.00655052994613844
06045	0	1228	0	828	0.00219549783367036
06045	1436	2243	1	631560	0.00219549783367036
06045	9568	4035	2	2950425	0.00219549783367036
06045	20588	7068	3	6669966	0.00219549783367036
06045	31649	11860	4	12496112	0.00219549783367036
06045	38437	18656	5	17294112	0.00219549783367036
06045	42669	26959	6	19820497	0.00219549783367036
06045	44902	35435	7	20965867	0.00219549783367036
06045	47735	42638	8	22173635	0.00219549783367036
06045	50310	47867	9	23325382	0.00219549783367036
06045	52225	51245	10	24246914	0.00219549783367036
06045	53578	53265	11	25000226	0.00219549783367036
06045	55467	54418	12	26204696	0.00219549783367036
06045	57084	55058	13	27307403	0.00219549783367036
06045	57905	55409	14	27841658	0.00219549783367036
06045	58363	55599	15	28108422	0.00219549783367036
06045	58705	55701	16	28471626	0.00219549783367036
06045	59068	55757	17	28688774	0.00219549783367036
06047	0	3344	0	828	0.00702769874527181
06047	2156	5460	1	631560	0.00702769874527181
06047	11486	8836	2	2950425	0.00702769874527181
06047	27382	14097	3	6669966	0.00702769874527181
06047	54122	22010	4	12496112	0.00702769874527181
06047	69369	33289	5	17294112	0.00702769874527181
06047	82533	48204	6	19820497	0.00702769874527181
06047	87559	66077	7	20965867	0.00702769874527181
06047	97909	85135	8	22173635	0.00702769874527181
06047	112625	103083	9	23325382	0.00702769874527181
06047	120961	118118	10	24246914	0.00702769874527181
06047	128707	129522	11	25000226	0.00702769874527181
06047	134741	137540	12	26204696	0.00702769874527181
06047	132093	142879	13	27307403	0.00702769874527181
06047	136181	146308	14	27841658	0.00702769874527181
06047	138627	148459	15	28108422	0.00702769874527181
06047	140333	149789	16	28471626	0.00702769874527181
06047	142343	150603	17	28688774	0.00702769874527181
06053	0	3989	0	828	0.0109854866935733
06053	5061	7112	1	631560	0.0109854866935733
06053	22962	12576	2	2950425	0.0109854866935733
06053	59384	21913	3	6669966	0.0109854866935733
06053	132144	37257	4	12496112	0.0109854866935733
06053	185801	60922	5	17294112	0.0109854866935733
06053	212546	94065	6	19820497	0.0109854866935733
06053	225870	134722	7	20965867	0.0109854866935733
06053	238737	177210	8	22173635	0.0109854866935733
06053	252321	214786	9	23325382	0.0109854866935733
06053	262496	243418	10	24246914	0.0109854866935733
06053	270421	262855	11	25000226	0.0109854866935733
06053	283746	275038	12	26204696	0.0109854866935733
06053	299960	282296	13	27307403	0.0109854866935733
06053	307987	286490	14	27841658	0.0109854866935733
06053	312376	288871	15	28108422	0.0109854866935733
06053	315474	290208	16	28471626	0.0109854866935733
06053	318172	290956	17	28688774	0.0109854866935733
06055	0	959	0	828	0.00348611112060184
06055	3309	1938	1	631560	0.00348611112060184
06055	16895	3877	2	2950425	0.00348611112060184
06055	32510	7600	3	6669966	0.00348611112060184
06055	56161	14352	4	12496112	0.00348611112060184
06055	73086	25403	5	17294112	0.00348611112060184
06055	81998	40787	6	19820497	0.00348611112060184
06055	84873	57984	7	20965867	0.00348611112060184
06055	88219	73074	8	22173635	0.00348611112060184
06055	91384	83749	9	23325382	0.00348611112060184
06055	93768	90203	10	24246914	0.00348611112060184
06055	95863	93741	11	25000226	0.00348611112060184
06055	99948	95577	12	26204696	0.00348611112060184
06055	103434	96503	13	27307403	0.00348611112060184
06055	106090	96963	14	27841658	0.00348611112060184
06055	106772	97190	15	28108422	0.00348611112060184
06055	107422	97302	16	28471626	0.00348611112060184
06055	108195	97356	17	28688774	0.00348611112060184
06057	0	826	0	828	0.00252466179895776
06057	983	1814	1	631560	0.00252466179895776
06057	7085	3909	2	2950425	0.00252466179895776
06057	18541	8099	3	6669966	0.00252466179895776
06057	32433	15575	4	12496112	0.00252466179895776
06057	41587	26554	5	17294112	0.00252466179895776
06057	47978	38810	6	19820497	0.00252466179895776
06057	49965	48924	7	20965867	0.00252466179895776
06057	52194	55389	8	22173635	0.00252466179895776
06057	54622	58875	9	23325382	0.00252466179895776
06057	56704	60582	10	24246914	0.00252466179895776
06057	58218	61380	11	25000226	0.00252466179895776
06057	60565	61744	12	26204696	0.00252466179895776
06057	62126	61908	13	27307403	0.00252466179895776
06057	62878	61982	14	27841658	0.00252466179895776
06057	63253	62015	15	28108422	0.00252466179895776
06057	63708	62030	16	28471626	0.00252466179895776
06057	64247	62037	17	28688774	0.00252466179895776
06059	0	14291	0	828	0.0803723951446619
06059	45421	29254	1	631560	0.0803723951446619
06059	265086	59431	2	2950425	0.0803723951446619
06059	509340	118915	3	6669966	0.0803723951446619
06059	1063855	231068	4	12496112	0.0803723951446619
06059	1464232	425827	5	17294112	0.0803723951446619
06059	1668989	720197	6	19820497	0.0803723951446619
06059	1772573	1083381	7	20965867	0.0803723951446619
06059	1867273	1434080	8	22173635	0.0803723951446619
06059	1946921	1701118	9	23325382	0.0803723951446619
06059	2011029	1869976	10	24246914	0.0803723951446619
06059	2063041	1964542	11	25000226	0.0803723951446619
06059	2148506	2013930	12	26204696	0.0803723951446619
06059	2216275	2038786	13	27307403	0.0803723951446619
06059	2251957	2051061	14	27841658	0.0803723951446619
06059	2266915	2057068	15	28108422	0.0803723951446619
06059	2279609	2059993	16	28471626	0.0803723951446619
06059	2300848	2061415	17	28688774	0.0803723951446619
06061	0	3291	0	828	0.010081158936565
06061	7180	6551	1	631560	0.010081158936565
06061	41484	12869	2	2950425	0.010081158936565
06061	82488	24654	3	6669966	0.010081158936565
06061	133424	45143	4	12496112	0.010081158936565
06061	174144	76763	5	17294112	0.010081158936565
06061	197063	117582	6	19820497	0.010081158936565
06061	206634	159663	7	20965867	0.010081158936565
06061	217733	194092	8	22173635	0.010081158936565
06061	228627	217318	9	23325382	0.010081158936565
06061	236898	231021	10	24246914	0.010081158936565
06061	242695	238473	11	25000226	0.010081158936565
06061	253681	242348	12	26204696	0.010081158936565
06061	260963	244315	13	27307403	0.010081158936565
06061	266574	245303	14	27841658	0.010081158936565
06061	268067	245795	15	28108422	0.010081158936565
06061	269402	246039	16	28471626	0.010081158936565
06061	271017	246161	17	28688774	0.010081158936565
06065	0	33376	0	828	0.0625261200818795
06065	21536	56520	1	631560	0.0625261200818795
06065	137258	94615	2	2950425	0.0625261200818795
06065	342742	155455	3	6669966	0.0625261200818795
06065	629445	248079	4	12496112	0.0625261200818795
06065	852297	379305	5	17294112	0.0625261200818795
06065	974029	547452	6	19820497	0.0625261200818795
06065	1041547	737212	7	20965867	0.0625261200818795
06065	1122786	922976	8	22173635	0.0625261200818795
06065	1202998	1081163	9	23325382	0.0625261200818795
06065	1260403	1200647	10	24246914	0.0625261200818795
06065	1299595	1282975	11	25000226	0.0625261200818795
06065	1350912	1336174	12	26204696	0.0625261200818795
06065	1402288	1369139	13	27307403	0.0625261200818795
06065	1433285	1389037	14	27841658	0.0625261200818795
06065	1447546	1400858	15	28108422	0.0625261200818795
06065	1458520	1407815	16	28471626	0.0625261200818795
06065	1480725	1411886	17	28688774	0.0625261200818795
06067	0	12141	0	828	0.0392804525323721
06067	24221	22816	1	631560	0.0392804525323721
06067	102011	42473	2	2950425	0.0392804525323721
06067	245206	77725	3	6669966	0.0392804525323721
06067	454582	138038	4	12496112	0.0392804525323721
06067	623400	233369	5	17294112	0.0392804525323721
06067	724677	366677	6	19820497	0.0392804525323721
06067	772014	524359	7	20965867	0.0392804525323721
06067	820677	677800	8	22173635	0.0392804525323721
06067	869420	801225	9	23325382	0.0392804525323721
06067	906988	886174	10	24246914	0.0392804525323721
06067	932132	938558	11	25000226	0.0392804525323721
06067	977474	968703	12	26204696	0.0392804525323721
06067	1009409	985364	13	27307403	0.0392804525323721
06067	1033225	994367	14	27841658	0.0392804525323721
06067	1043798	999173	15	28108422	0.0392804525323721
06067	1050837	1001721	16	28471626	0.0392804525323721
06067	1057565	1003068	17	28688774	0.0392804525323721
06069	0	488	0	828	0.00158958406364532
06069	611	904	1	631560	0.00158958406364532
06069	2681	1659	2	2950425	0.00158958406364532
06069	7531	2997	3	6669966	0.00158958406364532
06069	16522	5266	4	12496112	0.00158958406364532
06069	23806	8845	5	17294112	0.00158958406364532
06069	27590	13891	6	19820497	0.00158958406364532
06069	29344	19982	7	20965867	0.00158958406364532
06069	31382	26098	8	22173635	0.00158958406364532
06069	33635	31202	9	23325382	0.00158958406364532
06069	35096	34844	10	24246914	0.00158958406364532
06069	36386	37162	11	25000226	0.00158958406364532
06069	38326	38533	12	26204696	0.00158958406364532
06069	40101	39307	13	27307403	0.00158958406364532
06069	41273	39734	14	27841658	0.00158958406364532
06069	41748	39966	15	28108422	0.00158958406364532
06069	42041	40091	16	28471626	0.00158958406364532
06069	42411	40158	17	28688774	0.00158958406364532
06071	327	27926	0	828	0.055174951811747
06071	31503	46786	1	631560	0.055174951811747
06071	116957	77576	2	2950425	0.055174951811747
06071	272101	126502	3	6669966	0.055174951811747
06071	506865	201003	4	12496112	0.055174951811747
06071	703837	307394	5	17294112	0.055174951811747
06071	818269	446186	6	19820497	0.055174951811747
06071	882036	607342	7	20965867	0.055174951811747
06071	956781	770998	8	22173635	0.055174951811747
06071	1026535	916065	9	23325382	0.055174951811747
06071	1077614	1029954	10	24246914	0.055174951811747
06071	1114200	1111138	11	25000226	0.055174951811747
06071	1160251	1165109	12	26204696	0.055174951811747
06071	1211726	1199345	13	27307403	0.055174951811747
06071	1240616	1220420	14	27841658	0.055174951811747
06071	1254604	1233155	15	28108422	0.055174951811747
06071	1263689	1240764	16	28471626	0.055174951811747
06071	1272642	1245280	17	28688774	0.055174951811747
06073	0	28823	0	828	0.0844885391540739
06073	59271	46668	1	631560	0.0844885391540739
06073	256797	75194	2	2950425	0.0844885391540739
06073	488468	120228	3	6669966	0.0844885391540739
06073	756744	189935	4	12496112	0.0844885391540739
06073	1087792	294606	5	17294112	0.0844885391540739
06073	1372154	444823	6	19820497	0.0844885391540739
06073	1466440	646972	7	20965867	0.0844885391540739
06073	1567075	896681	8	22173635	0.0844885391540739
06073	1663188	1174457	9	23325382	0.0844885391540739
06073	1738264	1449645	10	24246914	0.0844885391540739
06073	1803846	1692687	11	25000226	0.0844885391540739
06073	1904172	1886501	12	26204696	0.0844885391540739
06073	2251472	2028856	13	27307403	0.0844885391540739
06073	2300202	2127220	14	27841658	0.0844885391540739
06073	2342198	2192354	15	28108422	0.0844885391540739
06073	2541015	2234276	16	28471626	0.0844885391540739
06073	2555290	2260767	17	28688774	0.0844885391540739
06075	0	1716	0	828	0.0223107922831879
06075	18861	4238	1	631560	0.0223107922831879
06075	72701	10414	2	2950425	0.0223107922831879
06075	197757	25249	3	6669966	0.0223107922831879
06075	375505	59352	4	12496112	0.0223107922831879
06075	534733	130360	5	17294112	0.0223107922831879
06075	592191	251907	6	19820497	0.0223107922831879
06075	612379	403725	7	20965867	0.0223107922831879
06075	629426	533366	8	22173635	0.0223107922831879
06075	643505	612716	9	23325382	0.0223107922831879
06075	660702	651826	10	24246914	0.0223107922831879
06075	675097	669049	11	25000226	0.0223107922831879
06075	707434	676256	12	26204696	0.0223107922831879
06075	723309	679206	13	27307403	0.0223107922831879
06075	729968	680403	14	27841658	0.0223107922831879
06075	733028	680887	15	28108422	0.0223107922831879
06075	736349	681083	16	28471626	0.0223107922831879
06075	740877	681162	17	28688774	0.0223107922831879
06077	0	9481	0	828	0.0192889172547948
06077	11175	15827	1	631560	0.0192889172547948
06077	41563	26168	2	2950425	0.0192889172547948
06077	100101	42600	3	6669966	0.0192889172547948
06077	178467	67699	4	12496112	0.0192889172547948
06077	246242	103807	5	17294112	0.0192889172547948
06077	281159	151516	6	19820497	0.0192889172547948
06077	302378	207937	7	20965867	0.0192889172547948
06077	330098	266533	8	22173635	0.0192889172547948
06077	377833	319725	9	23325382	0.0192889172547948
06077	404266	362427	10	24246914	0.0192889172547948
06077	424729	393451	11	25000226	0.0192889172547948
06077	448340	414393	12	26204696	0.0192889172547948
06077	424060	427837	13	27307403	0.0192889172547948
06077	436401	436192	14	27841658	0.0192889172547948
06077	444882	441279	15	28108422	0.0192889172547948
06077	449942	444339	16	28471626	0.0192889172547948
06077	454926	446165	17	28688774	0.0192889172547948
06079	0	1129	0	828	0.0071651498828603
06079	5783	2305	1	631560	0.0071651498828603
06079	20477	4674	2	2950425	0.0071651498828603
06079	43937	9343	3	6669966	0.0071651498828603
06079	86055	18167	4	12496112	0.0071651498828603
06079	113504	33597	5	17294112	0.0071651498828603
06079	126712	57233	6	19820497	0.0071651498828603
06079	133125	86990	7	20965867	0.0071651498828603
06079	139581	116423	8	22173635	0.0071651498828603
06079	146251	139349	9	23325382	0.0071651498828603
06079	151865	154104	10	24246914	0.0071651498828603
06079	155766	162469	11	25000226	0.0071651498828603
06079	162065	166874	12	26204696	0.0071651498828603
06079	167519	169103	13	27307403	0.0071651498828603
06079	169711	170208	14	27841658	0.0071651498828603
06079	170800	170751	15	28108422	0.0071651498828603
06079	171776	171016	16	28471626	0.0071651498828603
06079	173231	171145	17	28688774	0.0071651498828603
06081	0	1886	0	828	0.0194009079165199
06081	15736	4329	1	631560	0.0194009079165199
06081	67933	9882	2	2950425	0.0194009079165199
06081	173164	22279	3	6669966	0.0194009079165199
06081	310633	48900	4	12496112	0.0194009079165199
06081	440091	101542	5	17294112	0.0194009079165199
06081	499391	190544	6	19820497	0.0194009079165199
06081	517919	307481	7	20965867	0.0194009079165199
06081	534212	419071	8	22173635	0.0194009079165199
06081	548095	497394	9	23325382	0.0194009079165199
06081	561458	541288	10	24246914	0.0194009079165199
06081	574821	562840	11	25000226	0.0194009079165199
06081	605230	572734	12	26204696	0.0194009079165199
06081	626764	577136	13	27307403	0.0194009079165199
06081	635967	579067	14	27841658	0.0194009079165199
06081	639603	579909	15	28108422	0.0194009079165199
06081	642489	580275	16	28471626	0.0194009079165199
06081	646619	580434	17	28688774	0.0194009079165199
06083	0	3227	0	828	0.0113002753603613
06083	5773	6382	1	631560	0.0113002753603613
06083	35472	12493	2	2950425	0.0113002753603613
06083	71062	23973	3	6669966	0.0113002753603613
06083	149198	44365	4	12496112	0.0113002753603613
06083	205638	77218	5	17294112	0.0113002753603613
06083	230540	122647	6	19820497	0.0113002753603613
06083	242429	173785	7	20965867	0.0113002753603613
06083	254107	219578	8	22173635	0.0113002753603613
06083	266011	252911	9	23325382	0.0113002753603613
06083	276206	273692	10	24246914	0.0113002753603613
06083	283686	285423	11	25000226	0.0113002753603613
06083	295311	291676	12	26204696	0.0113002753603613
06083	305429	294907	13	27307403	0.0113002753603613
06083	312733	296551	14	27841658	0.0113002753603613
06083	315523	297380	15	28108422	0.0113002753603613
06083	317426	297796	16	28471626	0.0113002753603613
06083	319996	298005	17	28688774	0.0113002753603613
06085	0	5322	0	828	0.0487912816244229
06085	35840	12239	1	631560	0.0487912816244229
06085	146917	27975	2	2950425	0.0487912816244229
06085	355750	63070	3	6669966	0.0487912816244229
06085	684039	137977	4	12496112	0.0487912816244229
06085	1125585	283897	5	17294112	0.0487912816244229
06085	1283440	523488	6	19820497	0.0487912816244229
06085	1338112	824683	7	20965867	0.0487912816244229
06085	1391081	1098110	8	22173635	0.0487912816244229
06085	1427836	1282068	9	23325382	0.0487912816244229
06085	1460428	1382281	10	24246914	0.0487912816244229
06085	1496082	1430677	11	25000226	0.0487912816244229
06085	1575189	1452688	12	26204696	0.0487912816244229
06085	1621844	1462425	13	27307403	0.0487912816244229
06085	1644364	1466679	14	27841658	0.0487912816244229
06085	1654163	1468528	15	28108422	0.0487912816244229
06085	1661691	1469330	16	28471626	0.0487912816244229
06085	1671110	1469677	17	28688774	0.0487912816244229
06087	0	1405	0	828	0.00691464512133372
06087	4822	2949	1	631560	0.00691464512133372
06087	26797	6139	2	2950425	0.00691464512133372
06087	58670	12562	3	6669966	0.00691464512133372
06087	103768	24847	4	12496112	0.00691464512133372
06087	144327	46199	5	17294112	0.00691464512133372
06087	163106	77792	6	19820497	0.00691464512133372
06087	170054	114940	7	20965867	0.00691464512133372
06087	177741	148440	8	22173635	0.00691464512133372
06087	186265	172152	9	23325382	0.00691464512133372
06087	190675	186210	10	24246914	0.00691464512133372
06087	194283	193685	11	25000226	0.00691464512133372
06087	202960	197430	12	26204696	0.00691464512133372
06087	208795	199251	13	27307403	0.00691464512133372
06087	211846	200124	14	27841658	0.00691464512133372
06087	213345	200539	15	28108422	0.00691464512133372
06087	214604	200735	16	28471626	0.00691464512133372
06087	215999	200828	17	28688774	0.00691464512133372
06089	0	2765	0	828	0.00455757703128979
06089	2491	4703	1	631560	0.00455757703128979
06089	10769	7875	2	2950425	0.00455757703128979
06089	24057	12860	3	6669966	0.00455757703128979
06089	43010	20213	4	12496112	0.00455757703128979
06089	54315	30110	5	17294112	0.00455757703128979
06089	60712	41900	6	19820497	0.00455757703128979
06089	64459	54071	7	20965867	0.00455757703128979
06089	68576	64906	8	22173635	0.00455757703128979
06089	74060	73356	9	23325382	0.00455757703128979
06089	78838	79289	10	24246914	0.00455757703128979
06089	82061	83154	11	25000226	0.00455757703128979
06089	85067	85551	12	26204696	0.00455757703128979
06089	87676	86993	13	27307403	0.00455757703128979
06089	88823	87843	14	27841658	0.00455757703128979
06089	89418	88340	15	28108422	0.00455757703128979
06089	89956	88628	16	28471626	0.00455757703128979
06089	90575	88794	17	28688774	0.00455757703128979
06093	0	775	0	828	0.0011019121855027
06093	545	1421	1	631560	0.0011019121855027
06093	3595	2544	2	2950425	0.0011019121855027
06093	8090	4373	3	6669966	0.0011019121855027
06093	12742	7065	4	12496112	0.0011019121855027
06093	14864	10480	5	17294112	0.0011019121855027
06093	16956	14086	6	19820497	0.0011019121855027
06093	18202	17225	7	20965867	0.0011019121855027
06093	19101	19528	8	22173635	0.0011019121855027
06093	20171	21017	9	23325382	0.0011019121855027
06093	20988	21900	10	24246914	0.0011019121855027
06093	21604	22399	11	25000226	0.0011019121855027
06093	22232	22673	12	26204696	0.0011019121855027
06093	22678	22820	13	27307403	0.0011019121855027
06093	22974	22899	14	27841658	0.0011019121855027
06093	23306	22941	15	28108422	0.0011019121855027
06093	23464	22963	16	28471626	0.0011019121855027
06093	23624	22975	17	28688774	0.0011019121855027
06095	0	3311	0	828	0.011329228426353
06095	8485	6186	1	631560	0.011329228426353
06095	29361	11459	2	2950425	0.011329228426353
06095	72701	20897	3	6669966	0.011329228426353
06095	136082	37083	4	12496112	0.011329228426353
06095	179763	62900	5	17294112	0.011329228426353
06095	207020	99674	6	19820497	0.011329228426353
06095	220413	144416	7	20965867	0.011329228426353
06095	233362	189492	8	22173635	0.011329228426353
06095	247980	227045	9	23325382	0.011329228426353
06095	259171	253687	10	24246914	0.011329228426353
06095	267098	270508	11	25000226	0.011329228426353
06095	278818	280359	12	26204696	0.011329228426353
06095	290164	285876	13	27307403	0.011329228426353
06095	298999	288888	14	27841658	0.011329228426353
06095	301740	290511	15	28108422	0.011329228426353
06095	304925	291378	16	28471626	0.011329228426353
06095	307300	291839	17	28688774	0.011329228426353
06097	0	1301	0	828	0.012510964012326
06097	9266	2881	1	631560	0.012510964012326
06097	40397	6345	2	2950425	0.012510964012326
06097	116464	13814	3	6669966	0.012510964012326
06097	199846	29340	4	12496112	0.012510964012326
06097	262261	59317	5	17294112	0.012510964012326
06097	292065	109719	6	19820497	0.012510964012326
06097	305241	177550	7	20965867	0.012510964012326
06097	319864	245902	8	22173635	0.012510964012326
06097	331038	297375	9	23325382	0.012510964012326
06097	339754	328270	10	24246914	0.012510964012326
06097	347321	344355	11	25000226	0.012510964012326
06097	363460	352113	12	26204696	0.012510964012326
06097	375513	355716	13	27307403	0.012510964012326
06097	381198	357360	14	27841658	0.012510964012326
06097	383654	358104	15	28108422	0.012510964012326
06097	386379	358440	16	28471626	0.012510964012326
06097	389075	358591	17	28688774	0.012510964012326
06099	0	7956	0	828	0.0139364469571859
06099	8271	13045	1	631560	0.0139364469571859
06099	31942	21157	2	2950425	0.0139364469571859
06099	71148	33728	3	6669966	0.0139364469571859
06099	127248	52389	4	12496112	0.0139364469571859
06099	166811	78388	5	17294112	0.0139364469571859
06099	187274	111582	6	19820497	0.0139364469571859
06099	198149	149542	7	20965867	0.0139364469571859
06099	219050	187850	8	22173635	0.0139364469571859
06099	254800	221931	9	23325382	0.0139364469571859
06099	276733	249012	10	24246914	0.0139364469571859
06099	293980	268665	11	25000226	0.0139364469571859
06099	308477	282006	12	26204696	0.0139364469571859
06099	282791	290659	13	27307403	0.0139364469571859
06099	290980	296105	14	27841658	0.0139364469571859
06099	295574	299468	15	28108422	0.0139364469571859
06099	298585	301521	16	28471626	0.0139364469571859
06099	301709	302766	17	28688774	0.0139364469571859
06101	0	1881	0	828	0.00245420258941138
06101	1214	3006	1	631560	0.00245420258941138
06101	6142	4743	2	2950425	0.00245420258941138
06101	14899	7338	3	6669966	0.00245420258941138
06101	26287	11032	4	12496112	0.00245420258941138
06101	32943	15946	5	17294112	0.00245420258941138
06101	37791	21922	6	19820497	0.00245420258941138
06101	40560	28449	7	20965867	0.00245420258941138
06101	43781	34788	8	22173635	0.00245420258941138
06101	47506	40283	9	23325382	0.00245420258941138
06101	50185	44594	10	24246914	0.00245420258941138
06101	52047	47719	11	25000226	0.00245420258941138
06101	54176	49859	12	26204696	0.00245420258941138
06101	56854	51265	13	27307403	0.00245420258941138
06101	58330	52166	14	27841658	0.00245420258941138
06101	58989	52733	15	28108422	0.00245420258941138
06101	59391	53087	16	28471626	0.00245420258941138
06101	59717	53305	17	28688774	0.00245420258941138
06103	0	1869	0	828	0.00164718649213941
06103	413	2922	1	631560	0.00164718649213941
06103	3749	4469	2	2950425	0.00164718649213941
06103	6483	6623	3	6669966	0.00164718649213941
06103	13123	9410	4	12496112	0.00164718649213941
06103	15801	12691	5	17294112	0.00164718649213941
06103	17681	16149	6	19820497	0.00164718649213941
06103	18844	19397	7	20965867	0.00164718649213941
06103	20188	22132	8	22173635	0.00164718649213941
06103	22049	24230	9	23325382	0.00164718649213941
06103	23515	25729	10	24246914	0.00164718649213941
06103	24545	26745	11	25000226	0.00164718649213941
06103	25670	27411	12	26204696	0.00164718649213941
06103	26544	27836	13	27307403	0.00164718649213941
06103	27397	28104	14	27841658	0.00164718649213941
06103	27700	28271	15	28108422	0.00164718649213941
06103	27900	28375	16	28471626	0.00164718649213941
06103	28092	28439	17	28688774	0.00164718649213941
06107	0	7645	0	828	0.0117987540210026
06107	4427	12129	1	631560	0.0117987540210026
06107	24738	19037	2	2950425	0.0117987540210026
06107	58380	29390	3	6669966	0.0117987540210026
06107	115361	44289	4	12496112	0.0117987540210026
06107	140226	64525	5	17294112	0.0117987540210026
06107	155918	89948	6	19820497	0.0117987540210026
06107	165994	118936	7	20965867	0.0117987540210026
06107	179141	148550	8	22173635	0.0117987540210026
06107	195257	175598	9	23325382	0.0117987540210026
06107	208430	197886	10	24246914	0.0117987540210026
06107	217998	214747	11	25000226	0.0117987540210026
06107	228482	226696	12	26204696	0.0117987540210026
06107	240130	234777	13	27307403	0.0117987540210026
06107	246918	240071	14	27841658	0.0117987540210026
06107	250516	243467	15	28108422	0.0117987540210026
06107	252803	245616	16	28471626	0.0117987540210026
06107	254696	246965	17	28688774	0.0117987540210026
06109	0	480	0	828	0.00137876322473681
06109	1223	941	1	631560	0.00137876322473681
06109	4896	1818	2	2950425	0.00137876322473681
06109	11909	3415	3	6669966	0.00137876322473681
06109	17775	6107	4	12496112	0.00137876322473681
06109	21490	10105	5	17294112	0.00137876322473681
06109	22789	15051	6	19820497	0.00137876322473681
06109	23650	19954	7	20965867	0.00137876322473681
06109	25109	23854	8	22173635	0.00137876322473681
06109	27860	26449	9	23325382	0.00137876322473681
06109	29107	27977	10	24246914	0.00137876322473681
06109	30307	28812	11	25000226	0.00137876322473681
06109	31103	29250	12	26204696	0.00137876322473681
06109	29804	29475	13	27307403	0.00137876322473681
06109	30213	29590	14	27841658	0.00137876322473681
06109	30468	29647	15	28108422	0.00137876322473681
06109	30816	29677	16	28471626	0.00137876322473681
06109	31114	29691	17	28688774	0.00137876322473681
06111	0	3237	0	828	0.0214112478561381
06111	14451	6759	1	631560	0.0214112478561381
06111	62225	14017	2	2950425	0.0214112478561381
06111	151685	28666	3	6669966	0.0214112478561381
06111	292045	57033	4	12496112	0.0214112478561381
06111	397058	107809	5	17294112	0.0214112478561381
06111	451005	187072	6	19820497	0.0214112478561381
06111	475054	287765	7	20965867	0.0214112478561381
06111	498056	386869	8	22173635	0.0214112478561381
06111	519014	462711	9	23325382	0.0214112478561381
06111	536137	510324	10	24246914	0.0214112478561381
06111	549497	536604	11	25000226	0.0214112478561381
06111	569410	550085	12	26204696	0.0214112478561381
06111	592677	556742	13	27307403	0.0214112478561381
06111	602261	559967	14	27841658	0.0214112478561381
06111	606893	561515	15	28108422	0.0214112478561381
06111	610131	562255	16	28471626	0.0214112478561381
06111	614166	562608	17	28688774	0.0214112478561381
06113	0	1412	0	828	0.00558055161816636
06113	3798	2797	1	631560	0.00558055161816636
06113	16771	5488	2	2950425	0.00558055161816636
06113	42825	10581	3	6669966	0.00558055161816636
06113	74667	19752	4	12496112	0.00558055161816636
06113	99214	34867	5	17294112	0.00558055161816636
06113	112151	56494	6	19820497	0.00558055161816636
06113	120301	81907	7	20965867	0.00558055161816636
06113	125266	105690	8	22173635	0.00558055161816636
06113	130129	123650	9	23325382	0.00558055161816636
06113	134018	135137	10	24246914	0.00558055161816636
06113	137490	141723	11	25000226	0.00558055161816636
06113	145312	145265	12	26204696	0.00558055161816636
06113	150126	147104	13	27307403	0.00558055161816636
06113	152899	148041	14	27841658	0.00558055161816636
06113	154071	148514	15	28108422	0.00558055161816636
06113	154906	148752	16	28471626	0.00558055161816636
06113	156075	148872	17	28688774	0.00558055161816636
06115	0	1492	0	828	0.0019909788421674
06115	573	2324	1	631560	0.0019909788421674
06115	3288	3576	2	2950425	0.0019909788421674
06115	8220	5410	3	6669966	0.0019909788421674
06115	15486	7983	4	12496112	0.0019909788421674
06115	20506	11391	5	17294112	0.0019909788421674
06115	24622	15569	6	19820497	0.0019909788421674
06115	26874	20235	7	20965867	0.0019909788421674
06115	29445	24934	8	22173635	0.0019909788421674
06115	32760	29197	9	23325382	0.0019909788421674
06115	35051	32714	10	24246914	0.0019909788421674
06115	36435	35394	11	25000226	0.0019909788421674
06115	37962	37316	12	26204696	0.0019909788421674
06115	40111	38636	13	27307403	0.0019909788421674
06115	41887	39514	14	27841658	0.0019909788421674
06115	42481	40087	15	28108422	0.0019909788421674
06115	43147	40456	16	28471626	0.0019909788421674
06115	43378	40692	17	28688774	0.0019909788421674
06003	0	9	0	828	2.85734366299765e-05
06003	0	19	1	631560	2.85734366299765e-05
06003	0	39	2	2950425	2.85734366299765e-05
06003	0	78	3	6669966	2.85734366299765e-05
06003	0	146	4	12496112	2.85734366299765e-05
06003	0	251	5	17294112	2.85734366299765e-05
06003	0	383	6	19820497	2.85734366299765e-05
06003	0	512	7	20965867	2.85734366299765e-05
06003	0	609	8	22173635	2.85734366299765e-05
06003	0	670	9	23325382	2.85734366299765e-05
06003	0	704	10	24246914	2.85734366299765e-05
06003	0	721	11	25000226	2.85734366299765e-05
06003	0	730	12	26204696	2.85734366299765e-05
06003	0	734	13	27307403	2.85734366299765e-05
06003	0	736	14	27841658	2.85734366299765e-05
06003	NA	737	15	28108422	2.85734366299765e-05
06003	NA	737	16	28471626	2.85734366299765e-05
06003	NA	737	17	28688774	2.85734366299765e-05
06027	0	231	0	828	0.000456542270476657
06027	0	442	1	631560	0.000456542270476657
06027	0	832	2	2950425	0.000456542270476657
06027	0	1512	3	6669966	0.000456542270476657
06027	0	2597	4	12496112	0.000456542270476657
06027	0	4102	5	17294112	0.000456542270476657
06027	0	5826	6	19820497	0.000456542270476657
06027	0	7418	7	20965867	0.000456542270476657
06027	0	8623	8	22173635	0.000456542270476657
06027	0	9403	9	23325382	0.000456542270476657
06027	0	9859	10	24246914	0.000456542270476657
06027	0	10109	11	25000226	0.000456542270476657
06027	0	10242	12	26204696	0.000456542270476657
06027	0	10311	13	27307403	0.000456542270476657
06027	0	10347	14	27841658	0.000456542270476657
06027	NA	10365	15	28108422	0.000456542270476657
06027	NA	10375	16	28471626	0.000456542270476657
06027	NA	10379	17	28688774	0.000456542270476657
06043	0	281	0	828	0.000435384260713451
06043	0	515	1	631560	0.000435384260713451
06043	0	925	2	2950425	0.000435384260713451
06043	0	1601	3	6669966	0.000435384260713451
06043	0	2612	4	12496112	0.000435384260713451
06043	0	3929	5	17294112	0.000435384260713451
06043	0	5362	6	19820497	0.000435384260713451
06043	0	6647	7	20965867	0.000435384260713451
06043	0	7614	8	22173635	0.000435384260713451
06043	0	8251	9	23325382	0.000435384260713451
06043	0	8634	10	24246914	0.000435384260713451
06043	0	8852	11	25000226	0.000435384260713451
06043	0	8972	12	26204696	0.000435384260713451
06043	0	9037	13	27307403	0.000435384260713451
06043	0	9072	14	27841658	0.000435384260713451
06043	NA	9090	15	28108422	0.000435384260713451
06043	NA	9100	16	28471626	0.000435384260713451
06043	NA	9105	17	28688774	0.000435384260713451
06049	0	289	0	828	0.000223753545833146
06049	0	441	1	631560	0.000223753545833146
06049	0	659	2	2950425	0.000223753545833146
06049	0	955	3	6669966	0.000223753545833146
06049	0	1328	4	12496112	0.000223753545833146
06049	0	1759	5	17294112	0.000223753545833146
06049	0	2207	6	19820497	0.000223753545833146
06049	0	2625	7	20965867	0.000223753545833146
06049	0	2979	8	22173635	0.000223753545833146
06049	0	3254	9	23325382	0.000223753545833146
06049	0	3454	10	24246914	0.000223753545833146
06049	0	3592	11	25000226	0.000223753545833146
06049	0	3684	12	26204696	0.000223753545833146
06049	0	3744	13	27307403	0.000223753545833146
06049	0	3782	14	27841658	0.000223753545833146
06049	NA	3807	15	28108422	0.000223753545833146
06049	NA	3823	16	28471626	0.000223753545833146
06049	NA	3833	17	28688774	0.000223753545833146
06051	0	90	0	828	0.000365557766770045
06051	0	219	1	631560	0.000365557766770045
06051	0	523	2	2950425	0.000365557766770045
06051	0	1193	3	6669966	0.000365557766770045
06051	0	2482	4	12496112	0.000365557766770045
06051	0	4416	5	17294112	0.000365557766770045
06051	0	6454	6	19820497	0.000365557766770045
06051	0	7940	7	20965867	0.000365557766770045
06051	0	8757	8	22173635	0.000365557766770045
06051	0	9138	9	23325382	0.000365557766770045
06051	0	9302	10	24246914	0.000365557766770045
06051	0	9370	11	25000226	0.000365557766770045
06051	0	9398	12	26204696	0.000365557766770045
06051	0	9409	13	27307403	0.000365557766770045
06051	0	9414	14	27841658	0.000365557766770045
06051	NA	9416	15	28108422	0.000365557766770045
06051	NA	9417	16	28471626	0.000365557766770045
06051	NA	9417	17	28688774	0.000365557766770045
06063	0	122	0	828	0.000475979293799795
06063	0	247	1	631560	0.000475979293799795
06063	0	497	2	2950425	0.000475979293799795
06063	0	972	3	6669966	0.000475979293799795
06063	0	1818	4	12496112	0.000475979293799795
06063	0	3151	5	17294112	0.000475979293799795
06063	0	4894	6	19820497	0.000475979293799795
06063	0	6693	7	20965867	0.000475979293799795
06063	0	8149	8	22173635	0.000475979293799795
06063	0	9112	9	23325382	0.000475979293799795
06063	0	9666	10	24246914	0.000475979293799795
06063	0	9961	11	25000226	0.000475979293799795
06063	0	10111	12	26204696	0.000475979293799795
06063	0	10185	13	27307403	0.000475979293799795
06063	0	10222	14	27841658	0.000475979293799795
06063	NA	10240	15	28108422	0.000475979293799795
06063	NA	10249	16	28471626	0.000475979293799795
06063	NA	10253	17	28688774	0.000475979293799795
06091	0	34	0	828	7.60524154765982e-05
06091	0	72	1	631560	7.60524154765982e-05
06091	0	150	2	2950425	7.60524154765982e-05
06091	0	296	3	6669966	7.60524154765982e-05
06091	0	534	4	12496112	7.60524154765982e-05
06091	0	844	5	17294112	7.60524154765982e-05
06091	0	1147	6	19820497	7.60524154765982e-05
06091	0	1373	7	20965867	7.60524154765982e-05
06091	0	1508	8	22173635	7.60524154765982e-05
06091	0	1579	9	23325382	7.60524154765982e-05
06091	0	1613	10	24246914	7.60524154765982e-05
06091	0	1630	11	25000226	7.60524154765982e-05
06091	0	1637	12	26204696	7.60524154765982e-05
06091	0	1641	13	27307403	7.60524154765982e-05
06091	0	1642	14	27841658	7.60524154765982e-05
06091	NA	1643	15	28108422	7.60524154765982e-05
06091	NA	1643	16	28471626	7.60524154765982e-05
06091	NA	1643	17	28688774	7.60524154765982e-05
06105	0	166	0	828	0.00031091644729784
06105	0	314	1	631560	0.00031091644729784
06105	0	580	2	2950425	0.00031091644729784
06105	0	1037	3	6669966	0.00031091644729784
06105	0	1755	4	12496112	0.00031091644729784
06105	0	2740	5	17294112	0.00031091644729784
06105	0	3867	6	19820497	0.00031091644729784
06105	0	4918	7	20965867	0.00031091644729784
06105	0	5725	8	22173635	0.00031091644729784
06105	0	6258	9	23325382	0.00031091644729784
06105	0	6576	10	24246914	0.00031091644729784
06105	0	6754	11	25000226	0.00031091644729784
06105	0	6850	12	26204696	0.00031091644729784
06105	0	6901	13	27307403	0.00031091644729784
06105	0	6928	14	27841658	0.00031091644729784
06105	NA	6942	15	28108422	0.00031091644729784
06105	NA	6949	16	28471626	0.00031091644729784
06105	NA	6953	17	28688774	0.00031091644729784
