1152	7
CO	08001	0	0.170362137341876	0	27	0.0898497517510787
CO	08001	0.1	0.498119794793319	1	12862	0.0898497517510787
CO	08001	0.3	1.4421902950467	2	16465	0.0898497517510787
CO	08001	0.7	4.06102998938712	3	23843	0.0898497517510787
CO	08001	1.1	10.6270088485997	4	47672	0.0898497517510787
CO	08001	3.4	23.6224025460278	5	62392	0.0898497517510787
CO	08001	10.8	40.4551034446134	6	73725	0.0898497517510787
CO	08001	14	53.4029317568276	7	78866	0.0898497517510787
CO	08001	54	59.9291876510081	8	85169	0.0898497517510787
CO	08001	57	62.5292534191426	9	89837	0.0898497517510787
CO	08001	59.5	63.4661467902799	10	93993	0.0898497517510787
CO	08001	61.1	63.791362030612	11	98619	0.0898497517510787
CO	08001	64.1	63.9027788080567	12	102833	0.0898497517510787
CO	08001	65.9	63.9407775066214	13	112457	0.0898497517510787
CO	08001	67.2	63.9537169877348	14	115234	0.0898497517510787
CO	08001	67.9	63.9581208804987	15	116449	0.0898497517510787
CO	08001	68.3	63.9596194569619	16	118636	0.0898497517510787
CO	08001	68.6	63.9601293682625	17	119550	0.0898497517510787
CO	08003	0	1.61408709548922	0	27	0.00281884774714451
CO	08003	0	2.8674899852973	1	12862	0.00281884774714451
CO	08003	0.1	5.00392092023771	2	16465	0.00281884774714451
CO	08003	1.7	8.47604038040375	3	23843	0.00281884774714451
CO	08003	11.4	13.7042732766318	4	47672	0.00281884774714451
CO	08003	17.4	20.7369702978662	5	62392	0.00281884774714451
CO	08003	21.8	28.8876232789083	6	73725	0.00281884774714451
CO	08003	24.2	36.8513229840944	7	78866	0.00281884774714451
CO	08003	45.7	43.4348046399493	8	85169	0.00281884774714451
CO	08003	48.1	48.1658422275904	9	89837	0.00281884774714451
CO	08003	49.9	51.2341036704408	10	93993	0.00281884774714451
CO	08003	51.2	53.0936654289257	11	98619	0.00281884774714451
CO	08003	53.7	54.1747586464666	12	102833	0.00281884774714451
CO	08003	55.1	54.7881273093573	13	112457	0.00281884774714451
CO	08003	55.8	55.1313197248094	14	115234	0.00281884774714451
CO	08003	56.2	55.3218493920594	15	116449	0.00281884774714451
CO	08003	56.5	55.4271671479915	16	118636	0.00281884774714451
CO	08003	56.8	55.4852432012122	17	119550	0.00281884774714451
CO	08005	0	0.033703693410803	0	27	0.114016339696767
CO	08005	0.1	0.129965827004504	1	12862	0.114016339696767
CO	08005	0.4	0.499061327697862	2	16465	0.114016339696767
CO	08005	0.7	1.88601029126382	3	23843	0.114016339696767
CO	08005	0.9	6.72702690369783	4	47672	0.114016339696767
CO	08005	2.9	20.0603008670687	5	62392	0.114016339696767
CO	08005	10	41.2118914110057	6	73725	0.114016339696767
CO	08005	12.6	56.6900491174795	7	78866	0.114016339696767
CO	08005	55.1	62.79728094428	8	85169	0.114016339696767
CO	08005	57.4	64.5993548540522	9	89837	0.114016339696767
CO	08005	59.7	65.0829768152605	10	93993	0.114016339696767
CO	08005	61.2	65.2093907127015	11	98619	0.114016339696767
CO	08005	64.3	65.2422049933801	12	102833	0.114016339696767
CO	08005	66.3	65.2507074576696	13	112457	0.114016339696767
CO	08005	67.3	65.2529094860524	14	115234	0.114016339696767
CO	08005	67.9	65.2534797136199	15	116449	0.114016339696767
CO	08005	68.3	65.2536273725892	16	118636	0.114016339696767
CO	08005	68.6	65.2536656081898	17	119550	0.114016339696767
CO	08007	0	0.69152895858808	0	27	0.00243612487184688
CO	08007	0	1.33721514383547	1	12862	0.00243612487184688
CO	08007	0.4	2.55803718401757	2	16465	0.00243612487184688
CO	08007	6.3	4.79611369888511	3	23843	0.00243612487184688
CO	08007	16.8	8.67604858334946	4	47672	0.00243612487184688
CO	08007	20.5	14.7927737335512	5	62392	0.00243612487184688
CO	08007	23.3	23.1265616668284	6	73725	0.00243612487184688
CO	08007	25	32.47915156256	7	78866	0.00243612487184688
CO	08007	48.7	40.9421890965445	8	85169	0.00243612487184688
CO	08007	50.5	47.2329143721612	9	89837	0.00243612487184688
CO	08007	52.7	51.2585087382482	10	93993	0.00243612487184688
CO	08007	54	53.59319935103	11	98619	0.00243612487184688
CO	08007	55.5	54.8706311133476	12	102833	0.00243612487184688
CO	08007	56.3	55.5473775404434	13	112457	0.00243612487184688
CO	08007	56.8	55.899773115363	14	115234	0.00243612487184688
CO	08007	57.1	56.0816267029963	15	116449	0.00243612487184688
CO	08007	57.4	56.1750358855679	16	118636	0.00243612487184688
CO	08007	57.9	56.2229007246008	17	119550	0.00243612487184688
CO	08009	0	3.07300226020476	0	27	0.000621837847749923
CO	08009	0	4.96886230905191	1	12862	0.000621837847749923
CO	08009	0	7.78884311421176	2	16465	0.000621837847749923
CO	08009	0	11.6784296705851	3	23843	0.000621837847749923
CO	08009	5.2	16.5197490027115	4	47672	0.000621837847749923
CO	08009	8	21.830771880663	5	62392	0.000621837847749923
CO	08009	10.3	26.9074131470426	6	73725	0.000621837847749923
CO	08009	11.1	31.1597895646971	7	78866	0.000621837847749923
CO	08009	32.8	34.3451208215435	8	85169	0.000621837847749923
CO	08009	35.2	36.5370330850718	9	89837	0.000621837847749923
CO	08009	36.7	37.9587047360815	10	93993	0.000621837847749923
CO	08009	37.5	38.8457365289411	11	98619	0.000621837847749923
CO	08009	38.2	39.3858661600824	12	102833	0.000621837847749923
CO	08009	38.7	39.7098946362097	13	112457	0.000621837847749923
CO	08009	38.8	39.9025464892538	14	115234	0.000621837847749923
CO	08009	39	40.0164778060161	15	116449	0.000621837847749923
CO	08009	39.3	40.0836422591223	16	118636	0.000621837847749923
CO	08009	39.5	40.1231630462962	17	119550	0.000621837847749923
CO	08011	0	1.62953015406108	0	27	0.000968441685814387
CO	08011	0	2.83680434393856	1	12862	0.000968441685814387
CO	08011	0.2	4.81471408351567	2	16465	0.000968441685814387
CO	08011	0.8	7.84931171233622	3	23843	0.000968441685814387
CO	08011	4.2	12.0662222078128	4	47672	0.000968441685814387
CO	08011	6.3	17.1856466460309	5	62392	0.000968441685814387
CO	08011	7.6	22.472442623765	6	73725	0.000968441685814387
CO	08011	9	27.0940500691099	7	78866	0.000968441685814387
CO	08011	20.5	30.5813733672827	8	85169	0.000968441685814387
CO	08011	21.9	32.9316805533689	9	89837	0.000968441685814387
CO	08011	23.6	34.3975229008031	10	93993	0.000968441685814387
CO	08011	24.3	35.2679780201533	11	98619	0.000968441685814387
CO	08011	25.2	35.7698920049276	12	102833	0.000968441685814387
CO	08011	25.9	36.0544032915544	13	112457	0.000968441685814387
CO	08011	26.4	36.2141207047689	14	115234	0.000968441685814387
CO	08011	26.7	36.3032935111474	15	116449	0.000968441685814387
CO	08011	26.9	36.3529283186837	16	118636	0.000968441685814387
CO	08011	26.9	36.3805087806284	17	119550	0.000968441685814387
CO	08013	0	0.0124861853444773	0	27	0.0566436801409198
CO	08013	0.2	0.070425995877828	1	12862	0.0566436801409198
CO	08013	0.2	0.395792047270284	2	16465	0.0566436801409198
CO	08013	0.4	2.18018426587459	3	23843	0.0566436801409198
CO	08013	0.6	10.8302708651106	4	47672	0.0566436801409198
CO	08013	2.7	36.4516147954243	5	62392	0.0566436801409198
CO	08013	9.6	62.7505332435477	6	73725	0.0566436801409198
CO	08013	11.7	71.9462881780733	7	78866	0.0566436801409198
CO	08013	66.6	73.8638972080175	8	85169	0.0566436801409198
CO	08013	68.2	74.2143239886755	9	89837	0.0566436801409198
CO	08013	70	74.2767514755336	10	93993	0.0566436801409198
CO	08013	71.6	74.2878218833749	11	98619	0.0566436801409198
CO	08013	75.6	74.289783425736	12	102833	0.0566436801409198
CO	08013	77.1	74.2901309371472	13	112457	0.0566436801409198
CO	08013	77.8	74.2901925015033	14	115234	0.0566436801409198
CO	08013	78.2	74.2902034080595	15	116449	0.0566436801409198
CO	08013	78.6	74.2902053402307	16	118636	0.0566436801409198
CO	08013	79	74.290205682528	17	119550	0.0566436801409198
CO	08014	0	0.473205915443919	0	27	0.0122361921088239
CO	08014	0	0.993811171548528	1	12862	0.0122361921088239
CO	08014	0.2	2.07098186450446	2	16465	0.0122361921088239
CO	08014	2.9	4.24751646009964	3	23843	0.0122361921088239
CO	08014	21	8.44211482505847	4	47672	0.0122361921088239
CO	08014	33.2	15.8352959695838	5	62392	0.0122361921088239
CO	08014	40.9	27.0239906928733	6	73725	0.0122361921088239
CO	08014	43.1	40.5792160324235	7	78866	0.0122361921088239
CO	08014	68.3	53.1936169596145	8	85169	0.0122361921088239
CO	08014	70.1	62.3580438351323	9	89837	0.0122361921088239
CO	08014	72	67.8875420607929	10	93993	0.0122361921088239
CO	08014	73.7	70.8580611989127	11	98619	0.0122361921088239
CO	08014	77.6	72.3548473317621	12	102833	0.0122361921088239
CO	08014	79.2	73.0847196979287	13	112457	0.0122361921088239
CO	08014	80	73.4349323552973	14	115234	0.0122361921088239
CO	08014	80.4	73.6016735048658	15	116449	0.0122361921088239
CO	08014	80.7	73.6807676039166	16	118636	0.0122361921088239
CO	08014	81	73.7182201273834	17	119550	0.0122361921088239
CO	08015	0	0.747481362432077	0	27	0.00353480347076164
CO	08015	0	1.57198658096269	1	12862	0.00353480347076164
CO	08015	0.1	3.25829933894454	2	16465	0.00353480347076164
CO	08015	4.4	6.56014601276691	3	23843	0.00353480347076164
CO	08015	16.9	12.5066319612874	4	47672	0.00353480347076164
CO	08015	20.6	21.7622265477878	5	62392	0.00353480347076164
CO	08015	23.6	33.3383096068425	6	73725	0.00353480347076164
CO	08015	25.2	44.4262903479633	7	78866	0.00353480347076164
CO	08015	54.8	52.6408858192809	8	85169	0.00353480347076164
CO	08015	56.6	57.6416533396931	9	89837	0.00353480347076164
CO	08015	58.5	60.3307493033232	10	93993	0.00353480347076164
CO	08015	59.8	61.6808759520384	11	98619	0.00353480347076164
CO	08015	62	62.3353985352958	12	102833	0.00353480347076164
CO	08015	62.9	62.6473094931877	13	112457	0.00353480347076164
CO	08015	63.6	62.7947352040605	14	115234	0.00353480347076164
CO	08015	63.8	62.8641461451524	15	116449	0.00353480347076164
CO	08015	64.1	62.8967663829565	16	118636	0.00353480347076164
CO	08015	64.4	62.9120833322238	17	119550	0.00353480347076164
CO	08017	0	1.37574448615619	0	27	0.000317951717182382
CO	08017	0	2.43133395599184	1	12862	0.000317951717182382
CO	08017	0	4.207281954054	2	16465	0.000317951717182382
CO	08017	0	7.03374822330855	3	23843	0.000317951717182382
CO	08017	5.1	11.1573181801768	4	47672	0.000317951717182382
CO	08017	7.2	16.4688751625185	5	62392	0.000317951717182382
CO	08017	8.1	22.312487108861	6	73725	0.000317951717182382
CO	08017	9.3	27.7244022951055	7	78866	0.000317951717182382
CO	08017	25.8	31.9935001958069	8	85169	0.000317951717182382
CO	08017	27.7	34.9545744675495	9	89837	0.000317951717182382
CO	08017	29.9	36.82982164128	10	93993	0.000317951717182382
CO	08017	30.7	37.9498683464085	11	98619	0.000317951717182382
CO	08017	31.8	38.5955903178661	12	102833	0.000317951717182382
CO	08017	32.4	38.9602844439603	13	112457	0.000317951717182382
CO	08017	32.7	39.1638705077456	14	115234	0.000317951717182382
CO	08017	32.9	39.2767807059258	15	116449	0.000317951717182382
CO	08017	33.2	39.3391748985827	16	118636	0.000317951717182382
CO	08017	33.4	39.373584893069	17	119550	0.000317951717182382
CO	08019	0	0.464433064071804	0	27	0.00168439740943151
CO	08019	0	1.03590068944944	1	12862	0.00168439740943151
CO	08019	0	2.28535546736382	2	16465	0.00168439740943151
CO	08019	4.7	4.92449564234495	3	23843	0.00168439740943151
CO	08019	13.3	10.1140993017968	4	47672	0.00168439740943151
CO	08019	19.9	19.0201302806445	5	62392	0.00168439740943151
CO	08019	23.4	31.244609644086	6	73725	0.00168439740943151
CO	08019	24.7	43.7337232906245	7	78866	0.00168439740943151
CO	08019	42	53.1784783940158	8	85169	0.00168439740943151
CO	08019	43.4	58.8228930287481	9	89837	0.00168439740943151
CO	08019	44.7	61.7343344288368	10	93993	0.00168439740943151
CO	08019	45.9	63.1225093980436	11	98619	0.00168439740943151
CO	08019	47.4	63.7595408871551	12	102833	0.00168439740943151
CO	08019	48.4	64.0467326000879	13	112457	0.00168439740943151
CO	08019	48.7	64.1751701558265	14	115234	0.00168439740943151
CO	08019	49	64.23240328686	15	116449	0.00168439740943151
CO	08019	49.2	64.257866022178	16	118636	0.00168439740943151
CO	08019	49.3	64.2691861665296	17	119550	0.00168439740943151
CO	08021	0	2.03971753596297	0	27	0.0014247918293181
CO	08021	0	3.36252736097896	1	12862	0.0014247918293181
CO	08021	0	5.45154440733898	2	16465	0.0014247918293181
CO	08021	1.5	8.61344358888217	3	23843	0.0014247918293181
CO	08021	7.2	13.1044285179158	4	47672	0.0014247918293181
CO	08021	11.3	18.9391535920871	5	62392	0.0014247918293181
CO	08021	15.3	25.7006213575475	6	73725	0.0014247918293181
CO	08021	17.8	32.571518943899	7	78866	0.0014247918293181
CO	08021	38.8	38.6819735650631	8	85169	0.0014247918293181
CO	08021	41.4	43.5043766558036	9	89837	0.0014247918293181
CO	08021	43.3	46.9638812687601	10	93993	0.0014247918293181
CO	08021	44.4	49.2793615324291	11	98619	0.0014247918293181
CO	08021	46.4	50.7580513782768	12	102833	0.0014247918293181
CO	08021	48.1	51.6742319883824	13	112457	0.0014247918293181
CO	08021	48.8	52.2312919837688	14	115234	0.0014247918293181
CO	08021	49.3	52.5661255248568	15	116449	0.0014247918293181
CO	08021	49.5	52.7659954132889	16	118636	0.0014247918293181
CO	08021	49.8	52.8848093519102	17	119550	0.0014247918293181
CO	08023	0	1.26914123440515	0	27	0.000674974508294876
CO	08023	0	2.24836087561251	1	12862	0.000674974508294876
CO	08023	0	3.93396958391856	2	16465	0.000674974508294876
CO	08023	7.1	6.74015361225538	3	23843	0.000674974508294876
CO	08023	15	11.161648032554	4	47672	0.000674974508294876
CO	08023	20.1	17.5579440546561	5	62392	0.000674974508294876
CO	08023	24.4	25.7538786325921	6	73725	0.000674974508294876
CO	08023	26.3	34.7662275603203	7	78866	0.000674974508294876
CO	08023	52	43.1522112973889	8	85169	0.000674974508294876
CO	08023	53.6	49.8266321611567	9	89837	0.000674974508294876
CO	08023	55	54.5086323287487	10	93993	0.000674974508294876
CO	08023	56.6	57.5096330136502	11	98619	0.000674974508294876
CO	08023	58.2	59.3234041243747	12	102833	0.000674974508294876
CO	08023	59.2	60.3809455807749	13	112457	0.000674974508294876
CO	08023	59.5	60.9846824677213	14	115234	0.000674974508294876
CO	08023	60	61.3252022897391	15	116449	0.000674974508294876
CO	08023	60.3	61.5159524848012	16	118636	0.000674974508294876
CO	08023	60.5	61.6223962407608	17	119550	0.000674974508294876
CO	08025	0	3.35247360793948	0	27	0.0010524879070685
CO	08025	0	5.09288052919959	1	12862	0.0010524879070685
CO	08025	0	7.56520654414076	2	16465	0.0010524879070685
CO	08025	0.6	10.8944667865279	3	23843	0.0010524879070685
CO	08025	4.5	15.0690396487018	4	47672	0.0010524879070685
CO	08025	6.7	19.8594511770127	5	62392	0.0010524879070685
CO	08025	7.8	24.8279848140736	6	73725	0.0010524879070685
CO	08025	8.4	29.4691638312538	7	78866	0.0010524879070685
CO	08025	17.7	33.399465449353	8	85169	0.0010524879070685
CO	08025	18.5	36.46059210507	9	89837	0.0010524879070685
CO	08025	19.6	38.6930008274977	10	93993	0.0010524879070685
CO	08025	20.2	40.2441451787378	11	98619	0.0010524879070685
CO	08025	20.7	41.2860367208315	12	102833	0.0010524879070685
CO	08025	21.3	41.9700408323394	13	112457	0.0010524879070685
CO	08025	21.4	42.4123720544517	14	115234	0.0010524879070685
CO	08025	21.6	42.6956359381093	15	116449	0.0010524879070685
CO	08025	21.8	42.8759009396325	16	118636	0.0010524879070685
CO	08025	21.9	42.990161545362	17	119550	0.0010524879070685
CO	08027	0	1.40285157063275	0	27	0.000880054234123599
CO	08027	0	2.84973891563187	1	12862	0.000880054234123599
CO	08027	0	5.61770976959673	2	16465	0.000880054234123599
CO	08027	1.2	10.4811711488192	3	23843	0.000880054234123599
CO	08027	13.4	17.8733176725074	4	47672	0.000880054234123599
CO	08027	17.1	26.9554100770538	5	62392	0.000880054234123599
CO	08027	18.9	35.5964667544502	6	73725	0.000880054234123599
CO	08027	20.3	42.0336738215601	7	78866	0.000880054234123599
CO	08027	40.4	46.0083972042949	8	85169	0.000880054234123599
CO	08027	42.2	48.1851126429081	9	89837	0.000880054234123599
CO	08027	43.6	49.2993690334613	10	93993	0.000880054234123599
CO	08027	44.7	49.8500718051321	11	98619	0.000880054234123599
CO	08027	46.1	50.1175231091536	12	102833	0.000880054234123599
CO	08027	47.6	50.246307224808	13	112457	0.000880054234123599
CO	08027	48	50.3080646997204	14	115234	0.000880054234123599
CO	08027	48.3	50.337621491428	15	116449	0.000880054234123599
CO	08027	48.7	50.3517538126919	16	118636	0.000880054234123599
CO	08027	49	50.3585079966394	17	119550	0.000880054234123599
CO	08029	0	1.82388271044683	0	27	0.00541125691471184
CO	08029	0	3.22510798401367	1	12862	0.00541125691471184
CO	08029	0.6	5.57323281874901	2	16465	0.00541125691471184
CO	08029	4.7	9.27762098814654	3	23843	0.00541125691471184
CO	08029	12.8	14.5992151675202	4	47672	0.00541125691471184
CO	08029	16.7	21.2991445965016	5	62392	0.00541125691471184
CO	08029	19.2	28.4625044994672	6	73725	0.00541125691471184
CO	08029	20.9	34.8993827719747	7	78866	0.00541125691471184
CO	08029	39.7	39.8405616554316	8	85169	0.00541125691471184
CO	08029	41.4	43.194409135306	9	89837	0.00541125691471184
CO	08029	43.1	45.2850308893296	10	93993	0.00541125691471184
CO	08029	44.4	46.5198086173003	11	98619	0.00541125691471184
CO	08029	45.8	47.2259930809648	12	102833	0.00541125691471184
CO	08029	46.7	47.6224489990345	13	112457	0.00541125691471184
CO	08029	47.2	47.842707406455	14	115234	0.00541125691471184
CO	08029	47.5	47.9643658951541	15	116449	0.00541125691471184
CO	08029	47.8	48.0313473194941	16	118636	0.00541125691471184
CO	08029	48.1	48.0681598870103	17	119550	0.00541125691471184
CO	08031	0	0.0122872689691889	0	27	0.126279621083516
CO	08031	0.3	0.0585515570350814	1	12862	0.126279621083516
CO	08031	0.4	0.278346702996266	2	16465	0.126279621083516
CO	08031	0.6	1.30842212728899	3	23843	0.126279621083516
CO	08031	0.7	5.84409427225835	4	47672	0.126279621083516
CO	08031	2.9	21.4070517396238	5	62392	0.126279621083516
CO	08031	9.8	48.4861383289861	6	73725	0.126279621083516
CO	08031	12.5	65.9934510536687	7	78866	0.126279621083516
CO	08031	62.6	71.4002890945382	8	85169	0.126279621083516
CO	08031	65	72.6485663762354	9	89837	0.126279621083516
CO	08031	67.3	72.9159131283756	10	93993	0.126279621083516
CO	08031	69	72.9722310975884	11	98619	0.126279621083516
CO	08031	72.3	72.984053184364	12	102833	0.126279621083516
CO	08031	73.9	72.9865330077401	13	112457	0.126279621083516
CO	08031	74.9	72.9870530996492	14	115234	0.126279621083516
CO	08031	75.5	72.9871621746785	15	116449	0.126279621083516
CO	08031	76	72.9871850500219	16	118636	0.126279621083516
CO	08031	76.4	72.9871898474589	17	119550	0.126279621083516
CO	08033	0	1.67708419014136	0	27	0.000356849141895027
CO	08033	0	3.29775680325867	1	12862	0.000356849141895027
CO	08033	0	6.26653374794494	2	16465	0.000356849141895027
CO	08033	5.7	11.2169860586979	3	23843	0.000356849141895027
CO	08033	11	18.3069293417781	4	47672	0.000356849141895027
CO	08033	13.4	26.5266962633546	5	62392	0.000356849141895027
CO	08033	16.3	34.0136907608179	6	73725	0.000356849141895027
CO	08033	17.2	39.4758680958429	7	78866	0.000356849141895027
CO	08033	35.4	42.8492458528105	8	85169	0.000356849141895027
CO	08033	36.6	44.7228260351381	9	89837	0.000356849141895027
CO	08033	37.5	45.7024936591247	10	93993	0.000356849141895027
CO	08033	38.5	46.1986153711777	11	98619	0.000356849141895027
CO	08033	40	46.4457903190541	12	102833	0.000356849141895027
CO	08033	40.5	46.567934342931	13	112457	0.000356849141895027
CO	08033	41.5	46.6280493456022	14	115234	0.000356849141895027
CO	08033	41.9	46.6575769242484	15	116449	0.000356849141895027
CO	08033	42	46.6720662231922	16	118636	0.000356849141895027
CO	08033	42.1	46.6791727614843	17	119550	0.000356849141895027
CO	08035	0	0.0434188372589792	0	27	0.0609776173104654
CO	08035	0.1	0.185909511056685	1	12862	0.0609776173104654
CO	08035	0.2	0.790307085255892	2	16465	0.0609776173104654
CO	08035	0.4	3.26033628326483	3	23843	0.0609776173104654
CO	08035	0.6	12.0008386169038	4	47672	0.0609776173104654
CO	08035	2.8	31.9792382933058	5	62392	0.0609776173104654
CO	08035	9.9	52.2487733161911	6	73725	0.0609776173104654
CO	08035	12	61.3036022964028	7	78866	0.0609776173104654
CO	08035	60.7	63.8835554387997	8	85169	0.0609776173104654
CO	08035	62.9	64.5162785786572	9	89837	0.0609776173104654
CO	08035	65	64.6655291700778	10	93993	0.0609776173104654
CO	08035	66.5	64.700408839742	11	98619	0.0609776173104654
CO	08035	70.2	64.7085423820565	12	102833	0.0609776173104654
CO	08035	71.9	64.7104380646891	13	112457	0.0609776173104654
CO	08035	72.7	64.7108798384373	14	115234	0.0609776173104654
CO	08035	73.2	64.7109827874407	15	116449	0.0609776173104654
CO	08035	73.5	64.7110067780669	16	118636	0.0609776173104654
CO	08035	73.9	64.711012368692	17	119550	0.0609776173104654
CO	08037	0	0.667506181990332	0	27	0.00957276041131248
CO	08037	0	1.4061653233008	1	12862	0.00957276041131248
CO	08037	0.1	2.9299883843315	2	16465	0.00957276041131248
CO	08037	7.3	5.97110001295659	3	23843	0.00957276041131248
CO	08037	23	11.6578666028537	4	47672	0.00957276041131248
CO	08037	30.7	21.1040637925551	5	62392	0.00957276041131248
CO	08037	36.5	34.0837964403994	6	73725	0.00957276041131248
CO	08037	39	47.941493986304	7	78866	0.00957276041131248
CO	08037	67.6	59.2663005601765	8	85169	0.00957276041131248
CO	08037	70.6	66.6677137529456	9	89837	0.00957276041131248
CO	08037	73.2	70.8246272454715	10	93993	0.00957276041131248
CO	08037	75.3	72.9627694866486	11	98619	0.00957276041131248
CO	08037	78.5	74.0128909195318	12	102833	0.00957276041131248
CO	08037	80.5	74.5169402994889	13	112457	0.00957276041131248
CO	08037	81.5	74.7562128435559	14	115234	0.00957276041131248
CO	08037	81.9	74.8691978700318	15	116449	0.00957276041131248
CO	08037	82.4	74.9224166894116	16	118636	0.00957276041131248
CO	08037	82.7	74.9474546413844	17	119550	0.00957276041131248
CO	08039	0	0.937155822282468	0	27	0.00464146993367989
CO	08039	0	1.74860798640489	1	12862	0.00464146993367989
CO	08039	0.1	3.20928632770114	2	16465	0.00464146993367989
CO	08039	1.9	5.72160795752553	3	23843	0.00464146993367989
CO	08039	8.8	9.7222323104418	4	47672	0.00464146993367989
CO	08039	15.4	15.3720919697598	5	62392	0.00464146993367989
CO	08039	18.6	22.1330432687814	6	73725	0.00464146993367989
CO	08039	19.9	28.7887195586348	7	78866	0.00464146993367989
CO	08039	30.2	34.1936709831249	8	85169	0.00464146993367989
CO	08039	31.8	37.9376640999948	9	89837	0.00464146993367989
CO	08039	33.5	40.254519722721	10	93993	0.00464146993367989
CO	08039	34.5	41.5896024008026	11	98619	0.00464146993367989
CO	08039	35.7	42.3275260103306	12	102833	0.00464146993367989
CO	08039	36.8	42.726012877226	13	112457	0.00464146993367989
CO	08039	37.2	42.9385001912749	14	115234	0.00464146993367989
CO	08039	37.5	43.0510434095644	15	116449	0.00464146993367989
CO	08039	37.6	43.1104384123882	16	118636	0.00464146993367989
CO	08039	37.8	43.1417250391128	17	119550	0.00464146993367989
CO	08041	0	0.257437403011215	0	27	0.125097417210999
CO	08041	0.4	0.607477285289292	1	12862	0.125097417210999
CO	08041	1	1.42209587674384	2	16465	0.125097417210999
CO	08041	2.6	3.26874977427558	3	23843	0.125097417210999
CO	08041	4.1	7.21676362022659	4	47672	0.125097417210999
CO	08041	6.3	14.6931402671564	5	62392	0.125097417210999
CO	08041	12.8	26.0721790911458	6	73725	0.125097417210999
CO	08041	15.5	38.6979744078508	7	78866	0.125097417210999
CO	08041	49.9	48.616429483554	8	85169	0.125097417210999
CO	08041	52.7	54.5013805748128	9	89837	0.125097417210999
CO	08041	55.2	57.4301082389871	10	93993	0.125097417210999
CO	08041	56.9	58.7603651650973	11	98619	0.125097417210999
CO	08041	59.3	59.3394187285599	12	102833	0.125097417210999
CO	08041	62.3	59.5867983155569	13	112457	0.125097417210999
CO	08041	63.5	59.6916350789144	14	115234	0.125097417210999
CO	08041	64.1	59.7359121219805	15	116449	0.125097417210999
CO	08041	64.6	59.7545852006714	16	118636	0.125097417210999
CO	08041	65	59.7624554486724	17	119550	0.125097417210999
CO	08043	0	1.73776871402558	0	27	0.00830720491441177
CO	08043	0	3.0969041310217	1	12862	0.00830720491441177
CO	08043	0.4	5.38971796345747	2	16465	0.00830720491441177
CO	08043	1.6	9.02334841578672	3	23843	0.00830720491441177
CO	08043	9.5	14.2480624424113	4	47672	0.00830720491441177
CO	08043	14.5	20.798246781446	5	62392	0.00830720491441177
CO	08043	17.4	27.7329052782135	6	73725	0.00830720491441177
CO	08043	18.6	33.8766092993268	7	78866	0.00830720491441177
CO	08043	35.5	38.5177875441065	8	85169	0.00830720491441177
CO	08043	37.1	41.6191576495385	9	89837	0.00830720491441177
CO	08043	38.8	43.5253491302685	10	93993	0.00830720491441177
CO	08043	40	44.6373460950093	11	98619	0.00830720491441177
CO	08043	41.5	45.2663727243411	12	102833	0.00830720491441177
CO	08043	42.9	45.616011809954	13	112457	0.00830720491441177
CO	08043	43.6	45.8084636220405	14	115234	0.00830720491441177
CO	08043	44	45.9138246894407	15	116449	0.00830720491441177
CO	08043	44.4	45.9713360390257	16	118636	0.00830720491441177
CO	08043	44.9	46.0026779302513	17	119550	0.00830720491441177
CO	08045	0	0.543405938407629	0	27	0.0104295456502955
CO	08045	0	1.09722577945576	1	12862	0.0104295456502955
CO	08045	0.3	2.19518883051089	2	16465	0.0104295456502955
CO	08045	1.3	4.31353334719215	3	23843	0.0104295456502955
CO	08045	13.7	8.19414297283527	4	47672	0.0104295456502955
CO	08045	21.1	14.67190564866	5	62392	0.0104295456502955
CO	08045	26.3	23.972354107721	6	73725	0.0104295456502955
CO	08045	28.7	34.7976216003072	7	78866	0.0104295456502955
CO	08045	51.3	44.7049124145193	8	85169	0.0104295456502955
CO	08045	54.5	51.9658964966072	9	89837	0.0104295456502955
CO	08045	56.7	56.4668610554067	10	93993	0.0104295456502955
CO	08045	58.4	58.9736446778324	11	98619	0.0104295456502955
CO	08045	61.4	60.2871123721098	12	102833	0.0104295456502955
CO	08045	62.9	60.9533524188268	13	112457	0.0104295456502955
CO	08045	63.8	61.2857343111683	14	115234	0.0104295456502955
CO	08045	64.3	61.4501846080587	15	116449	0.0104295456502955
CO	08045	64.7	61.5312139779939	16	118636	0.0104295456502955
CO	08045	64.9	61.5710584062912	17	119550	0.0104295456502955
CO	08047	0	0.48424626190225	0	27	0.00108409206464752
CO	08047	0	1.06443207584909	1	12862	0.00108409206464752
CO	08047	0	2.31417947305385	2	16465	0.00108409206464752
CO	08047	1.6	4.91553174722694	3	23843	0.00108409206464752
CO	08047	17.2	9.96401403296801	4	47672	0.00108409206464752
CO	08047	29.3	18.5525197487165	5	62392	0.00108409206464752
CO	08047	34.1	30.3400999548403	6	73725	0.00108409206464752
CO	08047	35.4	42.5159001132423	7	78866	0.00108409206464752
CO	08047	50.6	51.9047391115702	8	85169	0.00108409206464752
CO	08047	52	57.6422836083605	9	89837	0.00108409206464752
CO	08047	53.8	60.6648844869891	10	93993	0.00108409206464752
CO	08047	54.7	62.1334366487155	11	98619	0.00108409206464752
CO	08047	56.3	62.8188720181819	12	102833	0.00108409206464752
CO	08047	57.2	63.1327931231483	13	112457	0.00108409206464752
CO	08047	57.7	63.2753174795182	14	115234	0.00108409206464752
CO	08047	58	63.3397692625851	15	116449	0.00108409206464752
CO	08047	58.1	63.3688630924174	16	118636	0.00108409206464752
CO	08047	58.3	63.3819855335274	17	119550	0.00108409206464752
CO	08049	0	0.882450989069136	0	27	0.0027321967876284
CO	08049	0	1.82936569800807	1	12862	0.0027321967876284
CO	08049	0.1	3.72931014124234	2	16465	0.0027321967876284
CO	08049	1.8	7.35705119233668	3	23843	0.0027321967876284
CO	08049	17.6	13.6709766407147	4	47672	0.0027321967876284
CO	08049	28.1	23.0719237953299	5	62392	0.0027321967876284
CO	08049	32.5	34.2560280531066	6	73725	0.0027321967876284
CO	08049	34.4	44.496971962882	7	78866	0.0027321967876284
CO	08049	53.4	51.8574549210179	8	85169	0.0027321967876284
CO	08049	55.2	56.2772358403882	9	89837	0.0027321967876284
CO	08049	57.1	58.6505416513845	10	93993	0.0027321967876284
CO	08049	58.5	59.8488508457213	11	98619	0.0027321967876284
CO	08049	60.8	60.4350945629277	12	102833	0.0027321967876284
CO	08049	61.9	60.7174708278589	13	112457	0.0027321967876284
CO	08049	62.5	60.8524632149288	14	115234	0.0027321967876284
CO	08049	62.9	60.9167652279323	15	116449	0.0027321967876284
CO	08049	63.2	60.9473421177686	16	118636	0.0027321967876284
CO	08049	63.5	60.9618701531104	17	119550	0.0027321967876284
CO	08051	0	0.560567001253473	0	27	0.00303226263541166
CO	08051	0	1.39928044992652	1	12862	0.00303226263541166
CO	08051	0	3.42816117550163	2	16465	0.00303226263541166
CO	08051	2.5	8.0385778664272	3	23843	0.00303226263541166
CO	08051	16.7	17.1753929083718	4	47672	0.00303226263541166
CO	08051	24.2	31.2052051261198	5	62392	0.00303226263541166
CO	08051	27.8	46.1010530123479	6	73725	0.00303226263541166
CO	08051	29.3	56.8320695502637	7	78866	0.00303226263541166
CO	08051	58.9	62.5955187223255	8	85169	0.00303226263541166
CO	08051	60.6	65.2114231965005	9	89837	0.00303226263541166
CO	08051	62.6	66.307524407861	10	93993	0.00303226263541166
CO	08051	64.3	66.7513334341966	11	98619	0.00303226263541166
CO	08051	66.9	66.9285293898894	12	102833	0.00303226263541166
CO	08051	68.2	66.9988804443604	13	112457	0.00303226263541166
CO	08051	68.7	67.0267491431141	14	115234	0.00303226263541166
CO	08051	69	67.0377792055336	15	116449	0.00303226263541166
CO	08051	69.4	67.0421432273134	16	118636	0.00303226263541166
CO	08051	69.6	67.0438696040268	17	119550	0.00303226263541166
CO	08053	0	1.02782623430137	0	27	0.000142392358323076
CO	08053	0	2.2367499444217	1	12862	0.000142392358323076
CO	08053	0	4.74592054801221	2	16465	0.000142392358323076
CO	08053	0	9.57315465448669	3	23843	0.000142392358323076
CO	08053	11	17.6366905481247	4	47672	0.000142392358323076
CO	08053	15	28.3829973693725	5	62392	0.000142392358323076
CO	08053	17.8	39.088996139181	6	73725	0.000142392358323076
CO	08053	20	47.0696933038851	7	78866	0.000142392358323076
CO	08053	50.2	51.8259359032173	8	85169	0.000142392358323076
CO	08053	51.6	54.2919086355459	9	89837	0.000142392358323076
CO	08053	53.7	55.4784865263128	10	93993	0.000142392358323076
CO	08053	57.8	56.0289188317788	11	98619	0.000142392358323076
CO	08053	61.3	56.279912783766	12	102833	0.000142392358323076
CO	08053	62.8	56.3934688540213	13	112457	0.000142392358323076
CO	08053	63.7	56.444661826255	14	115234	0.000142392358323076
CO	08053	64	56.4677034028109	15	116449	0.000142392358323076
CO	08053	64.3	56.4780667409492	16	118636	0.000142392358323076
CO	08053	64.4	56.482726309716	17	119550	0.000142392358323076
CO	08055	0	1.32655318281086	0	27	0.00119765865287105
CO	08055	0	2.51658183550405	1	12862	0.00119765865287105
CO	08055	0	4.68475208531696	2	16465	0.00119765865287105
CO	08055	2.3	8.43315740570897	3	23843	0.00119765865287105
CO	08055	13.2	14.3615106329453	4	47672	0.00119765865287105
CO	08055	16.8	22.5340533549977	5	62392	0.00119765865287105
CO	08055	19.4	31.899087066197	6	73725	0.00119765865287105
CO	08055	20.9	40.6052357223093	7	78866	0.00119765865287105
CO	08055	45.2	47.2596946938255	8	85169	0.00119765865287105
CO	08055	47.7	51.6244529369248	9	89837	0.00119765865287105
CO	08055	49.5	54.2073148792436	10	93993	0.00119765865287105
CO	08055	50.5	55.6435806662646	11	98619	0.00119765865287105
CO	08055	51.8	56.4147389327009	12	102833	0.00119765865287105
CO	08055	53.1	56.8210057779532	13	112457	0.00119765865287105
CO	08055	53.6	57.0328995863026	14	115234	0.00119765865287105
CO	08055	54	57.1428369106571	15	116449	0.00119765865287105
CO	08055	54.2	57.1997205840175	16	118636	0.00119765865287105
CO	08055	54.4	57.2291117528389	17	119550	0.00119765865287105
CO	08057	0	1.78085088959621	0	27	0.000241719710714296
CO	08057	0	3.42731826146494	1	12862	0.000241719710714296
CO	08057	0	6.37490049231176	2	16465	0.000241719710714296
CO	08057	0	11.1861733721612	3	23843	0.000241719710714296
CO	08057	8.4	17.9681651369906	4	47672	0.000241719710714296
CO	08057	12.1	25.787037207143	5	62392	0.000241719710714296
CO	08057	14.2	32.9599145134765	6	73725	0.000241719710714296
CO	08057	16.5	38.2858684589288	7	78866	0.000241719710714296
CO	08057	37.2	41.6518571189891	8	85169	0.000241719710714296
CO	08057	39.3	43.5674500978444	9	89837	0.000241719710714296
CO	08057	40.9	44.5931104828454	10	93993	0.000241719710714296
CO	08057	41.9	45.1243858646259	11	98619	0.000241719710714296
CO	08057	43.5	45.3948598834071	12	102833	0.000241719710714296
CO	08057	44.3	45.5313470119236	13	112457	0.000241719710714296
CO	08057	44.9	45.599914144898	14	115234	0.000241719710714296
CO	08057	45.7	45.6342828896352	15	116449	0.000241719710714296
CO	08057	45.8	45.6514905393194	16	118636	0.000241719710714296
CO	08057	46	45.6601011537673	17	119550	0.000241719710714296
CO	08059	0	0.0262674356679289	0	27	0.101216829526479
CO	08059	0.2	0.12536865482962	1	12862	0.101216829526479
CO	08059	0.3	0.59517763593622	2	16465	0.101216829526479
CO	08059	0.6	2.75613562872596	3	23843	0.101216829526479
CO	08059	0.8	11.4671395301272	4	47672	0.101216829526479
CO	08059	3.2	33.8536668867415	5	62392	0.101216829526479
CO	08059	10.4	57.2293068678306	6	73725	0.101216829526479
CO	08059	12.7	66.893226980972	7	78866	0.101216829526479
CO	08059	65.5	69.343146279433	8	85169	0.101216829526479
CO	08059	67.6	69.8786065565451	9	89837	0.101216829526479
CO	08059	69.8	69.9916859736808	10	93993	0.101216829526479
CO	08059	71.5	70.015391316275	11	98619	0.101216829526479
CO	08059	74.8	70.0203530958653	12	102833	0.101216829526479
CO	08059	76.1	70.0213913127186	13	112457	0.101216829526479
CO	08059	76.8	70.0216085374415	14	115234	0.101216829526479
CO	08059	77.2	70.0216539864352	15	116449	0.101216829526479
CO	08059	77.6	70.0216634955042	16	118636	0.101216829526479
CO	08059	77.9	70.0216654850387	17	119550	0.101216829526479
CO	08061	0	1.39526171861531	0	27	0.000244150799758836
CO	08061	0	2.4561177952963	1	12862	0.000244150799758836
CO	08061	0	4.23305067162234	2	16465	0.000244150799758836
CO	08061	0	7.048365993291	3	23843	0.000244150799758836
CO	08061	3.1	11.138195128201	4	47672	0.000244150799758836
CO	08061	5.6	16.388289503647	5	62392	0.000244150799758836
CO	08061	7.1	22.1534324394708	6	73725	0.000244150799758836
CO	08061	8	27.4931413531038	7	78866	0.000244150799758836
CO	08061	31.7	31.7133670496735	8	85169	0.000244150799758836
CO	08061	33	34.6498644328193	9	89837	0.000244150799758836
CO	08061	34.5	36.516652375065	10	93993	0.000244150799758836
CO	08061	36	37.6361293499877	11	98619	0.000244150799758836
CO	08061	36.3	38.2841061941559	12	102833	0.000244150799758836
CO	08061	36.9	38.6515049729478	13	112457	0.000244150799758836
CO	08061	37.3	38.8573827675649	14	115234	0.000244150799758836
CO	08061	37.5	38.9719901116212	15	116449	0.000244150799758836
CO	08061	37.6	39.0355548150356	16	118636	0.000244150799758836
CO	08061	37.6	39.070737730003	17	119550	0.000244150799758836
CO	08063	0	2.11917239999005	0	27	0.00123238849636448
CO	08063	0	3.70583825227098	1	12862	0.00123238849636448
CO	08063	0.3	6.28438003857249	2	16465	0.00123238849636448
CO	08063	1	10.1575885582667	3	23843	0.00123238849636448
CO	08063	8	15.3380984316779	4	47672	0.00123238849636448
CO	08063	11.7	21.2879907983764	5	62392	0.00123238849636448
CO	08063	13.4	27.0352456609172	6	73725	0.00123238849636448
CO	08063	14.3	31.7296895529331	7	78866	0.00123238849636448
CO	08063	31.3	35.0665616826865	8	85169	0.00123238849636448
CO	08063	33.3	37.2111261319703	9	89837	0.00123238849636448
CO	08063	34.6	38.5015017064613	10	93993	0.00123238849636448
CO	08063	35.5	39.2473424817181	11	98619	0.00123238849636448
CO	08063	36.8	39.6684629729054	12	102833	0.00123238849636448
CO	08063	37.5	39.9030993236262	13	112457	0.00123238849636448
CO	08063	38.1	40.032864792182	14	115234	0.00123238849636448
CO	08063	38.8	40.1043368681719	15	116449	0.00123238849636448
CO	08063	39.1	40.1436130020392	16	118636	0.00123238849636448
CO	08063	39.1	40.1651695663455	17	119550	0.00123238849636448
CO	08065	0	0.383177506102835	0	27	0.00141124719035566
CO	08065	0	0.868901370957699	1	12862	0.00141124719035566
CO	08065	0	1.95139318192355	2	16465	0.00141124719035566
CO	08065	0	4.29052829688739	3	23843	0.00141124719035566
CO	08065	14.5	9.02446372545479	4	47672	0.00141124719035566
CO	08065	24.7	17.4499939484899	5	62392	0.00141124719035566
CO	08065	29.8	29.5047383166484	6	73725	0.00141124719035566
CO	08065	31.3	42.289206288262	7	78866	0.00141124719035566
CO	08065	50.4	52.1843349717555	8	85169	0.00141124719035566
CO	08065	52.2	58.1373586481531	9	89837	0.00141124719035566
CO	08065	53.9	61.1921649365959	10	93993	0.00141124719035566
CO	08065	55.1	62.6323472329659	11	98619	0.00141124719035566
CO	08065	57.2	63.2841360515569	12	102833	0.00141124719035566
CO	08065	58.6	63.5736542010772	13	112457	0.00141124719035566
CO	08065	59.3	63.7011861094711	14	115234	0.00141124719035566
CO	08065	59.6	63.7571568465559	15	116449	0.00141124719035566
CO	08065	59.8	63.7816813301615	16	118636	0.00141124719035566
CO	08065	60.1	63.7924195033606	17	119550	0.00141124719035566
CO	08067	0	0.755831323040668	0	27	0.00976273265522156
CO	08067	0.3	1.558574979502	1	12862	0.00976273265522156
CO	08067	1	3.17318905916107	2	16465	0.00976273265522156
CO	08067	8.5	6.30001075568881	3	23843	0.00976273265522156
CO	08067	24.8	11.9339503411051	4	47672	0.00976273265522156
CO	08067	31.2	20.8796711406834	5	62392	0.00976273265522156
CO	08067	35.5	32.5802066279364	6	73725	0.00976273265522156
CO	08067	37.2	44.5373428731654	7	78866	0.00976273265522156
CO	08067	61.1	54.0390553035937	8	85169	0.00976273265522156
CO	08067	62.7	60.1912762135217	9	89837	0.00976273265522156
CO	08067	64.4	63.6637348141198	10	93993	0.00976273265522156
CO	08067	65.8	65.4733613395299	11	98619	0.00976273265522156
CO	08067	68.2	66.3772963138165	12	102833	0.00976273265522156
CO	08067	69.2	66.8192686232729	13	112457	0.00976273265522156
CO	08067	69.9	67.0331069966262	14	115234	0.00976273265522156
CO	08067	70.3	67.1360413747054	15	116449	0.00976273265522156
CO	08067	70.7	67.1854687145304	16	118636	0.00976273265522156
CO	08067	71	67.2091748554507	17	119550	0.00976273265522156
CO	08069	0	0.0181243197099243	0	27	0.0619752320648142
CO	08069	0.1	0.0912698041184917	1	12862	0.0619752320648142
CO	08069	0.3	0.45753697218287	2	16465	0.0619752320648142
CO	08069	0.6	2.24290477330398	3	23843	0.0619752320648142
CO	08069	1	9.924868821683	4	47672	0.0619752320648142
CO	08069	2.6	30.9544340418533	5	62392	0.0619752320648142
CO	08069	7.7	53.3966306749925	6	73725	0.0619752320648142
CO	08069	9.6	62.3653841779728	7	78866	0.0619752320648142
CO	08069	57.4	64.5148160696553	8	85169	0.0619752320648142
CO	08069	59.3	64.9588996716804	9	89837	0.0619752320648142
CO	08069	61.1	65.0477140547106	10	93993	0.0619752320648142
CO	08069	62.4	65.06535981885	11	98619	0.0619752320648142
CO	08069	65.2	65.068861105172	12	102833	0.0619752320648142
CO	08069	66.6	65.0695556521455	13	112457	0.0619752320648142
CO	08069	67.3	65.069693421673	14	115234	0.0619752320648142
CO	08069	67.7	65.0697207491956	15	116449	0.0619752320648142
CO	08069	68.1	65.0697261697845	16	118636	0.0619752320648142
CO	08069	68.4	65.0697272449926	17	119550	0.0619752320648142
CO	08071	0	2.09980346837711	0	27	0.00251895554857872
CO	08071	0	3.46138700728329	1	12862	0.00251895554857872
CO	08071	0	5.60753043857196	2	16465	0.00251895554857872
CO	08071	1.6	8.84408523072331	3	23843	0.00251895554857872
CO	08071	14.2	13.4137284660943	4	47672	0.00251895554857872
CO	08071	18.9	19.2993731257829	5	62392	0.00251895554857872
CO	08071	21.8	26.0443300046694	6	73725	0.00251895554857872
CO	08071	23.9	32.8130006452577	7	78866	0.00251895554857872
CO	08071	50.8	38.7583427817624	8	85169	0.00251895554857872
CO	08071	53.3	43.3996293691059	9	89837	0.00251895554857872
CO	08071	55.6	46.7003991871579	10	93993	0.00251895554857872
CO	08071	57	48.8953153177045	11	98619	0.00251895554857872
CO	08071	59	50.2904109596632	12	102833	0.00251895554857872
CO	08071	60.4	51.1518398850376	13	112457	0.00251895554857872
CO	08071	61	51.6742722758759	14	115234	0.00251895554857872
CO	08071	61.5	51.9876662329841	15	116449	0.00251895554857872
CO	08071	61.7	52.1744312072176	16	118636	0.00251895554857872
CO	08071	61.9	52.2852966374493	17	119550	0.00251895554857872
CO	08073	0	1.16909421030448	0	27	0.000989974188780316
CO	08073	0	2.13201009814792	1	12862	0.000989974188780316
CO	08073	0	3.81533168829203	2	16465	0.000989974188780316
CO	08073	4.8	6.6116169317721	3	23843	0.000989974188780316
CO	08073	8.5	10.8850280423941	4	47672	0.000989974188780316
CO	08073	11.3	16.6495935529643	5	62392	0.000989974188780316
CO	08073	13.2	23.2433245323083	6	73725	0.000989974188780316
CO	08073	14.2	29.5018640144406	7	78866	0.000989974188780316
CO	08073	28.7	34.4742592932091	8	85169	0.000989974188780316
CO	08073	30.8	37.8956398606251	9	89837	0.000989974188780316
CO	08073	32	40.0233674143274	10	93993	0.000989974188780316
CO	08073	33.3	41.2644444127725	11	98619	0.000989974188780316
CO	08073	34.5	41.9614422967485	12	102833	0.000989974188780316
CO	08073	35.2	42.3445749673566	13	112457	0.000989974188780316
CO	08073	35.7	42.5526988121864	14	115234	0.000989974188780316
CO	08073	36	42.6650278521587	15	116449	0.000989974188780316
CO	08073	36.1	42.7254432258013	16	118636	0.000989974188780316
CO	08073	36.3	42.7578762547476	17	119550	0.000989974188780316
CO	08075	0	1.8975265997187	0	27	0.00389130531422173
CO	08075	0	3.34773166236394	1	12862	0.00389130531422173
CO	08075	0.1	5.74362598451221	2	16465	0.00389130531422173
CO	08075	0.9	9.42539502888053	3	23843	0.00389130531422173
CO	08075	7.6	14.4977737259938	4	47672	0.00389130531422173
CO	08075	11.1	20.5273139329376	5	62392	0.00389130531422173
CO	08075	13.1	26.555332553459	6	73725	0.00389130531422173
CO	08075	14.6	31.6240754212031	7	78866	0.00389130531422173
CO	08075	29.6	35.3018579129808	8	85169	0.00389130531422173
CO	08075	31.6	37.6945495059554	9	89837	0.00389130531422173
CO	08075	33.8	39.1425829898139	10	93993	0.00389130531422173
CO	08075	35.2	39.9808690404173	11	98619	0.00389130531422173
CO	08075	36.5	40.4537386296223	12	102833	0.00389130531422173
CO	08075	37.1	40.7165840732821	13	112457	0.00389130531422173
CO	08075	37.7	40.86149328206	14	115234	0.00389130531422173
CO	08075	38	40.9410218734364	15	116449	0.00389130531422173
CO	08075	38.2	40.9845599556645	16	118636	0.00389130531422173
CO	08075	38.4	41.008362479406	17	119550	0.00389130531422173
CO	08077	0	0.0685328467627356	0	27	0.0267784458256117
CO	08077	0.4	0.235848628614946	1	12862	0.0267784458256117
CO	08077	1.3	0.805058911378227	2	16465	0.0267784458256117
CO	08077	2.3	2.67417315169092	3	23843	0.0267784458256117
CO	08077	2.4	8.16243643434691	4	47672	0.0267784458256117
CO	08077	3	20.1225544123542	5	62392	0.0267784458256117
CO	08077	6.1	34.9561352592697	6	73725	0.0267784458256117
CO	08077	8.1	44.4444024072581	7	78866	0.0267784458256117
CO	08077	40.9	48.236184591436	8	85169	0.0267784458256117
CO	08077	42.6	49.4581852150476	9	89837	0.0267784458256117
CO	08077	44.5	49.8237309025372	10	93993	0.0267784458256117
CO	08077	45.6	49.930606182917	11	98619	0.0267784458256117
CO	08077	47.4	49.9616435361296	12	102833	0.0267784458256117
CO	08077	48.6	49.9706393339522	13	112457	0.0267784458256117
CO	08077	49.3	49.9732451722512	14	115234	0.0267784458256117
CO	08077	49.7	49.9739998883408	15	116449	0.0267784458256117
CO	08077	50	49.9742184625962	16	118636	0.0267784458256117
CO	08077	50.2	49.9742817632794	17	119550	0.0267784458256117
CO	08079	0	1.04679546054774	0	27	0.000133536248232251
CO	08079	0	2.266033041786	1	12862	0.000133536248232251
CO	08079	0	4.78261785302047	2	16465	0.000133536248232251
CO	08079	0	9.59832712893963	3	23843	0.000133536248232251
CO	08079	13.1	17.6083116413081	4	47672	0.000133536248232251
CO	08079	22.5	28.2643002369505	5	62392	0.000133536248232251
CO	08079	28	38.8992903282263	6	73725	0.000133536248232251
CO	08079	29.4	46.8659365663703	7	78866	0.000133536248232251
CO	08079	67.1	51.6442569789781	8	85169	0.000133536248232251
CO	08079	70	54.1379269165575	9	89837	0.000133536248232251
CO	08079	73.2	55.3452305778513	10	93993	0.000133536248232251
CO	08079	76.5	55.9084946826067	11	98619	0.000133536248232251
CO	08079	80.2	56.1667388154149	12	102833	0.000133536248232251
CO	08079	81.1	56.2841902882425	13	112457	0.000133536248232251
CO	08079	82.1	56.3374128210288	14	115234	0.000133536248232251
CO	08079	82.4	56.3614902973252	15	116449	0.000133536248232251
CO	08079	83	56.372374579049	16	118636	0.000133536248232251
CO	08079	83.6	56.3772931722708	17	119550	0.000133536248232251
CO	08081	0	2.85080369964217	0	27	0.00230658255561637
CO	08081	0	4.6722578283612	1	12862	0.00230658255561637
CO	08081	0	7.43467734621112	2	16465	0.00230658255561637
CO	08081	0.9	11.3303539085261	3	23843	0.00230658255561637
CO	08081	9.1	16.2960428053525	4	47672	0.00230658255561637
CO	08081	12.9	21.8699615758634	5	62392	0.00230658255561637
CO	08081	15.8	27.3002310975107	6	73725	0.00230658255561637
CO	08081	18.3	31.9074896652253	7	78866	0.00230658255561637
CO	08081	33.7	35.3797085736972	8	85169	0.00230658255561637
CO	08081	36.3	37.7699246465667	9	89837	0.00230658255561637
CO	08081	38.2	39.3145116644278	10	93993	0.00230658255561637
CO	08081	39.9	40.2722542205437	11	98619	0.00230658255561637
CO	08081	41.5	40.8509828848624	12	102833	0.00230658255561637
CO	08081	42.2	41.1952477935071	13	112457	0.00230658255561637
CO	08081	42.8	41.3981316875061	14	115234	0.00230658255561637
CO	08081	43.1	41.5170375843816	15	116449	0.00230658255561637
CO	08081	43.5	41.5865002761244	16	118636	0.00230658255561637
CO	08081	43.6	41.6270023230228	17	119550	0.00230658255561637
CO	08083	0	0.86905821352697	0	27	0.00454665746094282
CO	08083	1.2	1.54613031081513	1	12862	0.00454665746094282
CO	08083	3	2.72658839810066	2	16465	0.00454665746094282
CO	08083	7.7	4.73593737333686	3	23843	0.00454665746094282
CO	08083	19.7	8.02055923749134	4	47672	0.00454665746094282
CO	08083	22.6	13.0502861254152	5	62392	0.00454665746094282
CO	08083	25.8	20.0306913121203	6	73725	0.00454665746094282
CO	08083	27.4	28.5028429457027	7	78866	0.00454665746094282
CO	08083	50.9	37.2605914025708	8	85169	0.00454665746094282
CO	08083	52.8	44.9326361585191	9	89837	0.00454665746094282
CO	08083	55.4	50.7381543552804	10	93993	0.00454665746094282
CO	08083	57.2	54.6629504837295	11	98619	0.00454665746094282
CO	08083	59.3	57.118236963603	12	102833	0.00454665746094282
CO	08083	60.9	58.5804365202646	13	112457	0.00454665746094282
CO	08083	67.8	59.4258164888134	14	115234	0.00454665746094282
CO	08083	68.6	59.9062311901641	15	116449	0.00454665746094282
CO	08083	69.1	60.1765731922058	16	118636	0.00454665746094282
CO	08083	69.5	60.3278611627898	17	119550	0.00454665746094282
CO	08085	0	1.77705970245847	0	27	0.0074248932404611
CO	08085	0	3.13620757361071	1	12862	0.0074248932404611
CO	08085	0.4	5.41478709140344	2	16465	0.0074248932404611
CO	08085	5	9.02073472169539	3	23843	0.0074248932404611
CO	08085	11.5	14.2372835811373	4	47672	0.0074248932404611
CO	08085	14.8	20.8809930093927	5	62392	0.0074248932404611
CO	08085	16.9	28.0939739221168	6	73725	0.0074248932404611
CO	08085	18.7	34.6863195628897	7	78866	0.0074248932404611
CO	08085	39.1	39.8283850798453	8	85169	0.0074248932404611
CO	08085	40.9	43.365435147089	9	89837	0.0074248932404611
CO	08085	42.6	45.5931857103489	10	93993	0.0074248932404611
CO	08085	44.4	46.9193362518429	11	98619	0.0074248932404611
CO	08085	46	47.6824147980362	12	102833	0.0074248932404611
CO	08085	47.2	48.1129388140082	13	112457	0.0074248932404611
CO	08085	48.1	48.3531437740134	14	115234	0.0074248932404611
CO	08085	48.7	48.4863294464064	15	116449	0.0074248932404611
CO	08085	49.1	48.5599211536902	16	118636	0.0074248932404611
CO	08085	49.5	48.6005064273661	17	119550	0.0074248932404611
CO	08087	0	1.99543790774679	0	27	0.00504763545333559
CO	08087	0	3.43569632903471	1	12862	0.00504763545333559
CO	08087	0.1	5.78340506741152	2	16465	0.00504763545333559
CO	08087	3.3	9.39345494882158	3	23843	0.00504763545333559
CO	08087	12.4	14.4751944461134	4	47672	0.00504763545333559
CO	08087	18.5	20.8054774952626	5	62392	0.00504763545333559
CO	08087	21.4	27.5918551646883	6	73725	0.00504763545333559
CO	08087	23.3	33.7907902125174	7	78866	0.00504763545333559
CO	08087	37.1	38.6779692373195	8	85169	0.00504763545333559
CO	08087	39.2	42.1027155643952	9	89837	0.00504763545333559
CO	08087	41.5	44.3092865458743	10	93993	0.00504763545333559
CO	08087	43.1	45.6550062176727	11	98619	0.00504763545333559
CO	08087	45.2	46.4484003902618	12	102833	0.00504763545333559
CO	08087	46.6	46.9068539040261	13	112457	0.00504763545333559
CO	08087	47.5	47.1686943905017	14	115234	0.00504763545333559
CO	08087	48.1	47.317246340438	15	116449	0.00504763545333559
CO	08087	48.5	47.4012063145616	16	118636	0.00504763545333559
CO	08087	48.7	47.4485578701529	17	119550	0.00504763545333559
CO	08089	0	1.9822443062043	0	27	0.00317396039686487
CO	08089	0	3.40477384629615	1	12862	0.00317396039686487
CO	08089	0.2	5.72445627981656	2	16465	0.00317396039686487
CO	08089	1.4	9.30363123347581	3	23843	0.00317396039686487
CO	08089	9.7	14.3808055615016	4	47672	0.00317396039686487
CO	08089	14	20.7859652258763	5	62392	0.00317396039686487
CO	08089	16.8	27.7701376884485	6	73725	0.00317396039686487
CO	08089	18.8	34.2726765645756	7	78866	0.00317396039686487
CO	08089	39.1	39.4946321508925	8	85169	0.00317396039686487
CO	08089	40.9	43.2124135593712	9	89837	0.00317396039686487
CO	08089	43	45.6382701855534	10	93993	0.00317396039686487
CO	08089	44.5	47.1323218531525	11	98619	0.00317396039686487
CO	08089	46.3	48.0199859332483	12	102833	0.00317396039686487
CO	08089	48	48.536147050195	13	112457	0.00317396039686487
CO	08089	48.7	48.8325364835477	14	115234	0.00317396039686487
CO	08089	49	49.0015015733489	15	116449	0.00317396039686487
CO	08089	49.4	49.097427635178	16	118636	0.00317396039686487
CO	08089	49.6	49.1517597330104	17	119550	0.00317396039686487
CO	08091	0	0.658665164401913	0	27	0.000859910924897408
CO	08091	0	1.58329020863141	1	12862	0.000859910924897408
CO	08091	0	3.72992942744219	2	16465	0.000859910924897408
CO	08091	10.7	8.39786636874124	3	23843	0.000859910924897408
CO	08091	19.9	17.2467766712567	4	47672	0.000859910924897408
CO	08091	25.8	30.3637548983181	5	62392	0.000859910924897408
CO	08091	29.3	44.1208719286283	6	73725	0.000859910924897408
CO	08091	30.6	54.1859211413291	7	78866	0.000859910924897408
CO	08091	55.1	59.7765427247992	8	85169	0.000859910924897408
CO	08091	57	62.4167135106434	9	89837	0.000859910924897408
CO	08091	58.1	63.56776744637	10	93993	0.000859910924897408
CO	08091	60.5	64.0520348025898	11	98619	0.000859910924897408
CO	08091	63.1	64.2527116103372	12	102833	0.000859910924897408
CO	08091	64.2	64.3353480114174	13	112457	0.000859910924897408
CO	08091	64.7	64.3692883467834	14	115234	0.000859910924897408
CO	08091	65.1	64.3832133918952	15	116449	0.000859910924897408
CO	08091	65.8	64.3889240552418	16	118636	0.000859910924897408
CO	08091	66.5	64.391265577865	17	119550	0.000859910924897408
CO	08093	0	0.645081895353006	0	27	0.00327241950316875
CO	08093	0	1.29152483469907	1	12862	0.00327241950316875
CO	08093	0.1	2.55380595864697	2	16465	0.00327241950316875
CO	08093	2	4.93075212350795	3	23843	0.00327241950316875
CO	08093	11	9.11541977322073	4	47672	0.00327241950316875
CO	08093	18.4	15.6784336499796	5	62392	0.00327241950316875
CO	08093	21.9	24.3123068675979	6	73725	0.00327241950316875
CO	08093	23.4	33.3784338846405	7	78866	0.00327241950316875
CO	08093	40.6	40.901347938553	8	85169	0.00327241950316875
CO	08093	42.3	46.0168714137981	9	89837	0.00327241950316875
CO	08093	43.6	49.0422200686605	10	93993	0.00327241950316875
CO	08093	44.3	50.6858260811102	11	98619	0.00327241950316875
CO	08093	45.5	51.5377601546542	12	102833	0.00327241950316875
CO	08093	46.5	51.9685974634733	13	112457	0.00327241950316875
CO	08093	46.9	52.1837646395306	14	115234	0.00327241950316875
CO	08093	47.1	52.2905498434416	15	116449	0.00327241950316875
CO	08093	47.5	52.3433810215189	16	118636	0.00327241950316875
CO	08093	47.8	52.3694784781446	17	119550	0.00327241950316875
CO	08095	0	1.1206547476081	0	27	0.000740613912497465
CO	08095	0	2.056155399803	1	12862	0.000740613912497465
CO	08095	0	3.70470850137099	2	16465	0.000740613912497465
CO	08095	0.6	6.46985553256	3	23843	0.000740613912497465
CO	08095	8.3	10.7449419840767	4	47672	0.000740613912497465
CO	08095	15.7	16.5876009359425	5	62392	0.000740613912497465
CO	08095	19.1	23.358098507737	6	73725	0.000740613912497465
CO	08095	21.2	29.8535554666345	7	78866	0.000740613912497465
CO	08095	41.5	35.0490250281292	8	85169	0.000740613912497465
CO	08095	43.8	38.6329895262223	9	89837	0.000740613912497465
CO	08095	46	40.8602196609983	10	93993	0.000740613912497465
CO	08095	47.7	42.1557273786467	11	98619	0.000740613912497465
CO	08095	49.2	42.8804558796574	12	102833	0.000740613912497465
CO	08095	50.6	43.2770562405516	13	112457	0.000740613912497465
CO	08095	51.5	43.49148080947	14	115234	0.000740613912497465
CO	08095	52.1	43.6066526278219	15	116449	0.000740613912497465
CO	08095	52.4	43.6682957903596	16	118636	0.000740613912497465
CO	08095	52.6	43.7012266014679	17	119550	0.000740613912497465
CO	08097	0	0.464176997501028	0	27	0.00308522564673915
CO	08097	0	1.03560302922824	1	12862	0.00308522564673915
CO	08097	0.2	2.28950548645919	2	16465	0.00308522564673915
CO	08097	3.9	4.96274751792614	3	23843	0.00308522564673915
CO	08097	14	10.3271855082616	4	47672	0.00308522564673915
CO	08097	25.4	19.8941047426556	5	62392	0.00308522564673915
CO	08097	36.3	33.8410784787125	6	73725	0.00308522564673915
CO	08097	39.2	49.179740313504	7	78866	0.00308522564673915
CO	08097	62.7	61.6013961343113	8	85169	0.00308522564673915
CO	08097	69.3	69.399626336988	9	89837	0.00308522564673915
CO	08097	73.3	73.5413665096691	10	93993	0.00308522564673915
CO	08097	75.2	75.5471756681621	11	98619	0.00308522564673915
CO	08097	79.1	76.4751239302165	12	102833	0.00308522564673915
CO	08097	81.4	76.8953191353198	13	112457	0.00308522564673915
CO	08097	82	77.083744500168	14	115234	0.00308522564673915
CO	08097	82.4	77.1678688317079	15	116449	0.00308522564673915
CO	08097	83.1	77.2053533467732	16	118636	0.00308522564673915
CO	08097	83.7	77.2220412712893	17	119550	0.00308522564673915
CO	08099	0	2.57235230370716	0	27	0.00211365827501035
CO	08099	0	4.24509052788056	1	12862	0.00211365827501035
CO	08099	0.2	6.82215242970669	2	16465	0.00211365827501035
CO	08099	1.3	10.5385828659849	3	23843	0.00211365827501035
CO	08099	9.1	15.4175164927537	4	47672	0.00211365827501035
CO	08099	13.2	21.0891412534148	5	62392	0.00211365827501035
CO	08099	15.7	26.8206383586451	6	73725	0.00211365827501035
CO	08099	17.7	31.84878520232	7	78866	0.00211365827501035
CO	08099	33.1	35.741147255474	8	85169	0.00211365827501035
CO	08099	35.8	38.4724923773358	9	89837	0.00211365827501035
CO	08099	38	40.2597409786544	10	93993	0.00211365827501035
CO	08099	39.3	41.3763277700643	11	98619	0.00211365827501035
CO	08099	40.6	42.0538652546663	12	102833	0.00211365827501035
CO	08099	41.6	42.4577376141714	13	112457	0.00211365827501035
CO	08099	42.3	42.6959314974269	14	115234	0.00211365827501035
CO	08099	42.7	42.8355309803209	15	116449	0.00211365827501035
CO	08099	43	42.917045134853	16	118636	0.00211365827501035
CO	08099	43.2	42.9645398117025	17	119550	0.00211365827501035
CO	08101	0	0.0731571758727996	0	27	0.02924669580269
CO	08101	0.1	0.230444203528204	1	12862	0.02924669580269
CO	08101	0.3	0.721497919776301	2	16465	0.02924669580269
CO	08101	0.7	2.21699820537828	3	23843	0.02924669580269
CO	08101	0.8	6.44775014347045	4	47672	0.02924669580269
CO	08101	2.2	16.2863861428836	5	62392	0.02924669580269
CO	08101	6.4	31.5042560560613	6	73725	0.02924669580269
CO	08101	8.5	44.7371745301573	7	78866	0.02924669580269
CO	08101	45.3	51.5980154890984	8	85169	0.02924669580269
CO	08101	47.6	54.2307837034598	9	89837	0.02924669580269
CO	08101	50	55.1211231826647	10	93993	0.02924669580269
CO	08101	51.7	55.4090941771786	11	98619	0.02924669580269
CO	08101	53.8	55.5008827301992	12	102833	0.02924669580269
CO	08101	55.3	55.5300028471035	13	112457	0.02924669580269
CO	08101	56.1	55.5392275206082	14	115234	0.02924669580269
CO	08101	56.5	55.542148334781	15	116449	0.02924669580269
CO	08101	56.9	55.5430730157974	16	118636	0.02924669580269
CO	08101	57.2	55.543365740522	17	119550	0.02924669580269
CO	08103	0	1.24531999663599	0	27	0.00109815765126236
CO	08103	0	2.26263666550031	1	12862	0.00109815765126236
CO	08103	0	4.02794191070763	2	16465	0.00109815765126236
CO	08103	1.1	6.92762775974613	3	23843	0.00109815765126236
CO	08103	4.7	11.2867340123817	4	47672	0.00109815765126236
CO	08103	7.7	17.038589483219	5	62392	0.00109815765126236
CO	08103	10.4	23.4498039442409	6	73725	0.00109815765126236
CO	08103	12	29.3808694885249	7	78866	0.00109815765126236
CO	08103	31.6	33.9935262524219	8	85169	0.00109815765126236
CO	08103	33.3	37.1200085728645	9	89837	0.00109815765126236
CO	08103	34.8	39.0466689414395	10	93993	0.00109815765126236
CO	08103	35.8	40.1650950837021	11	98619	0.00109815765126236
CO	08103	36.9	40.7919385132544	12	102833	0.00109815765126236
CO	08103	37.6	41.1363658508213	13	112457	0.00109815765126236
CO	08103	38.1	41.3235557318335	14	115234	0.00109815765126236
CO	08103	38.4	41.4246850492261	15	116449	0.00109815765126236
CO	08103	38.6	41.4791441659574	16	118636	0.00109815765126236
CO	08103	38.8	41.5084199809874	17	119550	0.00109815765126236
CO	08105	0	2.26657571563974	0	27	0.00195650573320256
CO	08105	0	3.86394054728179	1	12862	0.00195650573320256
CO	08105	0.5	6.45312045980955	2	16465	0.00195650573320256
CO	08105	2.7	10.4334392208076	3	23843	0.00195650573320256
CO	08105	15.3	16.0801741033204	4	47672	0.00195650573320256
CO	08105	20.8	23.2414807657586	5	62392	0.00195650573320256
CO	08105	24.8	31.1359324469432	6	73725	0.00195650573320256
CO	08105	27.4	38.6006070481067	7	78866	0.00195650573320256
CO	08105	51.1	44.7020900094736	8	85169	0.00195650573320256
CO	08105	53.6	49.1226985076714	9	89837	0.00195650573320256
CO	08105	55.8	52.0533307210986	10	93993	0.00195650573320256
CO	08105	57.2	53.8835096359473	11	98619	0.00195650573320256
CO	08105	60	54.984138811179	12	102833	0.00195650573320256
CO	08105	61.6	55.6310745806816	13	112457	0.00195650573320256
CO	08105	62.4	56.0062364543992	14	115234	0.00195650573320256
CO	08105	62.9	56.2220938000745	15	116449	0.00195650573320256
CO	08105	63.3	56.3457312479937	16	118636	0.00195650573320256
CO	08105	63.8	56.4163640897744	17	119550	0.00195650573320256
CO	08107	0	0.676891963223462	0	27	0.00445201863742321
CO	08107	0	1.43328639147412	1	12862	0.00445201863742321
CO	08107	0.1	2.99873019069599	2	16465	0.00445201863742321
CO	08107	6.2	6.12287302978863	3	23843	0.00445201863742321
CO	08107	25.7	11.928534442723	4	47672	0.00445201863742321
CO	08107	33.5	21.4142635967461	5	62392	0.00445201863742321
CO	08107	38.9	34.0718301013911	6	73725	0.00445201863742321
CO	08107	40.8	47.0691808557916	7	78866	0.00445201863742321
CO	08107	64.6	57.2763650350046	8	85169	0.00445201863742321
CO	08107	67	63.7329762499657	9	89837	0.00445201863742321
CO	08107	68.6	67.2758829823256	10	93993	0.00445201863742321
CO	08107	69.9	69.0695985469135	11	98619	0.00445201863742321
CO	08107	72.9	69.94075389002	12	102833	0.00445201863742321
CO	08107	74.6	70.3553036229935	13	112457	0.00445201863742321
CO	08107	75.1	70.5506559152167	14	115234	0.00445201863742321
CO	08107	75.5	70.642290109398	15	116449	0.00445201863742321
CO	08107	75.8	70.6851801051729	16	118636	0.00445201863742321
CO	08107	76.1	70.7052347016097	17	119550	0.00445201863742321
CO	08109	0	1.51403306687686	0	27	0.00118498225999594
CO	08109	0	2.61672763234726	1	12862	0.00118498225999594
CO	08109	0	4.45978555566557	2	16465	0.00118498225999594
CO	08109	0.9	7.42870837326539	3	23843	0.00118498225999594
CO	08109	7.1	11.9382221983618	4	47672	0.00118498225999594
CO	08109	9.6	18.2108994734299	5	62392	0.00118498225999594
CO	08109	11.7	25.9465804134675	6	73725	0.00118498225999594
CO	08109	12.9	34.1865988082275	7	78866	0.00118498225999594
CO	08109	29.2	41.7011113905536	8	85169	0.00118498225999594
CO	08109	30.8	47.6433853069814	9	89837	0.00118498225999594
CO	08109	32.1	51.8344951641219	10	93993	0.00118498225999594
CO	08109	33	54.5577482428691	11	98619	0.00118498225999594
CO	08109	34.1	56.2341352461305	12	102833	0.00118498225999594
CO	08109	34.8	57.2319771339485	13	112457	0.00118498225999594
CO	08109	35.2	57.8140809820968	14	115234	0.00118498225999594
CO	08109	35.8	58.1496749502574	15	116449	0.00118498225999594
CO	08109	35.9	58.341836170226	16	118636	0.00118498225999594
CO	08109	36.1	58.4514382490803	17	119550	0.00118498225999594
CO	08111	0	0.601789747051545	0	27	0.000126416630316097
CO	08111	0	1.4750055837265	1	12862	0.000126416630316097
CO	08111	0	3.5465235176686	2	16465	0.000126416630316097
CO	08111	0	8.15916702124007	3	23843	0.000126416630316097
CO	08111	17.7	17.1248274012779	4	47672	0.000126416630316097
CO	08111	25.3	30.7077648517248	5	62392	0.000126416630316097
CO	08111	34.6	45.110948127175	6	73725	0.000126416630316097
CO	08111	37.9	55.6106594834592	7	78866	0.000126416630316097
CO	08111	83.4	61.3595874975702	8	85169	0.000126416630316097
CO	08111	85.6	64.023866856091	9	89837	0.000126416630316097
CO	08111	87.8	65.1628210032166	10	93993	0.000126416630316097
CO	08111	88.7	65.6328172830794	11	98619	0.000126416630316097
CO	08111	90	65.8239290285157	12	102833	0.000126416630316097
CO	08111	90.1	65.901173697389	13	112457	0.000126416630316097
CO	08111	94	65.9323189673202	14	115234	0.000126416630316097
CO	08111	94.2	65.9448644958991	15	116449	0.000126416630316097
CO	08111	94.8	65.9499159207151	16	118636	0.000126416630316097
CO	08111	95	65.9519495396889	17	119550	0.000126416630316097
CO	08113	0	0.408860854652704	0	27	0.00142027694966395
CO	08113	0	1.10063960432189	1	12862	0.00142027694966395
CO	08113	0	2.91511961377031	2	16465	0.00142027694966395
CO	08113	10.8	7.40766594073037	3	23843	0.00142027694966395
CO	08113	32.9	17.1055687250474	4	47672	0.00142027694966395
CO	08113	42	32.9978472970274	5	62392	0.00142027694966395
CO	08113	48.6	50.1323100198831	6	73725	0.00142027694966395
CO	08113	50.2	61.9701192812076	7	78866	0.00142027694966395
CO	08113	70.9	67.8654247954048	8	85169	0.00142027694966395
CO	08113	73.1	70.3266305281131	9	89837	0.00142027694966395
CO	08113	74.6	71.2775777233904	10	93993	0.00142027694966395
CO	08113	76	71.6339134711305	11	98619	0.00142027694966395
CO	08113	79.9	71.7658997297327	12	102833	0.00142027694966395
CO	08113	81.5	71.8145770621926	13	112457	0.00142027694966395
CO	08113	82.3	71.8325010131825	14	115234	0.00142027694966395
CO	08113	82.9	71.8390970964477	15	116449	0.00142027694966395
CO	08113	83.4	71.8415239568823	16	118636	0.00142027694966395
CO	08113	83.8	71.8424167873315	17	119550	0.00142027694966395
CO	08115	0	2.37741548819278	0	27	0.00039036344086619
CO	08115	3.7	4.08508681694075	1	12862	0.00039036344086619
CO	08115	4	6.83518302676191	2	16465	0.00039036344086619
CO	08115	4.3	10.972988367559	3	23843	0.00039036344086619
CO	08115	12.8	16.6029161175642	4	47672	0.00039036344086619
CO	08115	14.6	23.2988450574764	5	62392	0.00039036344086619
CO	08115	16.9	30.0981557733368	6	73725	0.00039036344086619
CO	08115	17.7	35.979622386409	7	78866	0.00039036344086619
CO	08115	42	40.401900886948	8	85169	0.00039036344086619
CO	08115	44.7	43.3891332326955	9	89837	0.00039036344086619
CO	08115	46.9	45.2637670151923	10	93993	0.00039036344086619
CO	08115	48.2	46.3863652318195	11	98619	0.00039036344086619
CO	08115	49.7	47.0398540473125	12	102833	0.00039036344086619
CO	08115	51.2	47.4140103333485	13	112457	0.00039036344086619
CO	08115	52	47.626203593203	14	115234	0.00039036344086619
CO	08115	52.2	47.7458940335475	15	116449	0.00039036344086619
CO	08115	52.5	47.8132009756952	16	118636	0.00039036344086619
CO	08115	52.7	47.8509854389042	17	119550	0.00039036344086619
CO	08117	0	0.494108477023303	0	27	0.0053850358828743
CO	08117	0	1.26479094592341	1	12862	0.0053850358828743
CO	08117	0	3.18202014524032	2	16465	0.0053850358828743
CO	08117	5.8	7.67792437428755	3	23843	0.0053850358828743
CO	08117	32	16.904212115245	4	47672	0.0053850358828743
CO	08117	41.7	31.549227306501	5	62392	0.0053850358828743
CO	08117	47.8	47.4186986060232	6	73725	0.0053850358828743
CO	08117	50.3	58.8546547818271	7	78866	0.0053850358828743
CO	08117	72.5	64.9009882569974	8	85169	0.0053850358828743
CO	08117	74.6	67.5830386193553	9	89837	0.0053850358828743
CO	08117	76.4	68.6794162048732	10	93993	0.0053850358828743
CO	08117	78	69.112525125991	11	98619	0.0053850358828743
CO	08117	80.8	69.2812987163399	12	102833	0.0053850358828743
CO	08117	82.9	69.3467158576162	13	112457	0.0053850358828743
CO	08117	83.9	69.3720191953151	14	115234	0.0053850358828743
CO	08117	84.4	69.3817986671943	15	116449	0.0053850358828743
CO	08117	84.9	69.3855771565788	16	118636	0.0053850358828743
CO	08117	85.2	69.3870368744609	17	119550	0.0053850358828743
CO	08119	0	0.77538131491099	0	27	0.00440860633305642
CO	08119	0	1.57134298065036	1	12862	0.00440860633305642
CO	08119	0.2	3.13551105354968	2	16465	0.00440860633305642
CO	08119	1.9	6.07349430457303	3	23843	0.00440860633305642
CO	08119	8.8	11.1510565827987	4	47672	0.00440860633305642
CO	08119	15.4	18.7813635389555	5	62392	0.00440860633305642
CO	08119	19.2	28.1379263782579	6	73725	0.00440860633305642
CO	08119	20.8	37.1259732035836	7	78866	0.00440860633305642
CO	08119	46.5	43.9479477879309	8	85169	0.00440860633305642
CO	08119	48	48.2570988525564	9	89837	0.00440860633305642
CO	08119	49.5	50.6715333389092	10	93993	0.00440860633305642
CO	08119	50.5	51.934251280516	11	98619	0.00440860633305642
CO	08119	51.9	52.5708793843251	12	102833	0.00440860633305642
CO	08119	53.1	52.8859227057203	13	112457	0.00440860633305642
CO	08119	53.6	53.0403876688816	14	115234	0.00440860633305642
CO	08119	53.9	53.1157773142834	15	116449	0.00440860633305642
CO	08119	54.2	53.1524909075876	16	118636	0.00440860633305642
CO	08119	54.4	53.1703504831754	17	119550	0.00440860633305642
CO	08121	0	1.34043594205214	0	27	0.000852270359328853
CO	08121	0	2.37658936657838	1	12862	0.000852270359328853
CO	08121	0	4.12824511328348	2	16465	0.000852270359328853
CO	08121	0.8	6.93328392091199	3	23843	0.000852270359328853
CO	08121	6.9	11.0574124007153	4	47672	0.000852270359328853
CO	08121	9.9	16.4181161178861	5	62392	0.000852270359328853
CO	08121	11.6	22.3715895592682	6	73725	0.000852270359328853
CO	08121	12.7	27.9311618139998	7	78866	0.000852270359328853
CO	08121	24.7	32.3431240073562	8	85169	0.000852270359328853
CO	08121	25.7	35.4136962509258	9	89837	0.000852270359328853
CO	08121	27.5	37.3606567302446	10	93993	0.000852270359328853
CO	08121	28.3	38.5232121105612	11	98619	0.000852270359328853
CO	08121	29.5	39.1926480694979	12	102833	0.000852270359328853
CO	08121	30.1	39.5700976502937	13	112457	0.000852270359328853
CO	08121	30.6	39.7803925230074	14	115234	0.000852270359328853
CO	08121	30.8	39.8967795792696	15	116449	0.000852270359328853
CO	08121	30.9	39.9609561891295	16	118636	0.000852270359328853
CO	08121	31.2	39.9962715557449	17	119550	0.000852270359328853
CO	08123	0	0.0383251610024071	0	27	0.0563477818743558
CO	08123	0	0.142219277914372	1	12862	0.0563477818743558
CO	08123	0.2	0.525145899956178	2	16465	0.0563477818743558
CO	08123	0.4	1.90439532540593	3	23843	0.0563477818743558
CO	08123	0.5	6.48782503111224	4	47672	0.0563477818743558
CO	08123	2.1	18.3991319994587	5	62392	0.0563477818743558
CO	08123	7.2	36.3506421460054	6	73725	0.0563477818743558
CO	08123	9.6	49.2850870519354	7	78866	0.0563477818743558
CO	08123	48.5	54.501510792993	8	85169	0.0563477818743558
CO	08123	50.9	56.0986332977226	9	89837	0.0563477818743558
CO	08123	53.2	56.5443382167512	10	93993	0.0563477818743558
CO	08123	54.6	56.6654376211062	11	98619	0.0563477818743558
CO	08123	57.4	56.6981001646611	12	102833	0.0563477818743558
CO	08123	59.2	56.706892337479	13	112457	0.0563477818743558
CO	08123	60.1	56.7092577684881	14	115234	0.0563477818743558
CO	08123	60.8	56.7098940684361	15	116449	0.0563477818743558
CO	08123	61.3	56.7100652262319	16	118636	0.0563477818743558
CO	08123	61.6	56.7101112653464	17	119550	0.0563477818743558
CO	08125	0	2.96843614241677	0	27	0.00173979150980354
CO	08125	0	4.83428336530282	1	12862	0.00173979150980354
CO	08125	0	7.63613878103135	2	16465	0.00173979150980354
CO	08125	0.5	11.5406601970062	3	23843	0.00173979150980354
CO	08125	9.1	16.4509724387493	4	47672	0.00173979150980354
CO	08125	12.3	21.8871096033346	5	62392	0.00173979150980354
CO	08125	14.5	27.1180657480079	6	73725	0.00173979150980354
CO	08125	16.1	31.5148063884787	7	78866	0.00173979150980354
CO	08125	34.6	34.8093192436457	8	85169	0.00173979150980354
CO	08125	36.4	37.0715718759294	9	89837	0.00173979150980354
CO	08125	38.7	38.5334354356289	10	93993	0.00173979150980354
CO	08125	39.8	39.4413417964814	11	98619	0.00173979150980354
CO	08125	41.5	39.9913805170331	12	102833	0.00173979150980354
CO	08125	42.8	40.3196129367231	13	112457	0.00173979150980354
CO	08125	43.4	40.5137197302121	14	115234	0.00173979150980354
CO	08125	43.9	40.627895051176	15	116449	0.00173979150980354
CO	08125	44.1	40.6948423455828	16	118636	0.00173979150980354
CO	08125	44.2	40.7340246133196	17	119550	0.00173979150980354
