1206	7
FL	12001	0	0.365893407253151	0	708	0.0125265990546397
FL	12001	4.8	0.731207167562563	1	1747	0.0125265990546397
FL	12001	13.8	1.45307665993045	2	8560	0.0125265990546397
FL	12001	20.6	2.85600777829904	3	13707	0.0125265990546397
FL	12001	33.2	5.49659215515191	4	78161	0.0125265990546397
FL	12001	44.9	10.1797039570524	5	108886	0.0125265990546397
FL	12001	49.6	17.6711165859421	6	125906	0.0125265990546397
FL	12001	51.4	27.8800671338488	7	138634	0.0125265990546397
FL	12001	55	39.1276640215212	8	149088	0.0125265990546397
FL	12001	58.4	48.9546006146124	9	158059	0.0125265990546397
FL	12001	60	55.945960932639	10	164521	0.0125265990546397
FL	12001	61.1	60.2256093315491	11	169998	0.0125265990546397
FL	12001	63.5	62.6086554324363	12	172572	0.0125265990546397
FL	12001	64.9	63.8660749051821	13	190592	0.0125265990546397
FL	12001	65.6	64.5107435782336	14	191908	0.0125265990546397
FL	12001	66	64.8363881690478	15	192795	0.0125265990546397
FL	12001	66.4	64.9996488281443	16	194299	0.0125265990546397
FL	12001	66.7	65.0811899967805	17	195410	0.0125265990546397
FL	12003	0	2.14986767718138	0	708	0.00136001292873639
FL	12003	0.8	3.30297813181315	1	1747	0.00136001292873639
FL	12003	5.8	4.99064457635973	2	8560	0.00136001292873639
FL	12003	9.8	7.36240981666085	3	13707	0.00136001292873639
FL	12003	14.3	10.5121776635899	4	78161	0.00136001292873639
FL	12003	17.5	14.3949204455985	5	108886	0.00136001292873639
FL	12003	19.5	18.7646845323244	6	125906	0.00136001292873639
FL	12003	20.7	23.2061034823384	7	138634	0.00136001292873639
FL	12003	26.2	27.2765351762478	8	149088	0.00136001292873639
FL	12003	29.9	30.6680630330005	9	158059	0.00136001292873639
FL	12003	31.3	33.2767233810408	10	164521	0.00136001292873639
FL	12003	33.2	35.1624609214232	11	169998	0.00136001292873639
FL	12003	34.2	36.4653015527702	12	172572	0.00136001292873639
FL	12003	35.4	37.3375262248689	13	190592	0.00136001292873639
FL	12003	35.9	37.9092209859979	14	191908	0.00136001292873639
FL	12003	36.2	38.2787488578634	15	192795	0.00136001292873639
FL	12003	36.5	38.5154542547144	16	194299	0.00136001292873639
FL	12003	36.6	38.6662026657287	17	195410	0.00136001292873639
FL	12005	0	1.83849432359439	0	708	0.00813423686117397
FL	12005	0.5	2.96912226282623	1	1747	0.00813423686117397
FL	12005	6	4.72664160030762	2	8560	0.00813423686117397
FL	12005	15	7.36122680778554	3	13707	0.00813423686117397
FL	12005	23.5	11.1031621322535	4	78161	0.00813423686117397
FL	12005	29.4	16.0300220894295	5	108886	0.00813423686117397
FL	12005	32.6	21.9077842907457	6	125906	0.00813423686117397
FL	12005	34.4	28.1482926217728	7	138634	0.00813423686117397
FL	12005	38.5	34.0050127715519	8	149088	0.00813423686117397
FL	12005	42.9	38.8985880343147	9	158059	0.00813423686117397
FL	12005	45.4	42.6057500283824	10	164521	0.00813423686117397
FL	12005	47.6	45.2109519989117	11	169998	0.00813423686117397
FL	12005	49.1	46.9466236327441	12	172572	0.00813423686117397
FL	12005	51.8	48.0622480569816	13	190592	0.00813423686117397
FL	12005	52.6	48.7628850468195	14	191908	0.00813423686117397
FL	12005	53	49.1965090225954	15	192795	0.00813423686117397
FL	12005	53.3	49.4624526333983	16	194299	0.00813423686117397
FL	12005	53.6	49.6246496072338	17	195410	0.00813423686117397
FL	12007	0	3.56934605760326	0	708	0.00131303405009569
FL	12007	0.9	5.41405035098066	1	1747	0.00131303405009569
FL	12007	6.2	8.01655889597074	2	8560	0.00131303405009569
FL	12007	11.1	11.4842291986255	3	13707	0.00131303405009569
FL	12007	15.7	15.7688976249006	4	78161	0.00131303405009569
FL	12007	21.9	20.5956779534403	5	108886	0.00131303405009569
FL	12007	26.7	25.4983710973439	6	125906	0.00131303405009569
FL	12007	28.2	29.9814614572557	7	138634	0.00131303405009569
FL	12007	32.5	33.703743430804	8	149088	0.00131303405009569
FL	12007	36.8	36.5545231974712	9	158059	0.00131303405009569
FL	12007	38.5	38.6056996852602	10	164521	0.00131303405009569
FL	12007	39.7	40.0161684826157	11	169998	0.00131303405009569
FL	12007	40.6	40.9561011327851	12	172572	0.00131303405009569
FL	12007	43.3	41.5694414249953	13	190592	0.00131303405009569
FL	12007	43.9	41.9641966403628	14	191908	0.00131303405009569
FL	12007	44.2	42.2160206036597	15	192795	0.00131303405009569
FL	12007	44.5	42.3757561886214	16	194299	0.00131303405009569
FL	12007	44.8	42.4767143361529	17	195410	0.00131303405009569
FL	12009	0	0.62620580750033	0	708	0.028026323257427
FL	12009	1.6	1.18699545704805	1	1747	0.028026323257427
FL	12009	7	2.23072046585241	2	8560	0.028026323257427
FL	12009	17	4.12641191808713	3	13707	0.028026323257427
FL	12009	30.2	7.42157100411085	4	78161	0.028026323257427
FL	12009	40.7	12.7347043136817	5	108886	0.028026323257427
FL	12009	45.5	20.3441341402547	6	125906	0.028026323257427
FL	12009	48	29.5782019784535	7	138634	0.028026323257427
FL	12009	52.1	38.7729750560315	8	149088	0.028026323257427
FL	12009	55.9	46.2914151272882	9	158059	0.028026323257427
FL	12009	57.8	51.5099392319394	10	164521	0.028026323257427
FL	12009	59.5	54.7336785291261	11	169998	0.028026323257427
FL	12009	61.3	56.5838827202944	12	172572	0.028026323257427
FL	12009	63.2	57.6011956430681	13	190592	0.028026323257427
FL	12009	63.9	58.1473936475591	14	191908	0.028026323257427
FL	12009	64.3	58.4369038334425	15	192795	0.028026323257427
FL	12009	64.8	58.58931263138	16	194299	0.028026323257427
FL	12009	65.2	58.6692576619694	17	195410	0.028026323257427
FL	12011	0	0.772355604759302	0	708	0.0909210313917151
FL	12011	1.7	1.44654984629072	1	1747	0.0909210313917151
FL	12011	7.9	2.68546407383735	2	8560	0.0909210313917151
FL	12011	15.8	4.90629644786327	3	13707	0.0909210313917151
FL	12011	29.8	8.71563581798877	4	78161	0.0909210313917151
FL	12011	41.2	14.780928273359	5	108886	0.0909210313917151
FL	12011	48.3	23.3799926101279	6	125906	0.0909210313917151
FL	12011	51.8	33.7602906414501	7	138634	0.0909210313917151
FL	12011	56.8	44.1108878911537	8	149088	0.0909210313917151
FL	12011	61	52.6405964391494	9	158059	0.0909210313917151
FL	12011	63.6	58.6327481427482	10	164521	0.0909210313917151
FL	12011	65.3	62.3859594347534	11	169998	0.0909210313917151
FL	12011	67.8	64.5704529208742	12	172572	0.0909210313917151
FL	12011	69.4	65.7879399417924	13	190592	0.0909210313917151
FL	12011	70.4	66.4501266785994	14	191908	0.0909210313917151
FL	12011	70.9	66.8055129531655	15	192795	0.0909210313917151
FL	12011	71.5	66.9948783392641	16	194299	0.0909210313917151
FL	12011	71.8	67.0953943309231	17	195410	0.0909210313917151
FL	12013	0	3.84013476942764	0	708	0.000656726544328204
FL	12013	1.4	5.73187115970368	1	1747	0.000656726544328204
FL	12013	9.5	8.32111151268592	2	8560	0.000656726544328204
FL	12013	13.2	11.6433496485748	3	13707	0.000656726544328204
FL	12013	16.5	15.5699113903196	4	78161	0.000656726544328204
FL	12013	21.3	19.7842688444608	5	108886	0.000656726544328204
FL	12013	23	23.8643829645444	6	125906	0.000656726544328204
FL	12013	24.4	27.4386965794235	7	138634	0.000656726544328204
FL	12013	27.2	30.3058124853621	8	149088	0.000656726544328204
FL	12013	30.5	32.4474143708855	9	158059	0.000656726544328204
FL	12013	31.7	33.9634210353186	10	164521	0.000656726544328204
FL	12013	32.5	34.9962279205096	11	169998	0.000656726544328204
FL	12013	33.3	35.6816039908741	12	172572	0.000656726544328204
FL	12013	34.1	36.1285292033441	13	190592	0.000656726544328204
FL	12013	34.4	36.4166451480435	14	191908	0.000656726544328204
FL	12013	34.7	36.6010137654272	15	192795	0.000656726544328204
FL	12013	34.8	36.7184353953491	16	194299	0.000656726544328204
FL	12013	35	36.7929938659229	17	195410	0.000656726544328204
FL	12015	0	0.714795778950163	0	708	0.00879561938951017
FL	12015	1.4	1.49943953761017	1	1747	0.00879561938951017
FL	12015	6.7	3.0982213322804	2	8560	0.00879561938951017
FL	12015	22.2	6.21185845238158	3	13707	0.00879561938951017
FL	12015	40.9	11.7745768217595	4	78161	0.00879561938951017
FL	12015	47.9	20.3350229265304	5	108886	0.00879561938951017
FL	12015	51.2	30.8936156462792	6	125906	0.00879561938951017
FL	12015	52.6	40.8693632374476	7	138634	0.00879561938951017
FL	12015	55.1	48.1834640379962	8	149088	0.00879561938951017
FL	12015	58	52.6094834775519	9	158059	0.00879561938951017
FL	12015	59.7	54.9837865341212	10	164521	0.00879561938951017
FL	12015	61.4	56.1755937041293	11	169998	0.00879561938951017
FL	12015	63.1	56.7538937421442	12	172572	0.00879561938951017
FL	12015	64.2	57.0298843160205	13	190592	0.00879561938951017
FL	12015	64.7	57.1605559253445	14	191908	0.00879561938951017
FL	12015	64.9	57.2221912151774	15	192795	0.00879561938951017
FL	12015	65.5	57.2512116483128	16	194299	0.00879561938951017
FL	12015	65.8	57.264864200649	17	195410	0.00879561938951017
FL	12017	0	1.8331617907991	0	708	0.00696800598685048
FL	12017	1.3	3.33055027498973	1	1747	0.00696800598685048
FL	12017	7.8	5.9043158058857	2	8560	0.00696800598685048
FL	12017	20.8	10.0481895514999	3	13707	0.00696800598685048
FL	12017	32.8	16.065377578989	4	78161	0.00696800598685048
FL	12017	39.5	23.6107646903656	5	108886	0.00696800598685048
FL	12017	43.3	31.508049898605	6	125906	0.00696800598685048
FL	12017	44.8	38.354199824908	7	138634	0.00696800598685048
FL	12017	47.6	43.3849099140507	8	149088	0.00696800598685048
FL	12017	50.7	46.6503116766602	9	158059	0.00696800598685048
FL	12017	52.2	48.6025024835487	10	164521	0.00696800598685048
FL	12017	53.4	49.7127013667217	11	169998	0.00696800598685048
FL	12017	54.5	50.3261834170882	12	172572	0.00696800598685048
FL	12017	55.4	50.6598124094948	13	190592	0.00696800598685048
FL	12017	55.8	50.8396739271096	14	191908	0.00696800598685048
FL	12017	56.1	50.9361826970113	15	192795	0.00696800598685048
FL	12017	56.4	50.9878357875363	16	194299	0.00696800598685048
FL	12017	56.7	51.0154439369379	17	195410	0.00696800598685048
FL	12019	0	0.769534555668841	0	708	0.0102083380572171
FL	12019	1.4	1.28506410334306	1	1747	0.0102083380572171
FL	12019	7.1	2.13158119873323	2	8560	0.0102083380572171
FL	12019	13.3	3.49725334411899	3	13707	0.0102083380572171
FL	12019	22.2	5.63889650637292	4	78161	0.0102083380572171
FL	12019	27.5	8.85252413912447	5	108886	0.0102083380572171
FL	12019	31.2	13.3691425398865	6	125906	0.0102083380572171
FL	12019	33.1	19.1658767446918	7	138634	0.0102083380572171
FL	12019	38.1	25.796390754641	8	149088	0.0102083380572171
FL	12019	42.1	32.451625491382	9	158059	0.0102083380572171
FL	12019	44.2	38.3107623419856	10	164521	0.0102083380572171
FL	12019	46.5	42.9026318498396	11	169998	0.0102083380572171
FL	12019	48.1	46.1841118082692	12	172572	0.0102083380572171
FL	12019	52.6	48.3776172292709	13	190592	0.0102083380572171
FL	12019	53.4	49.7791458571685	14	191908	0.0102083380572171
FL	12019	53.8	50.648980344003	15	192795	0.0102083380572171
FL	12019	54.2	51.1791201489232	16	194299	0.0102083380572171
FL	12019	54.5	51.4986592775693	17	195410	0.0102083380572171
FL	12021	0	0.742721514642296	0	708	0.0179209755664668
FL	12021	1.4	1.45757371468152	1	1747	0.0179209755664668
FL	12021	8.4	2.8276033732941	2	8560	0.0179209755664668
FL	12021	22.4	5.36724109841651	3	13707	0.0179209755664668
FL	12021	37.2	9.79676767755673	4	78161	0.0179209755664668
FL	12021	47.8	16.7597410935579	5	108886	0.0179209755664668
FL	12021	52.6	26.0971451737833	6	125906	0.0179209755664668
FL	12021	54.8	36.2695045686668	7	138634	0.0179209755664668
FL	12021	58.5	45.1238399620643	8	149088	0.0179209755664668
FL	12021	62.2	51.4463601240765	9	158059	0.0179209755664668
FL	12021	64.3	55.3505152448726	10	164521	0.0179209755664668
FL	12021	65.7	57.5490418886036	11	169998	0.0179209755664668
FL	12021	67.2	58.7232397825988	12	172572	0.0179209755664668
FL	12021	68.4	59.3326619635687	13	190592	0.0179209755664668
FL	12021	69	59.6442624637508	14	191908	0.0179209755664668
FL	12021	69.4	59.8023668467277	15	192795	0.0179209755664668
FL	12021	70.1	59.8822756740576	16	194299	0.0179209755664668
FL	12021	70.6	59.9225833851648	17	195410	0.0179209755664668
FL	12023	0	3.33305457703622	0	708	0.00333768869597388
FL	12023	1.2	5.14848585659447	1	1747	0.00333768869597388
FL	12023	7.8	7.75757665870307	2	8560	0.00333768869597388
FL	12023	13.6	11.2906700189142	3	13707	0.00333768869597388
FL	12023	19.8	15.7082238192841	4	78161	0.00333768869597388
FL	12023	24.2	20.7121826615395	5	108886	0.00333768869597388
FL	12023	27	25.7839864167785	6	125906	0.00333768869597388
FL	12023	28.9	30.377117793098	7	138634	0.00333768869597388
FL	12023	32.4	34.1315138397848	8	149088	0.00333768869597388
FL	12023	36.6	36.9515305333261	9	158059	0.00333768869597388
FL	12023	38.1	38.9380655705085	10	164521	0.00333768869597388
FL	12023	39.3	40.2750476607914	11	169998	0.00333768869597388
FL	12023	40.2	41.1474562621196	12	172572	0.00333768869597388
FL	12023	41	41.7052847576395	13	190592	0.00333768869597388
FL	12023	41.5	42.0573517865967	14	191908	0.00333768869597388
FL	12023	41.8	42.2777315284628	15	192795	0.00333768869597388
FL	12023	42	42.4149696092593	16	194299	0.00333768869597388
FL	12023	42.2	42.5001577678361	17	195410	0.00333768869597388
FL	12027	0	2.82394077590657	0	708	0.00176932048287955
FL	12027	0.6	4.59629692941434	1	1747	0.00176932048287955
FL	12027	5.1	7.29215060967825	2	8560	0.00176932048287955
FL	12027	10	11.1413624961712	3	13707	0.00176932048287955
FL	12027	19.5	16.1686751932023	4	78161	0.00176932048287955
FL	12027	28.3	22.0219449720665	5	108886	0.00176932048287955
FL	12027	31.3	27.9906892271583	6	125906	0.00176932048287955
FL	12027	32.7	33.3084237584763	7	138634	0.00176932048287955
FL	12027	34.9	37.5055700320183	8	149088	0.00176932048287955
FL	12027	38.7	40.5125824793621	9	158059	0.00176932048287955
FL	12027	41	42.5206806334875	10	164521	0.00176932048287955
FL	12027	42.2	43.7995006999464	11	169998	0.00176932048287955
FL	12027	43.5	44.5894266785023	12	172572	0.00176932048287955
FL	12027	44.6	45.0682030993888	13	190592	0.00176932048287955
FL	12027	45.5	45.3550643762021	14	191908	0.00176932048287955
FL	12027	46	45.5257528103131	15	192795	0.00176932048287955
FL	12027	46.5	45.6268978344965	16	194299	0.00176932048287955
FL	12027	46.8	45.6866869772078	17	195410	0.00176932048287955
FL	12029	0	3.89965678245321	0	708	0.000783415869185846
FL	12029	0.3	5.82832276978169	1	1747	0.000783415869185846
FL	12029	6.7	8.46131359278508	2	8560	0.000783415869185846
FL	12029	11.5	11.8214555148693	3	13707	0.000783415869185846
FL	12029	17.3	15.7590475025462	4	78161	0.000783415869185846
FL	12029	20.4	19.9374502111718	5	108886	0.000783415869185846
FL	12029	22.2	23.9294881174306	6	125906	0.000783415869185846
FL	12029	23.2	27.3786900789421	7	138634	0.000783415869185846
FL	12029	26.3	30.1093492943549	8	149088	0.000783415869185846
FL	12029	29.9	32.1253150553633	9	158059	0.000783415869185846
FL	12029	31.2	33.5381852356688	10	164521	0.000783415869185846
FL	12029	32.2	34.4926555219236	11	169998	0.000783415869185846
FL	12029	33.2	35.1215495054334	12	172572	0.000783415869185846
FL	12029	33.7	35.5291327608632	13	190592	0.000783415869185846
FL	12029	34	35.7904637483921	14	191908	0.000783415869185846
FL	12029	34.2	35.9568697932217	15	192795	0.000783415869185846
FL	12029	34.4	36.0623660153672	16	194299	0.000783415869185846
FL	12029	34.6	36.1290609147491	17	195410	0.000783415869185846
FL	12031	0.1	1.06036635486799	0	708	0.0445929196358071
FL	12031	2.2	1.85655959201698	1	1747	0.0445929196358071
FL	12031	9.3	3.21775503736094	2	8560	0.0445929196358071
FL	12031	16.7	5.48228583693991	3	13707	0.0445929196358071
FL	12031	29.1	9.08397386502846	4	78161	0.0445929196358071
FL	12031	35.4	14.4218863488998	5	108886	0.0445929196358071
FL	12031	39.7	21.559160578531	6	125906	0.0445929196358071
FL	12031	42.2	29.8940551146516	7	138634	0.0445929196358071
FL	12031	47.6	38.2182936809701	8	149088	0.0445929196358071
FL	12031	52.1	45.329544671853	9	158059	0.0445929196358071
FL	12031	54.4	50.6378368930319	10	164521	0.0445929196358071
FL	12031	56.3	54.2146397663031	11	169998	0.0445929196358071
FL	12031	58.1	56.4615063432157	12	172572	0.0445929196358071
FL	12031	59.4	57.8113350802937	13	190592	0.0445929196358071
FL	12031	60.3	58.6006192230497	14	191908	0.0445929196358071
FL	12031	60.7	59.0548545908832	15	192795	0.0445929196358071
FL	12031	61.1	59.3138786044468	16	194299	0.0445929196358071
FL	12031	61.4	59.4608119009091	17	195410	0.0445929196358071
FL	12033	0	0.587269595076646	0	708	0.0148207420549008
FL	12033	1.7	1.04188847024965	1	1747	0.0148207420549008
FL	12033	7.3	1.83662939576104	2	8560	0.0148207420549008
FL	12033	16.2	3.20183133458298	3	13707	0.0148207420549008
FL	12033	25.8	5.4778839097247	4	78161	0.0148207420549008
FL	12033	32.2	9.08972567927208	5	108886	0.0148207420549008
FL	12033	35.8	14.3952672962197	6	125906	0.0148207420549008
FL	12033	37.8	21.3664250960901	7	138634	0.0148207420549008
FL	12033	41.5	29.2969439143707	8	149088	0.0148207420549008
FL	12033	45.9	36.9665432558092	9	158059	0.0148207420549008
FL	12033	48.4	43.3032729195157	10	164521	0.0148207420549008
FL	12033	50.4	47.892247552798	11	169998	0.0148207420549008
FL	12033	52	50.9078478134784	12	172572	0.0148207420549008
FL	12033	54.2	52.7650048851097	13	190592	0.0148207420549008
FL	12033	55.1	53.8633823675774	14	191908	0.0148207420549008
FL	12033	55.6	54.497509586359	15	192795	0.0148207420549008
FL	12033	56	54.8585210297553	16	194299	0.0148207420549008
FL	12033	56.3	55.0624099508217	17	195410	0.0148207420549008
FL	12035	0	0.673511115380086	0	708	0.00535815295624488
FL	12035	1.5	1.31261137936983	1	1747	0.00535815295624488
FL	12035	6.5	2.53114195012945	2	8560	0.00535815295624488
FL	12035	22.2	4.78452272081169	3	13707	0.00535815295624488
FL	12035	34.1	8.72550285078609	4	78161	0.00535815295624488
FL	12035	42.9	14.9894236154343	5	108886	0.00535815295624488
FL	12035	46.9	23.5760489515295	6	125906	0.00535815295624488
FL	12035	49	33.2349685373499	7	138634	0.00535815295624488
FL	12035	53	41.9554790083521	8	149088	0.00535815295624488
FL	12035	56.2	48.3982379883742	9	158059	0.00535815295624488
FL	12035	57.8	52.4873963447556	10	164521	0.00535815295624488
FL	12035	59.3	54.8380128753459	11	169998	0.00535815295624488
FL	12035	60.6	56.1129403516887	12	172572	0.00535815295624488
FL	12035	62.1	56.782694585593	13	190592	0.00535815295624488
FL	12035	62.8	57.1286355493084	14	191908	0.00535815295624488
FL	12035	63.2	57.3057605938348	15	192795	0.00535815295624488
FL	12035	63.6	57.3960431345472	16	194299	0.00535815295624488
FL	12035	63.9	57.4419555779857	17	195410	0.00535815295624488
FL	12037	0	3.32514387858824	0	708	0.000564538060969831
FL	12037	0.8	5.28397842074575	1	1747	0.000564538060969831
FL	12037	12	8.17539901973651	2	8560	0.000564538060969831
FL	12037	20	12.175240559174	3	13707	0.000564538060969831
FL	12037	26.7	17.2387991176706	4	78161	0.000564538060969831
FL	12037	32.2	22.975430491729	5	108886	0.000564538060969831
FL	12037	33.9	28.7116058334315	6	125906	0.000564538060969831
FL	12037	35.2	33.7740041536454	7	138634	0.000564538060969831
FL	12037	38	37.7724270069765	8	149088	0.000564538060969831
FL	12037	42.4	40.662546088284	9	158059	0.000564538060969831
FL	12037	44.6	42.6203673261201	10	164521	0.000564538060969831
FL	12037	45.7	43.8890398880914	11	169998	0.000564538060969831
FL	12037	46.6	44.6876501332736	12	172572	0.000564538060969831
FL	12037	47.3	45.1812235775339	13	190592	0.000564538060969831
FL	12037	47.7	45.4828203253516	14	191908	0.000564538060969831
FL	12037	47.9	45.6658304116118	15	192795	0.000564538060969831
FL	12037	48.3	45.7764123993248	16	194299	0.000564538060969831
FL	12037	48.5	45.843059556209	17	195410	0.000564538060969831
FL	12039	0	0.975644551373589	0	708	0.00212592229805216
FL	12039	1.8	1.67830714270407	1	1747	0.00212592229805216
FL	12039	11.2	2.86285308984605	2	8560	0.00212592229805216
FL	12039	17.9	4.81546805719362	3	13707	0.00212592229805216
FL	12039	28.8	7.91816947136932	4	78161	0.00212592229805216
FL	12039	35.4	12.5718796240231	5	108886	0.00212592229805216
FL	12039	39.6	18.9808404244746	6	125906	0.00212592229805216
FL	12039	41.7	26.8423404713257	7	138634	0.00212592229805216
FL	12039	46.4	35.2239057824333	8	149088	0.00212592229805216
FL	12039	50.8	42.9241412861281	9	158059	0.00212592229805216
FL	12039	53	49.0894090040153	10	164521	0.00212592229805216
FL	12039	53.9	53.5044846494242	11	169998	0.00212592229805216
FL	12039	55.3	56.4197574414073	12	172572	0.00212592229805216
FL	12039	56.6	58.2429390689703	13	190592	0.00212592229805216
FL	12039	57.5	59.3446765581512	14	191908	0.00212592229805216
FL	12039	57.8	59.9966948972721	15	192795	0.00212592229805216
FL	12039	58.1	60.377807245131	16	194299	0.00212592229805216
FL	12039	58.3	60.5989580322497	17	195410	0.00212592229805216
FL	12041	0	2.91115079644337	0	708	0.000865174948366301
FL	12041	1.5	4.31954288540662	1	1747	0.000865174948366301
FL	12041	7.7	6.28810989674129	2	8560	0.000865174948366301
FL	12041	11.4	8.91811581787994	3	13707	0.000865174948366301
FL	12041	17.3	12.2274821649145	4	78161	0.000865174948366301
FL	12041	21.1	16.0915041044725	5	108886	0.000865174948366301
FL	12041	23.1	20.2279293360726	6	125906	0.000865174948366301
FL	12041	24.3	24.2640376730946	7	138634	0.000865174948366301
FL	12041	27.7	27.8614127981004	8	149088	0.000865174948366301
FL	12041	31.8	30.8180573737341	9	158059	0.000865174948366301
FL	12041	33.1	33.0903741130229	10	164521	0.000865174948366301
FL	12041	34.3	34.748313081692	11	169998	0.000865174948366301
FL	12041	35.2	35.9126689865351	12	172572	0.000865174948366301
FL	12041	35.9	36.7086292685076	13	190592	0.000865174948366301
FL	12041	36.3	37.2427714947943	14	191908	0.000865174948366301
FL	12041	36.5	37.5967774526514	15	192795	0.000865174948366301
FL	12041	36.6	37.8294632972101	16	194299	0.000865174948366301
FL	12041	36.8	37.9815753126862	17	195410	0.000865174948366301
FL	12043	0	2.96518262863914	0	708	0.000643037951344688
FL	12043	0	4.67256574005895	1	1747	0.000643037951344688
FL	12043	4.3	7.16314789656417	2	8560	0.000643037951344688
FL	12043	9.5	10.5628860236946	3	13707	0.000643037951344688
FL	12043	14.9	14.8061645492945	4	78161	0.000643037951344688
FL	12043	20.6	19.5478878092525	5	108886	0.000643037951344688
FL	12043	22.4	24.234314019645	6	125906	0.000643037951344688
FL	12043	23.5	28.336392059443	7	138634	0.000643037951344688
FL	12043	26.2	31.5623602435015	8	149088	0.000643037951344688
FL	12043	29	33.8922383431759	9	158059	0.000643037951344688
FL	12043	30.5	35.4734292990263	10	164521	0.000643037951344688
FL	12043	31.5	36.5017173462924	11	169998	0.000643037951344688
FL	12043	32.2	37.152013810245	12	172572	0.000643037951344688
FL	12043	33	37.5560266367951	13	190592	0.000643037951344688
FL	12043	33.4	37.8042662161635	14	191908	0.000643037951344688
FL	12043	33.7	37.9557570886878	15	192795	0.000643037951344688
FL	12043	34	38.0478217314699	16	194299	0.000643037951344688
FL	12043	34.1	38.1036300562067	17	195410	0.000643037951344688
FL	12045	0	2.07087403406988	0	708	0.00063502965885093
FL	12045	0.6	3.33433868771709	1	1747	0.00063502965885093
FL	12045	10.9	5.28042763264035	2	8560	0.00063502965885093
FL	12045	18.6	8.15589840778259	3	13707	0.00063502965885093
FL	12045	25.6	12.1538552153492	4	78161	0.00063502965885093
FL	12045	31.1	17.2666531973304	5	108886	0.00063502965885093
FL	12045	33.4	23.1491881424733	6	125906	0.00063502965885093
FL	12045	35.1	29.1477225262556	7	138634	0.00063502965885093
FL	12045	40	34.5568573238034	8	149088	0.00063502965885093
FL	12045	44.4	38.9197824309079	9	158059	0.00063502965885093
FL	12045	46.5	42.1330796563355	10	164521	0.00063502965885093
FL	12045	48.1	44.3446775786475	11	169998	0.00063502965885093
FL	12045	49.5	45.7967967105518	12	172572	0.00063502965885093
FL	12045	50.5	46.72097729597	13	190592	0.00063502965885093
FL	12045	51.1	47.297537208117	14	191908	0.00063502965885093
FL	12045	51.4	47.6527632443989	15	192795	0.00063502965885093
FL	12045	52	47.8699399904724	16	194299	0.00063502965885093
FL	12045	52.4	48.002090719266	17	195410	0.00063502965885093
FL	12047	0	2.61569309873942	0	708	0.000671765372674039
FL	12047	0.3	4.25325101188796	1	1747	0.000671765372674039
FL	12047	8.1	6.73382041660185	2	8560	0.000671765372674039
FL	12047	12.1	10.2520115148231	3	13707	0.000671765372674039
FL	12047	17.5	14.8027256759764	4	78161	0.000671765372674039
FL	12047	23.1	20.0358037251451	5	108886	0.000671765372674039
FL	12047	24.8	25.2982239513308	6	125906	0.000671765372674039
FL	12047	25.7	29.9226618636085	7	138634	0.000671765372674039
FL	12047	28.3	33.5290283588524	8	149088	0.000671765372674039
FL	12047	31.6	36.0882977544771	9	158059	0.000671765372674039
FL	12047	32.8	37.7853632687432	10	164521	0.000671765372674039
FL	12047	33.5	38.8606447952845	11	169998	0.000671765372674039
FL	12047	34.1	39.5224379649304	12	172572	0.000671765372674039
FL	12047	33.9	39.9224838460609	13	190592	0.000671765372674039
FL	12047	34.5	40.1616820651732	14	191908	0.000671765372674039
FL	12047	34.7	40.3037728988586	15	192795	0.000671765372674039
FL	12047	34.9	40.3878513861498	16	194299	0.000671765372674039
FL	12047	35.1	40.4374881350352	17	195410	0.000671765372674039
FL	12049	0	3.16429133754514	0	708	0.00125418241223458
FL	12049	0.5	4.89155258002924	1	1747	0.00125418241223458
FL	12049	4.8	7.38640658569017	2	8560	0.00125418241223458
FL	12049	8.6	10.7924343860388	3	13707	0.00125418241223458
FL	12049	15.5	15.1012545416011	4	78161	0.00125418241223458
FL	12049	21.4	20.0558830940623	5	108886	0.00125418241223458
FL	12049	24.3	25.1646978321365	6	125906	0.00125418241223458
FL	12049	26.1	29.8732990688632	7	138634	0.00125418241223458
FL	12049	31.5	33.7848862527982	8	149088	0.00125418241223458
FL	12049	35.5	36.763521270982	9	158059	0.00125418241223458
FL	12049	37.8	38.8848378345345	10	164521	0.00125418241223458
FL	12049	38.8	40.3245933068108	11	169998	0.00125418241223458
FL	12049	40.1	41.2701216589534	12	172572	0.00125418241223458
FL	12049	41.2	41.8777219453762	13	190592	0.00125418241223458
FL	12049	42.2	42.2627302807031	14	191908	0.00125418241223458
FL	12049	42.6	42.5045282473046	15	192795	0.00125418241223458
FL	12049	42.9	42.6555365633189	16	194299	0.00125418241223458
FL	12049	43.1	42.7495147833046	17	195410	0.00125418241223458
FL	12051	0	2.56331692323659	0	708	0.00195653759984117
FL	12051	0.5	4.14021661839862	1	1747	0.00195653759984117
FL	12051	4.5	6.54879070130669	2	8560	0.00195653759984117
FL	12051	8.2	10.0411329251142	3	13707	0.00195653759984117
FL	12051	19	14.7409076820331	4	78161	0.00195653759984117
FL	12051	26.7	20.4685985430915	5	108886	0.00195653759984117
FL	12051	30.4	26.6622966563742	6	125906	0.00195653759984117
FL	12051	32.5	32.5510615485615	7	138634	0.00195653759984117
FL	12051	36.2	37.5031913407877	8	149088	0.00195653759984117
FL	12051	40.4	41.2555693421683	9	158059	0.00195653759984117
FL	12051	42.5	43.8804307102573	10	164521	0.00195653759984117
FL	12051	44.3	45.6155686800054	11	169998	0.00195653759984117
FL	12051	45.9	46.7200635169627	12	172572	0.00195653759984117
FL	12051	47.3	47.4063160138382	13	190592	0.00195653759984117
FL	12051	48.5	47.826311414254	14	191908	0.00195653759984117
FL	12051	49.3	48.0809820015888	15	192795	0.00195653759984117
FL	12051	49.9	48.2345381324273	16	194299	0.00195653759984117
FL	12051	50.1	48.3268120826137	17	195410	0.00195653759984117
FL	12053	0.1	1.57058100601769	0	708	0.0090288841883109
FL	12053	1	2.74110271449506	1	1747	0.0090288841883109
FL	12053	6.4	4.70276397445126	2	8560	0.0090288841883109
FL	12053	16	7.84505493538292	3	13707	0.0090288841883109
FL	12053	27.5	12.5315765808095	4	78161	0.0090288841883109
FL	12053	34.5	18.8261837627447	5	108886	0.0090288841883109
FL	12053	38.4	26.1887541669325	6	125906	0.0090288841883109
FL	12053	40.3	33.5274609058546	7	138634	0.0090288841883109
FL	12053	43.7	39.7640478857021	8	149088	0.0090288841883109
FL	12053	47.5	44.3850329737554	9	158059	0.0090288841883109
FL	12053	49.5	47.4727696030368	10	164521	0.0090288841883109
FL	12053	51.1	49.3960731351172	11	169998	0.0090288841883109
FL	12053	52.5	50.5421363032065	12	172572	0.0090288841883109
FL	12053	53.7	51.2071001195743	13	190592	0.0090288841883109
FL	12053	54.3	51.5869711284702	14	191908	0.0090288841883109
FL	12053	54.6	51.8020534149071	15	192795	0.0090288841883109
FL	12053	55	51.9232186200889	16	194299	0.0090288841883109
FL	12053	55.2	51.9912819470792	17	195410	0.0090288841883109
FL	12055	0	2.2754727111369	0	708	0.0049456327731362
FL	12055	0.9	3.71028431706359	1	1747	0.0049456327731362
FL	12055	4.7	5.93393744147393	2	8560	0.0049456327731362
FL	12055	13.9	9.21666077239268	3	13707	0.0049456327731362
FL	12055	26.9	13.7310019027368	4	78161	0.0049456327731362
FL	12055	33.4	19.3690709253696	5	108886	0.0049456327731362
FL	12055	36.4	25.6212099091572	6	125906	0.0049456327731362
FL	12055	38.1	31.7028197316856	7	138634	0.0049456327731362
FL	12055	40.9	36.9094581265279	8	149088	0.0049456327731362
FL	12055	44.5	40.9015458476424	9	158059	0.0049456327731362
FL	12055	46.7	43.711221427834	10	164521	0.0049456327731362
FL	12055	48.3	45.5716456920571	11	169998	0.0049456327731362
FL	12055	49.9	46.7542542439451	12	172572	0.0049456327731362
FL	12055	51.1	47.4866034898755	13	190592	0.0049456327731362
FL	12055	51.7	47.9328047317945	14	191908	0.0049456327731362
FL	12055	52.1	48.2019739038674	15	192795	0.0049456327731362
FL	12055	52.5	48.3633762772105	16	194299	0.0049456327731362
FL	12055	52.8	48.4598097097894	17	195410	0.0049456327731362
FL	12057	0	0.99808674946492	0	708	0.068534594682857
FL	12057	1.6	1.78200634034109	1	1747	0.068534594682857
FL	12057	6.3	3.14901949273995	2	8560	0.068534594682857
FL	12057	13.3	5.46697089125262	3	13707	0.068534594682857
FL	12057	27.4	9.2166803520006	4	78161	0.068534594682857
FL	12057	35.9	14.8438817539673	5	108886	0.068534594682857
FL	12057	41.2	22.40423713033	6	125906	0.068534594682857
FL	12057	43.8	31.1822521355398	7	138634	0.068534594682857
FL	12057	47.9	39.8012553936217	8	149088	0.068534594682857
FL	12057	51.8	46.9782089782678	9	158059	0.068534594682857
FL	12057	54.6	52.1785189450485	10	164521	0.068534594682857
FL	12057	56.5	55.5789771494248	11	169998	0.068534594682857
FL	12057	58.8	57.6557174473835	12	172572	0.068534594682857
FL	12057	60.9	58.8715427381015	13	190592	0.068534594682857
FL	12057	61.9	59.5657991203746	14	191908	0.068534594682857
FL	12057	62.4	59.9565909830178	15	192795	0.068534594682857
FL	12057	62.9	60.1747922434547	16	194299	0.068534594682857
FL	12057	63.2	60.2960762375625	17	195410	0.068534594682857
FL	12059	0	4.24316873365767	0	708	0.000913364382849087
FL	12059	2.4	6.23746081541596	1	1747	0.000913364382849087
FL	12059	6.4	8.87135101183862	2	8560	0.000913364382849087
FL	12059	10.7	12.0986194629143	3	13707	0.000913364382849087
FL	12059	14.9	15.708463906136	4	78161	0.000913364382849087
FL	12059	19	19.3568086263298	5	108886	0.000913364382849087
FL	12059	20.4	22.685018690115	6	125906	0.000913364382849087
FL	12059	21.2	25.4491573127044	7	138634	0.000913364382849087
FL	12059	23.1	27.5713676577545	8	149088	0.000913364382849087
FL	12059	25.3	29.1045184764425	9	158059	0.000913364382849087
FL	12059	26.4	30.1640797836126	10	164521	0.000913364382849087
FL	12059	27.3	30.8740978310127	11	169998	0.000913364382849087
FL	12059	28	31.34010129255	12	172572	0.000913364382849087
FL	12059	28.7	31.6417944158367	13	190592	0.000913364382849087
FL	12059	29.2	31.8353851485426	14	191908	0.000913364382849087
FL	12059	29.4	31.9589015821022	15	192795	0.000913364382849087
FL	12059	29.5	32.0374218249676	16	194299	0.000913364382849087
FL	12059	29.6	32.0872220550815	17	195410	0.000913364382849087
FL	12061	0	0.719699415965474	0	708	0.00744598930511161
FL	12061	1.1	1.37264580941133	1	1747	0.00744598930511161
FL	12061	11.1	2.59167075342859	2	8560	0.00744598930511161
FL	12061	25.1	4.80318560488177	3	13707	0.00744598930511161
FL	12061	37.7	8.6140549240049	4	78161	0.00744598930511161
FL	12061	45.3	14.6333311938637	5	108886	0.00744598930511161
FL	12061	49.6	22.9462863164256	6	125906	0.00744598930511161
FL	12061	51.6	32.5258983783251	7	138634	0.00744598930511161
FL	12061	55.1	41.5105274755101	8	149088	0.00744598930511161
FL	12061	58.9	48.4489661482408	9	158059	0.00744598930511161
FL	12061	61.2	53.0458241753668	10	164521	0.00744598930511161
FL	12061	62.8	55.7901820394179	11	169998	0.00744598930511161
FL	12061	64.4	57.3278464265654	12	172572	0.00744598930511161
FL	12061	65.6	58.1588948119733	13	190592	0.00744598930511161
FL	12061	66.3	58.5993072257448	14	191908	0.00744598930511161
FL	12061	66.7	58.8302746173857	15	192795	0.00744598930511161
FL	12061	67.3	58.9507376575339	16	194299	0.00744598930511161
FL	12061	67.7	59.0133860404131	17	195410	0.00744598930511161
FL	12063	0	3.21142144896536	0	708	0.00216102841747247
FL	12063	1.8	4.97324638500881	1	1747	0.00216102841747247
FL	12063	10.5	7.52141737936049	2	8560	0.00216102841747247
FL	12063	15.9	11.0028408538613	3	13707	0.00216102841747247
FL	12063	20.9	15.4066545631321	4	78161	0.00216102841747247
FL	12063	27.7	20.4648577024296	5	108886	0.00216102841747247
FL	12063	29.4	25.6691674138775	6	125906	0.00216102841747247
FL	12063	30.6	30.4513269001344	7	138634	0.00216102841747247
FL	12063	33.2	34.4101105825365	8	149088	0.00216102841747247
FL	12063	36.1	37.4137682330259	9	158059	0.00216102841747247
FL	12063	37.7	39.5454600863723	10	164521	0.00216102841747247
FL	12063	40.1	40.9876051491016	11	169998	0.00216102841747247
FL	12063	41.3	41.931928171421	12	172572	0.00216102841747247
FL	12063	42.2	42.5371291754437	13	190592	0.00216102841747247
FL	12063	42.8	42.9196671745765	14	191908	0.00216102841747247
FL	12063	43.2	43.1593543373941	15	192795	0.00216102841747247
FL	12063	43.4	43.3087118683504	16	194299	0.00216102841747247
FL	12063	43.6	43.4014631644716	17	195410	0.00216102841747247
FL	12065	0	1.29928888792935	0	708	0.000663291481779482
FL	12065	1.6	2.32296636690657	1	1747	0.000663291481779482
FL	12065	18.8	4.09404481340262	2	8560	0.000663291481779482
FL	12065	26.8	7.04197431868597	3	13707	0.000663291481779482
FL	12065	35.1	11.6465493481993	4	78161	0.000663291481779482
FL	12065	42	18.1700104055084	5	108886	0.000663291481779482
FL	12065	44.8	26.2399849714495	6	125906	0.000663291481779482
FL	12065	46	34.7026567064588	7	138634	0.000663291481779482
FL	12065	49.4	42.1701917613975	8	149088	0.000663291481779482
FL	12065	53	47.8202683652206	9	158059	0.000663291481779482
FL	12065	54.7	51.6175605652982	10	164521	0.000663291481779482
FL	12065	56.7	53.9707010094052	11	169998	0.000663291481779482
FL	12065	57.8	55.3563250314432	12	172572	0.000663291481779482
FL	12065	58.6	56.1478197531836	13	190592	0.000663291481779482
FL	12065	59.2	56.5921075876371	14	191908	0.000663291481779482
FL	12065	59.5	56.8390559563017	15	192795	0.000663291481779482
FL	12065	59.8	56.9755666670314	16	194299	0.000663291481779482
FL	12065	59.9	57.0507998420141	17	195410	0.000663291481779482
FL	12067	0	4.46103448437792	0	708	0.000392126973153643
FL	12067	0.7	6.50320916490728	1	1747	0.000392126973153643
FL	12067	9.7	9.22361044349629	2	8560	0.000392126973153643
FL	12067	14.1	12.6266618391614	3	13707	0.000392126973153643
FL	12067	17	16.5640567610905	4	78161	0.000392126973153643
FL	12067	23.2	20.7285728041478	5	108886	0.000392126973153643
FL	12067	24.7	24.735299433646	6	125906	0.000392126973153643
FL	12067	25.5	28.253931998094	7	138634	0.000392126973153643
FL	12067	28.4	31.1046681900666	8	149088	0.000392126973153643
FL	12067	34.5	33.2672350932636	9	158059	0.000392126973153643
FL	12067	36.1	34.8272843162451	10	164521	0.000392126973153643
FL	12067	37.3	35.9123090415097	11	169998	0.000392126973153643
FL	12067	37.9	36.6479128697465	12	172572	0.000392126973153643
FL	12067	38.5	37.1380235302182	13	190592	0.000392126973153643
FL	12067	38.9	37.4607960972851	14	191908	0.000392126973153643
FL	12067	39.3	37.6717406073945	15	192795	0.000392126973153643
FL	12067	39.5	37.8089109120801	16	194299	0.000392126973153643
FL	12067	39.6	37.8978173736311	17	195410	0.000392126973153643
FL	12069	0	1.53490105227429	0	708	0.0170929553704843
FL	12069	2.5	2.74712326481608	1	1747	0.0170929553704843
FL	12069	11.5	4.83522799200204	2	8560	0.0170929553704843
FL	12069	21.1	8.27426733216786	3	13707	0.0170929553704843
FL	12069	36.1	13.5402680660098	4	78161	0.0170929553704843
FL	12069	43.7	20.7674249539281	5	108886	0.0170929553704843
FL	12069	48.2	29.3266972201401	6	125906	0.0170929553704843
FL	12069	50.5	37.858760006796	7	138634	0.0170929553704843
FL	12069	54.4	45.0208160677671	8	149088	0.0170929553704843
FL	12069	58.1	50.2152793353	9	158059	0.0170929553704843
FL	12069	60.2	53.5966969299702	10	164521	0.0170929553704843
FL	12069	61.5	55.6456284456482	11	169998	0.0170929553704843
FL	12069	63.1	56.8336614858869	12	172572	0.0170929553704843
FL	12069	64.5	57.5049921452199	13	190592	0.0170929553704843
FL	12069	65.2	57.8788306747741	14	191908	0.0170929553704843
FL	12069	65.5	58.0853108189531	15	192795	0.0170929553704843
FL	12069	66	58.1988396950229	16	194299	0.0170929553704843
FL	12069	66.3	58.2611058732518	17	195410	0.0170929553704843
FL	12071	0	1.41776056908714	0	708	0.0358779418893154
FL	12071	1.8	2.58553851635338	1	1747	0.0358779418893154
FL	12071	6.8	4.63418826178959	2	8560	0.0358779418893154
FL	12071	16.9	8.06308773510547	3	13707	0.0358779418893154
FL	12071	31.3	13.3742015644013	4	78161	0.0358779418893154
FL	12071	40.6	20.6879064674238	5	108886	0.0358779418893154
FL	12071	45	29.2821931121159	6	125906	0.0358779418893154
FL	12071	47.1	37.6843549263988	7	138634	0.0358779418893154
FL	12071	50.6	44.5442179615529	8	149088	0.0358779418893154
FL	12071	54.4	49.367370778416	9	158059	0.0358779418893154
FL	12071	56.4	52.4132854475898	10	164521	0.0358779418893154
FL	12071	57.6	54.2083522104375	11	169998	0.0358779418893154
FL	12071	59.2	55.2234298562794	12	172572	0.0358779418893154
FL	12071	60.4	55.7840644299492	13	190592	0.0358779418893154
FL	12071	61.1	56.0896804608108	14	191908	0.0358779418893154
FL	12071	61.5	56.2550914953284	15	192795	0.0358779418893154
FL	12071	62.1	56.3442715934639	16	194299	0.0358779418893154
FL	12071	62.4	56.3922518109863	17	195410	0.0358779418893154
FL	12073	0	0.334663219737773	0	708	0.0136691309703625
FL	12073	2.4	0.667520586849393	1	1747	0.0136691309703625
FL	12073	10.4	1.32419827911699	2	8560	0.0136691309703625
FL	12073	17.2	2.59900168837821	3	13707	0.0136691309703625
FL	12073	29.6	4.99805908592643	4	78161	0.0136691309703625
FL	12073	37	9.25975809768625	5	108886	0.0136691309703625
FL	12073	41	16.107807213234	6	125906	0.0136691309703625
FL	12073	42.9	25.5167778577215	7	138634	0.0136691309703625
FL	12073	46.4	36.0021273186945	8	149088	0.0136691309703625
FL	12073	49.8	45.2790366092045	9	158059	0.0136691309703625
FL	12073	51.4	51.9538995514606	10	164521	0.0136691309703625
FL	12073	52.3	56.0755153269561	11	169998	0.0136691309703625
FL	12073	54.2	58.38491478455	12	172572	0.0136691309703625
FL	12073	55.4	59.6089281335282	13	190592	0.0136691309703625
FL	12073	56.1	60.2385928783384	14	191908	0.0136691309703625
FL	12073	56.4	60.5575375327378	15	192795	0.0136691309703625
FL	12073	56.8	60.717827295886	16	194299	0.0136691309703625
FL	12073	57	60.7980646114238	17	195410	0.0136691309703625
FL	12075	0	3.49574812853142	0	708	0.00193237304283966
FL	12075	0.9	5.41801108839945	1	1747	0.00193237304283966
FL	12075	8	8.18763209683905	2	8560	0.00193237304283966
FL	12075	13.4	11.9433879903966	3	13707	0.00193237304283966
FL	12075	22.2	16.6384489787396	4	78161	0.00193237304283966
FL	12075	27.4	21.9454238541675	5	108886	0.00193237304283966
FL	12075	30.5	27.3024716055623	6	125906	0.00193237304283966
FL	12075	32.1	32.1268197695384	7	138634	0.00193237304283966
FL	12075	35.9	36.0448649756151	8	149088	0.00193237304283966
FL	12075	40.6	38.9683660877163	9	158059	0.00193237304283966
FL	12075	42.4	41.0147607985063	10	164521	0.00193237304283966
FL	12075	44.1	42.3839647669581	11	169998	0.00193237304283966
FL	12075	45.1	43.2726141831821	12	172572	0.00193237304283966
FL	12075	46.1	43.8380317377352	13	190592	0.00193237304283966
FL	12075	46.6	44.1932550893323	14	191908	0.00193237304283966
FL	12075	47	44.41464919711	15	192795	0.00193237304283966
FL	12075	47.3	44.5519478020563	16	194299	0.00193237304283966
FL	12075	47.5	44.6368311704806	17	195410	0.00193237304283966
FL	12077	0	3.6548652631039	0	708	0.000388960904028204
FL	12077	0.5	5.59546610799521	1	1747	0.000388960904028204
FL	12077	8.5	8.3081756310928	2	8560	0.000388960904028204
FL	12077	12.2	11.8371320300629	3	13707	0.000388960904028204
FL	12077	15.4	16.022109154109	4	78161	0.000388960904028204
FL	12077	22.2	20.4731822660667	5	108886	0.000388960904028204
FL	12077	23.6	24.6913360668462	6	125906	0.000388960904028204
FL	12077	24.5	28.2735373353659	7	138634	0.000388960904028204
FL	12077	27.4	31.0430443995329	8	149088	0.000388960904028204
FL	12077	31	33.0328037090938	9	158059	0.000388960904028204
FL	12077	32.1	34.3882395365661	10	164521	0.000388960904028204
FL	12077	32.9	35.2784144703611	11	169998	0.000388960904028204
FL	12077	33.3	35.8490727503857	12	172572	0.000388960904028204
FL	12077	33.8	36.2092525928119	13	190592	0.000388960904028204
FL	12077	34	36.434357712815	14	191908	0.000388960904028204
FL	12077	34.1	36.574178961609	15	192795	0.000388960904028204
FL	12077	34.3	36.660694781622	16	194299	0.000388960904028204
FL	12077	34.3	36.7141003586716	17	195410	0.000388960904028204
FL	12079	0	2.61350065937838	0	708	0.000861031122599183
FL	12079	0.9	4.08886947792169	1	1747	0.000861031122599183
FL	12079	11	6.28093593091567	2	8560	0.000861031122599183
FL	12079	16.1	9.39468978626904	3	13707	0.000861031122599183
FL	12079	22.6	13.5465122560718	4	78161	0.000861031122599183
FL	12079	28.5	18.6390050414409	5	108886	0.000861031122599183
FL	12079	30.2	24.2824923813183	6	125906	0.000861031122599183
FL	12079	31.1	29.8746439377224	7	138634	0.000861031122599183
FL	12079	33.8	34.8342009964502	8	149088	0.000861031122599183
FL	12079	37.4	38.8182786260618	9	158059	0.000861031122599183
FL	12079	39.2	41.7719198474225	10	164521	0.000861031122599183
FL	12079	42.8	43.8338923530698	11	169998	0.000861031122599183
FL	12079	43.9	45.2137042629499	12	172572	0.000861031122599183
FL	12079	45	46.1110635412019	13	190592	0.000861031122599183
FL	12079	45.6	46.6838787848523	14	191908	0.000861031122599183
FL	12079	45.9	47.0451854542174	15	192795	0.000861031122599183
FL	12079	46.2	47.2713677352641	16	194299	0.000861031122599183
FL	12079	46.3	47.4122919783301	17	195410	0.000861031122599183
FL	12081	0	1.35889832075675	0	708	0.0187753951917746
FL	12081	1.5	2.47839829402591	1	1747	0.0187753951917746
FL	12081	6.8	4.44596730656953	2	8560	0.0187753951917746
FL	12081	16.4	7.75189483450398	3	13707	0.0187753951917746
FL	12081	32.2	12.9078188751212	4	78161	0.0187753951917746
FL	12081	40.1	20.0835383442341	5	108886	0.0187753951917746
FL	12081	44.5	28.6348879200708	6	125906	0.0187753951917746
FL	12081	46.5	37.1268771731348	7	138634	0.0187753951917746
FL	12081	49.8	44.1623387747036	8	149088	0.0187753951917746
FL	12081	53.4	49.1673821443817	9	158059	0.0187753951917746
FL	12081	55.7	52.3547989656873	10	164521	0.0187753951917746
FL	12081	57.4	54.2438282513954	11	169998	0.0187753951917746
FL	12081	59	55.3159878825734	12	172572	0.0187753951917746
FL	12081	60.3	55.9096267056426	13	190592	0.0187753951917746
FL	12081	60.9	56.2338138172774	14	191908	0.0187753951917746
FL	12081	61.3	56.4095204451634	15	192795	0.0187753951917746
FL	12081	61.8	56.5043621092665	16	194299	0.0187753951917746
FL	12081	62.1	56.5554417390136	17	195410	0.0187753951917746
FL	12083	0	2.1695804732272	0	708	0.0170212997766012
FL	12083	1.3	3.5723132233778	1	1747	0.0170212997766012
FL	12083	8.2	5.7769014478279	2	8560	0.0170212997766012
FL	12083	18	9.08689099014865	3	13707	0.0170212997766012
FL	12083	29.6	13.7304308784554	4	78161	0.0170212997766012
FL	12083	36.5	19.6605394297076	5	108886	0.0170212997766012
FL	12083	40.6	26.3873169058468	6	125906	0.0170212997766012
FL	12083	42.5	33.0647631277984	7	138634	0.0170212997766012
FL	12083	46.3	38.870677521916	8	149088	0.0170212997766012
FL	12083	50	43.3651579800897	9	158059	0.0170212997766012
FL	12083	51.8	46.5415302488717	10	164521	0.0170212997766012
FL	12083	53.2	48.6446241626868	11	169998	0.0170212997766012
FL	12083	54.4	49.9776141248478	12	172572	0.0170212997766012
FL	12083	55.6	50.7992563168311	13	190592	0.0170212997766012
FL	12083	56.2	51.2970309875279	14	191908	0.0170212997766012
FL	12083	56.5	51.5954456503238	15	192795	0.0170212997766012
FL	12083	56.9	51.7732189150124	16	194299	0.0170212997766012
FL	12083	57.2	51.8787250529509	17	195410	0.0170212997766012
FL	12085	0	0.722218901398359	0	708	0.00749613425287776
FL	12085	1.9	1.40248347339129	1	1747	0.00749613425287776
FL	12085	10.1	2.69285163594535	2	8560	0.00749613425287776
FL	12085	23.1	5.06238949980274	3	13707	0.00749613425287776
FL	12085	35.4	9.16526711436256	4	78161	0.00749613425287776
FL	12085	44.2	15.5954449784196	5	108886	0.00749613425287776
FL	12085	48.4	24.2511487286603	6	125906	0.00749613425287776
FL	12085	50.1	33.7927222552897	7	138634	0.00749613425287776
FL	12085	53.4	42.2494160657464	8	149088	0.00749613425287776
FL	12085	56.5	48.4129726443758	9	158059	0.00749613425287776
FL	12085	58.2	52.2940776489104	10	164521	0.00749613425287776
FL	12085	59.7	54.5174990257722	11	169998	0.00749613425287776
FL	12085	61.3	55.7227968860695	12	172572	0.00749613425287776
FL	12085	62.4	56.3566606453877	13	190592	0.00749613425287776
FL	12085	63	56.684696298858	14	191908	0.00749613425287776
FL	12085	63.2	56.853049652576	15	192795	0.00749613425287776
FL	12085	63.7	56.9390813741642	16	194299	0.00749613425287776
FL	12085	64	56.9829487824767	17	195410	0.00749613425287776
FL	12086	0	1.64714113647317	0	708	0.126500291906917
FL	12086	2.1	2.82665294155066	1	1747	0.126500291906917
FL	12086	6.9	4.79234695806177	2	8560	0.126500291906917
FL	12086	16	7.96503413098267	3	13707	0.126500291906917
FL	12086	31.3	12.830397774433	4	78161	0.126500291906917
FL	12086	45.4	19.7355457446662	5	108886	0.126500291906917
FL	12086	56.3	28.5306420262224	6	125906	0.126500291906917
FL	12086	61.4	38.3096810342975	7	138634	0.126500291906917
FL	12086	67.4	47.6682655984937	8	149088	0.126500291906917
FL	12086	72.4	55.4234343252556	9	158059	0.126500291906917
FL	12086	75.8	61.1189632830906	10	164521	0.126500291906917
FL	12086	78	64.9415698196165	11	169998	0.126500291906917
FL	12086	80.5	67.3545095934118	12	172572	0.126500291906917
FL	12086	82.4	68.8191437194192	13	190592	0.126500291906917
FL	12086	83.5	69.6871267080927	14	191908	0.126500291906917
FL	12086	84.3	70.1942336675944	15	192795	0.126500291906917
FL	12086	85.1	70.4880382880215	16	194299	0.126500291906917
FL	12086	85.6	70.6574374477056	17	195410	0.126500291906917
FL	12087	0	0.868552691568352	0	708	0.00345604380945721
FL	12087	0.8	1.74132805152485	1	1747	0.00345604380945721
FL	12087	9	3.4446727323196	2	8560	0.00345604380945721
FL	12087	19.4	6.64174431314639	3	13707	0.00345604380945721
FL	12087	36.8	12.225331501765	4	78161	0.00345604380945721
FL	12087	49.7	20.8514586642802	5	108886	0.00345604380945721
FL	12087	56.7	31.9425022058718	6	125906	0.00345604380945721
FL	12087	59.3	43.2677794063295	7	138634	0.00345604380945721
FL	12087	63.1	52.4123114321707	8	149088	0.00345604380945721
FL	12087	67.5	58.4960678418965	9	158059	0.00345604380945721
FL	12087	70.3	62.0397677063723	10	164521	0.00345604380945721
FL	12087	72.8	63.9460727687009	11	169998	0.00345604380945721
FL	12087	74.7	64.9278237628414	12	172572	0.00345604380945721
FL	12087	76.4	65.4220890896199	13	190592	0.00345604380945721
FL	12087	77.5	65.6680872903717	14	191908	0.00345604380945721
FL	12087	77.9	65.7898220210057	15	192795	0.00345604380945721
FL	12087	78.5	65.8498928284849	16	194299	0.00345604380945721
FL	12087	78.9	65.8794936166983	17	195410	0.00345604380945721
FL	12089	0	1.36475152243235	0	708	0.00412636582708877
FL	12089	1.3	2.49356617161728	1	1747	0.00412636582708877
FL	12089	12.1	4.47423342871418	2	8560	0.00412636582708877
FL	12089	22.1	7.78293851103646	3	13707	0.00412636582708877
FL	12089	33.3	12.881150875863	4	78161	0.00412636582708877
FL	12089	38.1	19.8351257042389	5	108886	0.00412636582708877
FL	12089	40.9	27.895009892604	6	125906	0.00412636582708877
FL	12089	42.3	35.6476262849183	7	138634	0.00412636582708877
FL	12089	47.4	41.8766088517588	8	149088	0.00412636582708877
FL	12089	50.9	46.1970114116303	9	158059	0.00412636582708877
FL	12089	52.6	48.8969791385128	10	164521	0.00412636582708877
FL	12089	54	50.4758708581585	11	169998	0.00412636582708877
FL	12089	55.1	51.3635357938039	12	172572	0.00412636582708877
FL	12089	56.3	51.8515708246889	13	190592	0.00412636582708877
FL	12089	57	52.1166014162301	14	191908	0.00412636582708877
FL	12089	57.2	52.2595644344752	15	192795	0.00412636582708877
FL	12089	57.7	52.336402305122	16	194299	0.00412636582708877
FL	12089	58.1	52.3776195659783	17	195410	0.00412636582708877
FL	12091	0	0.853750462922617	0	708	0.00981192757877611
FL	12091	1.2	1.42187729843811	1	1747	0.00981192757877611
FL	12091	8.1	2.35204226472566	2	8560	0.00981192757877611
FL	12091	16.2	3.84807947738437	3	13707	0.00981192757877611
FL	12091	25.2	6.18667472654628	4	78161	0.00981192757877611
FL	12091	33.2	9.68438183270668	5	108886	0.00981192757877611
FL	12091	37.7	14.5846980152417	6	125906	0.00981192757877611
FL	12091	40.1	20.8565370763173	7	138634	0.00981192757877611
FL	12091	43.9	28.0165238219174	8	149088	0.00981192757877611
FL	12091	48.3	35.197476180971	9	158059	0.00981192757877611
FL	12091	52.5	41.5223218416743	10	164521	0.00981192757877611
FL	12091	54.7	46.4867355158244	11	169998	0.00981192757877611
FL	12091	56.3	50.042436965934	12	172572	0.00981192757877611
FL	12091	61.9	52.4255218210678	13	190592	0.00981192757877611
FL	12091	63.2	53.9524287322188	14	191908	0.00981192757877611
FL	12091	63.7	54.9027365363477	15	192795	0.00981192757877611
FL	12091	64.2	55.4835248176207	16	194299	0.00981192757877611
FL	12091	64.5	55.8345411384025	17	195410	0.00981192757877611
FL	12093	0	3.34773429665376	0	708	0.00196333533649285
FL	12093	1	5.34193978267151	1	1747	0.00196333533649285
FL	12093	6.4	8.28414722789665	2	8560	0.00196333533649285
FL	12093	12.2	12.3346327161963	3	13707	0.00196333533649285
FL	12093	21.1	17.4099525518803	4	78161	0.00196333533649285
FL	12093	28.7	23.069503911237	5	108886	0.00196333533649285
FL	12093	31.3	28.6157020298879	6	125906	0.00196333533649285
FL	12093	33.4	33.4037553005525	7	138634	0.00196333533649285
FL	12093	36.5	37.1054332497897	8	149088	0.00196333533649285
FL	12093	40.4	39.7304584115366	9	158059	0.00196333533649285
FL	12093	42.4	41.4800714896087	10	164521	0.00196333533649285
FL	12093	43.4	42.5985292882317	11	169998	0.00196333533649285
FL	12093	44.2	43.2945463007484	12	172572	0.00196333533649285
FL	12093	45	43.720454968661	13	190592	0.00196333533649285
FL	12093	45.9	43.9784012549605	14	191908	0.00196333533649285
FL	12093	46.1	44.1336474571574	15	192795	0.00196333533649285
FL	12093	46.6	44.2267310083798	16	194299	0.00196333533649285
FL	12093	46.7	44.2824163629773	17	195410	0.00196333533649285
FL	12095	0	0.816742547751359	0	708	0.0648789022791368
FL	12095	1.8	1.53715052166267	1	1747	0.0648789022791368
FL	12095	6.5	2.86481179104148	2	8560	0.0648789022791368
FL	12095	12.9	5.24502952501005	3	13707	0.0648789022791368
FL	12095	28.2	9.30851736356962	4	78161	0.0648789022791368
FL	12095	39.6	15.6986827903153	5	108886	0.0648789022791368
FL	12095	46.8	24.5555174816676	6	125906	0.0648789022791368
FL	12095	50.5	34.901010301994	7	138634	0.0648789022791368
FL	12095	55	44.823061659852	8	149088	0.0648789022791368
FL	12095	59	52.6939145340494	9	158059	0.0648789022791368
FL	12095	61.6	58.0496313091176	10	164521	0.0648789022791368
FL	12095	63.2	61.3244611599115	11	169998	0.0648789022791368
FL	12095	65.6	63.1976789025717	12	172572	0.0648789022791368
FL	12095	67.3	64.2284924323308	13	190592	0.0648789022791368
FL	12095	68.4	64.7836835123904	14	191908	0.0648789022791368
FL	12095	69	65.0792499727847	15	192795	0.0648789022791368
FL	12095	69.4	65.235626733261	16	194299	0.0648789022791368
FL	12095	69.8	65.3180900902138	17	195410	0.0648789022791368
FL	12097	0	1.35034001557234	0	708	0.0174949064698948
FL	12097	1.3	2.30295758819313	1	1747	0.0174949064698948
FL	12097	5.7	3.88655490152106	2	8560	0.0174949064698948
FL	12097	11.7	6.44705395393679	3	13707	0.0174949064698948
FL	12097	25.4	10.4070087832581	4	78161	0.0174949064698948
FL	12097	37.6	16.1288709665591	5	108886	0.0174949064698948
FL	12097	46.1	23.6338743597767	6	125906	0.0174949064698948
FL	12097	50.5	32.3199088941308	7	138634	0.0174949064698948
FL	12097	55.7	41.0292348708087	8	149088	0.0174949064698948
FL	12097	60.7	48.5920634773733	9	158059	0.0174949064698948
FL	12097	64.1	54.3816525408764	10	164521	0.0174949064698948
FL	12097	66.1	58.4005192675265	11	169998	0.0174949064698948
FL	12097	68.4	61.0043735332846	12	172572	0.0174949064698948
FL	12097	70.4	62.6168587448937	13	190592	0.0174949064698948
FL	12097	71.7	63.5876186444919	14	191908	0.0174949064698948
FL	12097	72.4	64.162136948139	15	192795	0.0174949064698948
FL	12097	73	64.4987158389609	16	194299	0.0174949064698948
FL	12097	73.5	64.6947272882952	17	195410	0.0174949064698948
FL	12099	0	0.970909056806535	0	708	0.0696893718365208
FL	12099	1.6	1.81761281992592	1	1747	0.0696893718365208
FL	12099	10	3.36241123851741	2	8560	0.0696893718365208
FL	12099	19.6	6.08860010376355	3	13707	0.0696893718365208
FL	12099	31.5	10.6284792151932	4	78161	0.0696893718365208
FL	12099	42.2	17.5046934045366	5	108886	0.0696893718365208
FL	12099	47.9	26.5559273572014	6	125906	0.0696893718365208
FL	12099	50.6	36.4984237160076	7	138634	0.0696893718365208
FL	12099	54.5	45.4663520484321	8	149088	0.0696893718365208
FL	12099	58	52.2268717668678	9	158059	0.0696893718365208
FL	12099	60.2	56.6658102496729	10	164521	0.0696893718365208
FL	12099	61.6	59.3220630723782	11	169998	0.0696893718365208
FL	12099	63.4	60.8241405590181	12	172572	0.0696893718365208
FL	12099	64.6	61.6464825019108	13	190592	0.0696893718365208
FL	12099	65.4	62.0887216950669	14	191908	0.0696893718365208
FL	12099	65.8	62.3242668395235	15	192795	0.0696893718365208
FL	12099	66.4	62.4490786038844	16	194299	0.0696893718365208
FL	12099	66.7	62.5150340810046	17	195410	0.0696893718365208
FL	12101	0	1.39382456425636	0	708	0.025791683732788
FL	12101	1.3	2.48101815056097	1	1747	0.025791683732788
FL	12101	6	4.34763801992713	2	8560	0.025791683732788
FL	12101	14.9	7.42073909163952	3	13707	0.025791683732788
FL	12101	27.6	12.1466178034923	4	78161	0.025791683732788
FL	12101	36.1	18.7026782817775	5	108886	0.025791683732788
FL	12101	41	26.6075858362831	6	125906	0.025791683732788
FL	12101	43.2	34.6744879539623	7	138634	0.025791683732788
FL	12101	46.9	41.6200549254863	8	149088	0.025791683732788
FL	12101	50.5	46.777550472486	9	158059	0.025791683732788
FL	12101	52.5	50.2017478431285	10	164521	0.025791683732788
FL	12101	54.1	52.309429600446	11	169998	0.025791683732788
FL	12101	55.8	53.5468692320201	12	172572	0.025791683732788
FL	12101	57.4	54.2533071343484	13	190592	0.025791683732788
FL	12101	58.1	54.6501651220361	14	191908	0.025791683732788
FL	12101	58.5	54.8710959307852	15	192795	0.025791683732788
FL	12101	59	54.9934672508093	16	194299	0.025791683732788
FL	12101	59.3	55.0610575389304	17	195410	0.025791683732788
FL	12103	0	1.12352905470145	0	708	0.0453956578386261
FL	12103	1.9	2.13869382741472	1	1747	0.0453956578386261
FL	12103	8.9	4.00885739221978	2	8560	0.0453956578386261
FL	12103	19.4	7.30848722034843	3	13707	0.0453956578386261
FL	12103	34.9	12.7096000798421	4	78161	0.0453956578386261
FL	12103	43.9	20.5510545659737	5	108886	0.0453956578386261
FL	12103	48.5	30.1576334212919	6	125906	0.0453956578386261
FL	12103	50.7	39.7515360970997	7	138634	0.0453956578386261
FL	12103	54.2	47.5638956231301	8	149088	0.0453956578386261
FL	12103	57.3	52.9351979922972	9	158059	0.0453956578386261
FL	12103	59.2	56.2127033363013	10	164521	0.0453956578386261
FL	12103	60.5	58.0690114053988	11	169998	0.0453956578386261
FL	12103	62.1	59.0762568321257	12	172572	0.0453956578386261
FL	12103	63.3	59.6101046965032	13	190592	0.0453956578386261
FL	12103	63.9	59.8895277160104	14	191908	0.0453956578386261
FL	12103	64.2	60.0348232570798	15	192795	0.0453956578386261
FL	12103	64.7	60.1101164511306	16	194299	0.0453956578386261
FL	12103	65	60.1490647161624	17	195410	0.0453956578386261
FL	12105	0	1.80059795959118	0	708	0.0337455012136521
FL	12105	0.8	2.94617128146066	1	1747	0.0337455012136521
FL	12105	5.4	4.75392487864321	2	8560	0.0337455012136521
FL	12105	12.3	7.50710389669953	3	13707	0.0337455012136521
FL	12105	23.4	11.481365642796	4	78161	0.0337455012136521
FL	12105	31.9	16.7959516173597	5	108886	0.0337455012136521
FL	12105	37.1	23.2202062049894	6	125906	0.0337455012136521
FL	12105	39.6	30.1018481245886	7	138634	0.0337455012136521
FL	12105	43.5	36.5818012914308	8	149088	0.0337455012136521
FL	12105	48.1	41.9836109610253	9	158059	0.0337455012136521
FL	12105	50.6	46.0476969445498	10	164521	0.0337455012136521
FL	12105	52.2	48.8755410156267	11	169998	0.0337455012136521
FL	12105	54	50.7378884987061	12	172572	0.0337455012136521
FL	12105	55.4	51.9203514551661	13	190592	0.0337455012136521
FL	12105	56.3	52.6537931576548	14	191908	0.0337455012136521
FL	12105	56.8	53.1021469405206	15	192795	0.0337455012136521
FL	12105	57.3	53.3737908718223	16	194299	0.0337455012136521
FL	12105	57.7	53.5374825703196	17	195410	0.0337455012136521
FL	12107	0	3.11875999082055	0	708	0.00346968584260064
FL	12107	0.6	4.81559368154572	1	1747	0.00346968584260064
FL	12107	5.8	7.26764531018764	2	8560	0.00346968584260064
FL	12107	12	10.6214994049968	3	13707	0.00346968584260064
FL	12107	18.4	14.8796596478193	4	78161	0.00346968584260064
FL	12107	22.7	19.8027866903539	5	108886	0.00346968584260064
FL	12107	26	24.9146820729405	6	125906	0.00346968584260064
FL	12107	27.4	29.6631235570865	7	138634	0.00346968584260064
FL	12107	31.2	33.6388390864082	8	149088	0.00346968584260064
FL	12107	34.8	36.6881583335989	9	158059	0.00346968584260064
FL	12107	36.5	38.8733654103686	10	164521	0.00346968584260064
FL	12107	38.5	40.3642432638126	11	169998	0.00346968584260064
FL	12107	39.8	41.3476178453145	12	172572	0.00346968584260064
FL	12107	40.8	41.9818708209084	13	190592	0.00346968584260064
FL	12107	41.4	42.3850548599941	14	191908	0.00346968584260064
FL	12107	41.8	42.6389924767806	15	192795	0.00346968584260064
FL	12107	42.1	42.7979995050975	16	194299	0.00346968584260064
FL	12107	42.2	42.8972006996249	17	195410	0.00346968584260064
FL	12109	0.1	1.15319916147415	0	708	0.0123230859936501
FL	12109	2.2	2.22152147687672	1	1747	0.0123230859936501
FL	12109	11.8	4.20945059104416	2	8560	0.0123230859936501
FL	12109	24.4	7.74039675393132	3	13707	0.0123230859936501
FL	12109	39.1	13.5228331580764	4	78161	0.0123230859936501
FL	12109	47	21.8400729681518	5	108886	0.0123230859936501
FL	12109	51.2	31.8153757327938	6	125906	0.0123230859936501
FL	12109	53.2	41.4713955005592	7	138634	0.0123230859936501
FL	12109	58	49.0621544577665	8	149088	0.0123230859936501
FL	12109	61.6	54.111096449357	9	158059	0.0123230859936501
FL	12109	63.2	57.1069474343054	10	164521	0.0123230859936501
FL	12109	64.6	58.7655179372627	11	169998	0.0123230859936501
FL	12109	66.7	59.6486447435622	12	172572	0.0123230859936501
FL	12109	69	60.1091328928154	13	190592	0.0123230859936501
FL	12109	69.7	60.3466245490295	14	191908	0.0123230859936501
FL	12109	70	60.4684152065918	15	192795	0.0123230859936501
FL	12109	70.4	60.5306902608027	16	194299	0.0123230859936501
FL	12109	70.7	60.5624858382191	17	195410	0.0123230859936501
FL	12111	0	1.10929252654184	0	708	0.0152854558187392
FL	12111	0.9	1.9805236443805	1	1747	0.0152854558187392
FL	12111	7.3	3.49359528292146	2	8560	0.0152854558187392
FL	12111	17.2	6.03684587211574	3	13707	0.0152854558187392
FL	12111	26.6	10.0855455486115	4	78161	0.0152854558187392
FL	12111	34.8	16.0045474620727	5	108886	0.0152854558187392
FL	12111	40.1	23.662412625793	6	125906	0.0152854558187392
FL	12111	42.4	32.1436472194768	7	138634	0.0152854558187392
FL	12111	46.3	40.0619418117367	8	149088	0.0152854558187392
FL	12111	50	46.359544688495	9	158059	0.0152854558187392
FL	12111	52.4	50.7596325781944	10	164521	0.0152854558187392
FL	12111	53.8	53.5630454148209	11	169998	0.0152854558187392
FL	12111	55.5	55.2455869198367	12	172572	0.0152854558187392
FL	12111	56.9	56.2194244931098	13	190592	0.0152854558187392
FL	12111	57.7	56.7712695385918	14	191908	0.0152854558187392
FL	12111	58.1	57.0802394191226	15	192795	0.0152854558187392
FL	12111	58.6	57.2520612222934	16	194299	0.0152854558187392
FL	12111	58.9	57.3472541581688	17	195410	0.0152854558187392
FL	12113	0	0.869077957917001	0	708	0.00858158380466247
FL	12113	1.1	1.45673597882313	1	1747	0.00858158380466247
FL	12113	6.8	2.42239522439391	2	8560	0.00858158380466247
FL	12113	14.2	3.97636323491483	3	13707	0.00858158380466247
FL	12113	22.7	6.39482033760978	4	78161	0.00858158380466247
FL	12113	29.5	9.9695199589554	5	108886	0.00858158380466247
FL	12113	32.9	14.8699414138601	6	125906	0.00858158380466247
FL	12113	34.8	20.9371655857997	7	138634	0.00858158380466247
FL	12113	38.5	27.5686198213436	8	149088	0.00858158380466247
FL	12113	42.7	33.8983001692601	9	158059	0.00858158380466247
FL	12113	45.1	39.2049527685019	10	164521	0.00858158380466247
FL	12113	46.7	43.1910659635948	11	169998	0.00858158380466247
FL	12113	48.1	45.9450430566196	12	172572	0.00858158380466247
FL	12113	52.6	47.7396038707436	13	190592	0.00858158380466247
FL	12113	53.5	48.8648010126887	14	191908	0.00858158380466247
FL	12113	53.9	49.5533515331902	15	192795	0.00858158380466247
FL	12113	54.3	49.9684474877755	16	194299	0.00858158380466247
FL	12113	54.6	50.216437583392	17	195410	0.00858158380466247
FL	12115	0	0.609114788602559	0	708	0.0201949581559733
FL	12115	2	1.26057746311279	1	1747	0.0201949581559733
FL	12115	9.1	2.57933574180402	2	8560	0.0201949581559733
FL	12115	23.1	5.15977158493087	3	13707	0.0201949581559733
FL	12115	41.2	9.88929647219906	4	78161	0.0201949581559733
FL	12115	49.9	17.6022954416232	5	108886	0.0201949581559733
FL	12115	54.3	28.0667628716438	6	125906	0.0201949581559733
FL	12115	56.3	39.2100079994457	7	138634	0.0201949581559733
FL	12115	59.4	48.3952088109331	8	149088	0.0201949581559733
FL	12115	62.5	54.4981694378535	9	158059	0.0201949581559733
FL	12115	64.3	57.9943239581178	10	164521	0.0201949581559733
FL	12115	65.8	59.8291219758328	11	169998	0.0201949581559733
FL	12115	67.4	60.7478793169571	12	172572	0.0201949581559733
FL	12115	68.5	61.1971273225827	13	190592	0.0201949581559733
FL	12115	69	61.4142429418353	14	191908	0.0201949581559733
FL	12115	69.3	61.5185787185312	15	192795	0.0201949581559733
FL	12115	69.9	61.5685810464693	16	194299	0.0201949581559733
FL	12115	70.4	61.5925130348653	17	195410	0.0201949581559733
FL	12117	0	0.692187694745242	0	708	0.0219681431055795
FL	12117	2	1.38800737454187	1	1747	0.0219681431055795
FL	12117	8.5	2.75126701611567	2	8560	0.0219681431055795
FL	12117	14.4	5.33323125636345	3	13707	0.0219681431055795
FL	12117	27.4	9.92383918494299	4	78161	0.0219681431055795
FL	12117	38.3	17.2372734155093	5	108886	0.0219681431055795
FL	12117	44.1	27.0710289828364	6	125906	0.0219681431055795
FL	12117	46.5	37.6617096253161	7	138634	0.0219681431055795
FL	12117	50.6	46.6594055698696	8	149088	0.0219681431055795
FL	12117	54	52.8875347075453	9	158059	0.0219681431055795
FL	12117	55.8	56.6123302758685	10	164521	0.0219681431055795
FL	12117	57	58.6483302765879	11	169998	0.0219681431055795
FL	12117	59.2	59.7067630330404	12	172572	0.0219681431055795
FL	12117	60.6	60.2426643121445	13	190592	0.0219681431055795
FL	12117	61.3	60.5103740119979	14	191908	0.0219681431055795
FL	12117	61.8	60.643209807054	15	192795	0.0219681431055795
FL	12117	62.1	60.7089015311209	16	194299	0.0219681431055795
FL	12117	62.4	60.7413344332557	17	195410	0.0219681431055795
FL	12119	0	1.37717393315066	0	708	0.00616545402339176
FL	12119	1.4	3.19547980359736	1	1747	0.00616545402339176
FL	12119	13	7.14090163885982	2	8560	0.00616545402339176
FL	12119	42.8	14.7746126997371	3	13707	0.00616545402339176
FL	12119	57.7	26.7339962942338	4	78161	0.00616545402339176
FL	12119	63.8	40.4283219910233	5	108886	0.00616545402339176
FL	12119	66.4	51.4589401829411	6	125906	0.00616545402339176
FL	12119	68.3	58.0916344332664	7	138634	0.00616545402339176
FL	12119	71.1	61.4035952215149	8	149088	0.00616545402339176
FL	12119	73.7	62.9043669239714	9	158059	0.00616545402339176
FL	12119	75.2	63.5543897855638	10	164521	0.00616545402339176
FL	12119	76.8	63.8304079741077	11	169998	0.00616545402339176
FL	12119	77.9	63.9466256071541	12	172572	0.00616545402339176
FL	12119	78.7	63.9953846650251	13	190592	0.00616545402339176
FL	12119	79.1	64.0158108457419	14	191908	0.00616545402339176
FL	12119	79.5	64.024362419071	15	192795	0.00616545402339176
FL	12119	80.2	64.0279416569233	16	194299	0.00616545402339176
FL	12119	80.7	64.0294395721786	17	195410	0.00616545402339176
FL	12121	0	3.70350922390022	0	708	0.00206804841683274
FL	12121	1	5.57253466424247	1	1747	0.00206804841683274
FL	12121	8.3	8.16760045033462	2	8560	0.00206804841683274
FL	12121	13.3	11.5555652854148	3	13707	0.00206804841683274
FL	12121	19.3	15.6400166095303	4	78161	0.00206804841683274
FL	12121	22.6	20.116633622109	5	108886	0.00206804841683274
FL	12121	24.7	24.5385898322147	6	125906	0.00206804841683274
FL	12121	25.9	28.4799956689358	7	138634	0.00206804841683274
FL	12121	28.9	31.6840046736862	8	149088	0.00206804841683274
FL	12121	32.9	34.0991871013698	9	158059	0.00206804841683274
FL	12121	34.3	35.8181442812561	10	164521	0.00206804841683274
FL	12121	35.6	36.9921848951517	11	169998	0.00206804841683274
FL	12121	36.4	37.771652609463	12	172572	0.00206804841683274
FL	12121	37.2	38.2794683411246	13	190592	0.00206804841683274
FL	12121	37.7	38.6062440921831	14	191908	0.00206804841683274
FL	12121	38	38.8148535437471	15	192795	0.00206804841683274
FL	12121	38.2	38.947350668866	16	194299	0.00206804841683274
FL	12121	38.4	39.0312334622863	17	195410	0.00206804841683274
FL	12123	0	3.61565068459588	0	708	0.00100424919068522
FL	12123	0.4	5.44443721297987	1	1747	0.00100424919068522
FL	12123	7.7	7.99791994160974	2	8560	0.00100424919068522
FL	12123	12.8	11.3614247329536	3	13707	0.00100424919068522
FL	12123	18.2	15.4673396350303	4	78161	0.00100424919068522
FL	12123	23.2	20.0384348722924	5	108886	0.00100424919068522
FL	12123	25	24.6337396270693	6	125906	0.00100424919068522
FL	12123	26.2	28.8030959923835	7	138634	0.00100424919068522
FL	12123	29.4	32.2483877158339	8	149088	0.00100424919068522
FL	12123	34.2	34.8821029286998	9	158059	0.00100424919068522
FL	12123	35.6	36.7780620574156	10	164521	0.00100424919068522
FL	12123	37.4	38.0847028334491	11	169998	0.00100424919068522
FL	12123	38.3	38.9583729898929	12	172572	0.00100424919068522
FL	12123	39.2	39.5307889520102	13	190592	0.00100424919068522
FL	12123	39.8	39.900849158545	14	191908	0.00100424919068522
FL	12123	40	40.1380259767271	15	192795	0.00100424919068522
FL	12123	40.3	40.2891933254611	16	194299	0.00100424919068522
FL	12123	40.5	40.3852004701221	17	195410	0.00100424919068522
FL	12125	0	3.76591001619319	0	708	0.000709432283298748
FL	12125	0.7	5.69063957591708	1	1747	0.000709432283298748
FL	12125	5.8	8.35228781223659	2	8560	0.000709432283298748
FL	12125	9.1	11.7908862099807	3	13707	0.000709432283298748
FL	12125	13.2	15.8628341693387	4	78161	0.000709432283298748
FL	12125	20	20.2158878155087	5	108886	0.000709432283298748
FL	12125	21.8	24.3889142016398	6	125906	0.000709432283298748
FL	12125	22.7	27.9916483420298	7	138634	0.000709432283298748
FL	12125	27	30.8313860479081	8	149088	0.000709432283298748
FL	12125	31.6	32.9133196352692	9	158059	0.000709432283298748
FL	12125	32.9	34.359999374968	10	164521	0.000709432283298748
FL	12125	33.6	35.3282052566192	11	169998	0.000709432283298748
FL	12125	34.2	35.9600054401561	12	172572	0.000709432283298748
FL	12125	34.8	36.3655076799075	13	190592	0.000709432283298748
FL	12125	35.4	36.6230051200378	14	191908	0.000709432283298748
FL	12125	35.7	36.7854119594835	15	192795	0.000709432283298748
FL	12125	35.9	36.8874057846879	16	194299	0.000709432283298748
FL	12125	36	36.9512870125385	17	195410	0.000709432283298748
FL	12127	0	1.31392555448669	0	708	0.025760814558815
FL	12127	1.8	2.37216136831713	1	1747	0.025760814558815
FL	12127	7.1	4.21741981790494	2	8560	0.025760814558815
FL	12127	17.9	7.30393657591257	3	13707	0.025760814558815
FL	12127	28.8	12.1242515154781	4	78161	0.025760814558815
FL	12127	38.1	18.9005258611804	5	108886	0.025760814558815
FL	12127	42.7	27.1412277887145	6	125906	0.025760814558815
FL	12127	44.8	35.5651318848287	7	138634	0.025760814558815
FL	12127	49.1	42.7779017353127	8	149088	0.025760814558815
FL	12127	52.6	48.0744186633698	9	158059	0.025760814558815
FL	12127	54.3	51.5411797531582	10	164521	0.025760814558815
FL	12127	55.6	53.6426274545348	11	169998	0.025760814558815
FL	12127	57.1	54.8576951083944	12	172572	0.025760814558815
FL	12127	58.4	55.541140602286	13	190592	0.025760814558815
FL	12127	59	55.9196085655155	14	191908	0.025760814558815
FL	12127	59.3	56.1273809280983	15	192795	0.025760814558815
FL	12127	59.8	56.240901508071	16	194299	0.025760814558815
FL	12127	60	56.3027641143308	17	195410	0.025760814558815
FL	12129	0	0.776026707082845	0	708	0.00157088244445865
FL	12129	1.3	1.3604593571786	1	1747	0.00157088244445865
FL	12129	9.2	2.3624154090515	2	8560	0.00157088244445865
FL	12129	15.4	4.03666639578246	3	13707	0.00157088244445865
FL	12129	23.2	6.717877205363	4	78161	0.00157088244445865
FL	12129	27.8	10.7324831184588	5	108886	0.00157088244445865
FL	12129	30.4	16.176699544448	6	125906	0.00157088244445865
FL	12129	31.6	22.6460824206648	7	138634	0.00157088244445865
FL	12129	34.9	29.2290602303237	8	149088	0.00157088244445865
FL	12129	39.2	34.9506886251181	9	158059	0.00157088244445865
FL	12129	41.2	39.2810314782285	10	164521	0.00157088244445865
FL	12129	42.1	42.2274614492286	11	169998	0.00157088244445865
FL	12129	43.2	44.0899224099946	12	172572	0.00157088244445865
FL	12129	43.8	45.2129479475917	13	190592	0.00157088244445865
FL	12129	44.3	45.8709429100121	14	191908	0.00157088244445865
FL	12129	44.8	46.250001285306	15	192795	0.00157088244445865
FL	12129	45	46.4662435581414	16	194299	0.00157088244445865
FL	12129	45.1	46.5889157301836	17	195410	0.00157088244445865
FL	12131	0	1.99750191868476	0	708	0.00344873391456465
FL	12131	0.7	3.23077521205014	1	1747	0.00344873391456465
FL	12131	7.3	5.13798970236962	2	8560	0.00344873391456465
FL	12131	15.1	7.96485239004615	3	13707	0.00344873391456465
FL	12131	22.9	11.901782158591	4	78161	0.00344873391456465
FL	12131	29.2	16.9342348460248	5	108886	0.00344873391456465
FL	12131	32	22.7066036201139	6	125906	0.00344873391456465
FL	12131	33.5	28.5595413799468	7	138634	0.00344873391456465
FL	12131	36.7	33.7971921029815	8	149088	0.00344873391456465
FL	12131	40.6	37.9854863186312	9	158059	0.00344873391456465
FL	12131	42.7	41.0434673791597	10	164521	0.00344873391456465
FL	12131	44.7	43.1310381040972	11	169998	0.00344873391456465
FL	12131	46.2	44.491571113822	12	172572	0.00344873391456465
FL	12131	48	45.3516664815803	13	190592	0.00344873391456465
FL	12131	48.6	45.8849688273688	14	191908	0.00344873391456465
FL	12131	48.9	46.2116816676598	15	192795	0.00344873391456465
FL	12131	49.3	46.4103574178931	16	194299	0.00344873391456465
FL	12131	49.5	46.5306298814097	17	195410	0.00344873391456465
FL	12133	0	3.5473457476062	0	708	0.00118601880635749
FL	12133	1.5	5.32899150156167	1	1747	0.00118601880635749
FL	12133	5.9	7.78983340210508	2	8560	0.00118601880635749
FL	12133	9.6	10.9786064246286	3	13707	0.00118601880635749
FL	12133	15	14.7854813817862	4	78161	0.00118601880635749
FL	12133	19.3	18.9097250422575	5	108886	0.00118601880635749
FL	12133	21	22.9333113291411	6	125906	0.00118601880635749
FL	12133	22.2	26.4768024241772	7	138634	0.00118601880635749
FL	12133	24.6	29.3269633443258	8	149088	0.00118601880635749
FL	12133	27.7	31.4568515304467	9	158059	0.00118601880635749
FL	12133	29.1	32.962587080653	10	164521	0.00118601880635749
FL	12133	30.2	33.9858064121716	11	169998	0.00118601880635749
FL	12133	31.2	34.6625841892808	12	172572	0.00118601880635749
FL	12133	31.8	35.1022484372964	13	190592	0.00118601880635749
FL	12133	32.2	35.3845488957062	14	191908	0.00118601880635749
FL	12133	32.4	35.5644485932033	15	192795	0.00118601880635749
FL	12133	32.6	35.6785422703867	16	194299	0.00118601880635749
FL	12133	32.7	35.7506808389737	17	195410	0.00118601880635749
