1782	6
19001	0	106	0	15	0.0022668276773574
19001	98	243	1	62084	0.0022668276773574
19001	274	532	2	194216	0.0022668276773574
19001	1240	1051	3	638757	0.0022668276773574
19001	2355	1766	4	1111696	0.0022668276773574
19001	2631	2463	5	1390926	0.0022668276773574
19001	2856	2947	6	1518079	0.0022668276773574
19001	2912	3209	7	1566349	0.0022668276773574
19001	3016	3332	8	1637178	0.0022668276773574
19001	3135	3387	9	1705332	0.0022668276773574
19001	3202	3409	10	1752613	0.0022668276773574
19001	3277	3419	11	1792626	0.0022668276773574
19001	3394	3423	12	1862206	0.0022668276773574
19001	3465	3425	13	1906748	0.0022668276773574
19001	3500	3426	14	1928899	0.0022668276773574
19001	3521	3426	15	1942135	0.0022668276773574
19001	3532	3426	16	1954232	0.0022668276773574
19001	3550	3426	17	1963522	0.0022668276773574
19003	0	61	0	15	0.00114165454332234
19003	0	130	1	62084	0.00114165454332234
19003	223	262	2	194216	0.00114165454332234
19003	801	491	3	638757	0.00114165454332234
19003	1260	815	4	1111696	0.00114165454332234
19003	1467	1166	5	1390926	0.00114165454332234
19003	1551	1451	6	1518079	0.00114165454332234
19003	1593	1633	7	1566349	0.00114165454332234
19003	1656	1732	8	1637178	0.00114165454332234
19003	1730	1781	9	1705332	0.00114165454332234
19003	1775	1804	10	1752613	0.00114165454332234
19003	1839	1815	11	1792626	0.00114165454332234
19003	1942	1820	12	1862206	0.00114165454332234
19003	1994	1823	13	1906748	0.00114165454332234
19003	2019	1824	14	1928899	0.00114165454332234
19003	2024	1824	15	1942135	0.00114165454332234
19003	2030	1824	16	1954232	0.00114165454332234
19003	2031	1824	17	1963522	0.00114165454332234
19005	0	127	0	15	0.00433809709451771
19005	196	282	1	62084	0.00433809709451771
19005	780	607	2	194216	0.00433809709451771
19005	2829	1237	3	638757	0.00433809709451771
19005	4898	2286	4	1111696	0.00433809709451771
19005	5460	3654	5	1390926	0.00433809709451771
19005	5747	4967	6	1518079	0.00433809709451771
19005	5881	5905	7	1566349	0.00433809709451771
19005	6165	6442	8	1637178	0.00433809709451771
19005	6437	6711	9	1705332	0.00433809709451771
19005	6634	6838	10	1752613	0.00433809709451771
19005	6797	6895	11	1792626	0.00433809709451771
19005	6995	6921	12	1862206	0.00433809709451771
19005	7128	6932	13	1906748	0.00433809709451771
19005	7214	6937	14	1928899	0.00433809709451771
19005	7284	6939	15	1942135	0.00433809709451771
19005	7334	6940	16	1954232	0.00433809709451771
19005	7389	6941	17	1963522	0.00433809709451771
19007	0	123	0	15	0.00393842291930132
19007	0	268	1	62084	0.00393842291930132
19007	541	568	2	194216	0.00393842291930132
19007	2079	1134	3	638757	0.00393842291930132
19007	3862	2044	4	1111696	0.00393842291930132
19007	4297	3183	5	1390926	0.00393842291930132
19007	4607	4235	6	1518079	0.00393842291930132
19007	4712	4966	7	1566349	0.00393842291930132
19007	4911	5381	8	1637178	0.00393842291930132
19007	5118	5589	9	1705332	0.00393842291930132
19007	5290	5688	10	1752613	0.00393842291930132
19007	5430	5732	11	1792626	0.00393842291930132
19007	5605	5753	12	1862206	0.00393842291930132
19007	5745	5762	13	1906748	0.00393842291930132
19007	5826	5766	14	1928899	0.00393842291930132
19007	5869	5768	15	1942135	0.00393842291930132
19007	5909	5768	16	1954232	0.00393842291930132
19007	5930	5769	17	1963522	0.00393842291930132
19009	0	88	0	15	0.00174195818159344
19009	187	200	1	62084	0.00174195818159344
19009	530	431	2	194216	0.00174195818159344
19009	1398	846	3	638757	0.00174195818159344
19009	2232	1430	4	1111696	0.00174195818159344
19009	2514	2025	5	1390926	0.00174195818159344
19009	2684	2458	6	1518079	0.00174195818159344
19009	2736	2704	7	1566349	0.00174195818159344
19009	2816	2823	8	1637178	0.00174195818159344
19009	2920	2877	9	1705332	0.00174195818159344
19009	2989	2901	10	1752613	0.00174195818159344
19009	3048	2911	11	1792626	0.00174195818159344
19009	3116	2915	12	1862206	0.00174195818159344
19009	3158	2917	13	1906748	0.00174195818159344
19009	3179	2918	14	1928899	0.00174195818159344
19009	3196	2918	15	1942135	0.00174195818159344
19009	3205	2918	16	1954232	0.00174195818159344
19009	3217	2919	17	1963522	0.00174195818159344
19011	0	259	0	15	0.00812818733023356
19011	563	546	1	62084	0.00812818733023356
19011	1796	1122	2	194216	0.00812818733023356
19011	5328	2208	3	638757	0.00812818733023356
19011	8974	4018	4	1111696	0.00812818733023356
19011	10887	6497	5	1390926	0.00812818733023356
19011	11722	9113	6	1518079	0.00812818733023356
19011	12063	11213	7	1566349	0.00812818733023356
19011	12611	12561	8	1637178	0.00812818733023356
19011	13180	13305	9	1705332	0.00812818733023356
19011	13507	13683	10	1752613	0.00812818733023356
19011	13809	13866	11	1792626	0.00812818733023356
19011	14271	13952	12	1862206	0.00812818733023356
19011	14671	13993	13	1906748	0.00812818733023356
19011	14819	14012	14	1928899	0.00812818733023356
19011	14939	14021	15	1942135	0.00812818733023356
19011	15009	14025	16	1954232	0.00812818733023356
19011	15060	14027	17	1963522	0.00812818733023356
19013	0	558	0	15	0.0415927380375079
19013	2156	1204	1	62084	0.0415927380375079
19013	6501	2575	2	194216	0.0415927380375079
19013	27154	5398	3	638757	0.0415927380375079
19013	46085	10869	4	1111696	0.0415927380375079
19013	56087	20335	5	1390926	0.0415927380375079
19013	61145	33890	6	1518079	0.0415927380375079
19013	63227	48838	7	1566349	0.0415927380375079
19013	66181	61244	8	1637178	0.0415927380375079
19013	69153	69332	9	1705332	0.0415927380375079
19013	71507	73808	10	1752613	0.0415927380375079
19013	72835	76063	11	1792626	0.0415927380375079
19013	75515	77145	12	1862206	0.0415927380375079
19013	77133	77653	13	1906748	0.0415927380375079
19013	78062	77888	14	1928899	0.0415927380375079
19013	78614	77997	15	1942135	0.0415927380375079
19013	79058	78047	16	1954232	0.0415927380375079
19013	79481	78070	17	1963522	0.0415927380375079
19015	0	327	0	15	0.0083148709854298
19015	453	729	1	62084	0.0083148709854298
19015	1683	1575	2	194216	0.0083148709854298
19015	5672	3189	3	638757	0.0083148709854298
19015	9543	5764	4	1111696	0.0083148709854298
19015	12193	8895	5	1390926	0.0083148709854298
19015	13435	11657	6	1518079	0.0083148709854298
19015	13827	13482	7	1566349	0.0083148709854298
19015	14437	14470	8	1637178	0.0083148709854298
19015	14997	14947	9	1705332	0.0083148709854298
19015	15296	15166	10	1752613	0.0083148709854298
19015	15575	15263	11	1792626	0.0083148709854298
19015	16107	15306	12	1862206	0.0083148709854298
19015	16659	15324	13	1906748	0.0083148709854298
19015	16816	15333	14	1928899	0.0083148709854298
19015	16884	15336	15	1942135	0.0083148709854298
19015	16933	15338	16	1954232	0.0083148709854298
19015	16998	15338	17	1963522	0.0083148709854298
19017	0	220	0	15	0.00794340537610893
19017	755	485	1	62084	0.00794340537610893
19017	1673	1044	2	194216	0.00794340537610893
19017	5551	2149	3	638757	0.00794340537610893
19017	9451	4063	4	1111696	0.00794340537610893
19017	11169	6735	5	1390926	0.00794340537610893
19017	11987	9526	6	1518079	0.00794340537610893
19017	12324	11682	7	1566349	0.00794340537610893
19017	12868	12991	8	1637178	0.00794340537610893
19017	13363	13674	9	1705332	0.00794340537610893
19017	13681	14002	10	1752613	0.00794340537610893
19017	13975	14153	11	1792626	0.00794340537610893
19017	14416	14222	12	1862206	0.00794340537610893
19017	14700	14252	13	1906748	0.00794340537610893
19017	14860	14266	14	1928899	0.00794340537610893
19017	14945	14272	15	1942135	0.00794340537610893
19017	15032	14275	16	1954232	0.00794340537610893
19017	15125	14276	17	1963522	0.00794340537610893
19019	0	262	0	15	0.00671142003188519
19019	387	593	1	62084	0.00671142003188519
19019	984	1291	2	194216	0.00671142003188519
19019	4183	2609	3	638757	0.00671142003188519
19019	7219	4640	4	1111696	0.00671142003188519
19019	8330	6965	5	1390926	0.00671142003188519
19019	8922	8869	6	1518079	0.00671142003188519
19019	9232	10048	7	1566349	0.00671142003188519
19019	9707	10655	8	1637178	0.00671142003188519
19019	10179	10938	9	1705332	0.00671142003188519
19019	10437	11064	10	1752613	0.00671142003188519
19019	10643	11119	11	1792626	0.00671142003188519
19019	10885	11143	12	1862206	0.00671142003188519
19019	11108	11153	13	1906748	0.00671142003188519
19019	11244	11157	14	1928899	0.00671142003188519
19019	11319	11159	15	1942135	0.00671142003188519
19019	11366	11160	16	1954232	0.00671142003188519
19019	11419	11160	17	1963522	0.00671142003188519
19021	0	451	0	15	0.00621856250415997
19021	269	807	1	62084	0.00621856250415997
19021	802	1407	2	194216	0.00621856250415997
19021	5112	2354	3	638757	0.00621856250415997
19021	7352	3700	4	1111696	0.00621856250415997
19021	8576	5357	5	1390926	0.00621856250415997
19021	9349	7069	6	1518079	0.00621856250415997
19021	9707	8546	7	1566349	0.00621856250415997
19021	10396	9634	8	1637178	0.00621856250415997
19021	11272	10346	9	1705332	0.00621856250415997
19021	11971	10777	10	1752613	0.00621856250415997
19021	12229	11025	11	1792626	0.00621856250415997
19021	12582	11165	12	1862206	0.00621856250415997
19021	12928	11241	13	1906748	0.00621856250415997
19021	13146	11283	14	1928899	0.00621856250415997
19021	13259	11306	15	1942135	0.00621856250415997
19021	13353	11318	16	1954232	0.00621856250415997
19021	13457	11325	17	1963522	0.00621856250415997
19023	0	235	0	15	0.00457644362882598
19023	403	525	1	62084	0.00457644362882598
19023	951	1118	2	194216	0.00457644362882598
19023	3651	2175	3	638757	0.00457644362882598
19023	5414	3662	4	1111696	0.00457644362882598
19023	6415	5185	5	1390926	0.00457644362882598
19023	6783	6312	6	1518079	0.00457644362882598
19023	6951	6962	7	1566349	0.00457644362882598
19023	7250	7285	8	1637178	0.00457644362882598
19023	7514	7433	9	1705332	0.00457644362882598
19023	7678	7498	10	1752613	0.00457644362882598
19023	7805	7527	11	1792626	0.00457644362882598
19023	8001	7539	12	1862206	0.00457644362882598
19023	8133	7544	13	1906748	0.00457644362882598
19023	8221	7547	14	1928899	0.00457644362882598
19023	8274	7548	15	1942135	0.00457644362882598
19023	8303	7548	16	1954232	0.00457644362882598
19023	8334	7548	17	1963522	0.00457644362882598
19025	0	167	0	15	0.00306427432671858
19025	228	365	1	62084	0.00306427432671858
19025	796	760	2	194216	0.00306427432671858
19025	2330	1452	3	638757	0.00306427432671858
19025	3670	2421	4	1111696	0.00306427432671858
19025	4425	3427	5	1390926	0.00306427432671858
19025	4649	4194	6	1518079	0.00306427432671858
19025	4737	4653	7	1566349	0.00306427432671858
19025	4953	4887	8	1637178	0.00306427432671858
19025	5122	4998	9	1705332	0.00306427432671858
19025	5283	5049	10	1752613	0.00306427432671858
19025	5383	5071	11	1792626	0.00306427432671858
19025	5526	5081	12	1862206	0.00306427432671858
19025	5615	5086	13	1906748	0.00306427432671858
19025	5687	5088	14	1928899	0.00306427432671858
19025	5738	5089	15	1942135	0.00306427432671858
19025	5774	5089	16	1954232	0.00306427432671858
19025	5796	5089	17	1963522	0.00306427432671858
19027	0	337	0	15	0.00639130035149775
19027	659	761	1	62084	0.00639130035149775
19027	1737	1636	2	194216	0.00639130035149775
19027	5064	3199	3	638757	0.00639130035149775
19027	8538	5388	4	1111696	0.00639130035149775
19027	9656	7599	5	1390926	0.00639130035149775
19027	10225	9207	6	1518079	0.00639130035149775
19027	10422	10117	7	1566349	0.00639130035149775
19027	10826	10561	8	1637178	0.00639130035149775
19027	11207	10762	9	1705332	0.00639130035149775
19027	11447	10850	10	1752613	0.00639130035149775
19027	11669	10888	11	1792626	0.00639130035149775
19027	12006	10904	12	1862206	0.00639130035149775
19027	12224	10911	13	1906748	0.00639130035149775
19027	12362	10914	14	1928899	0.00639130035149775
19027	12439	10915	15	1942135	0.00639130035149775
19027	12486	10915	16	1954232	0.00639130035149775
19027	12519	10916	17	1963522	0.00639130035149775
19029	0	208	0	15	0.0040683724925279
19029	352	470	1	62084	0.0040683724925279
19029	833	1009	2	194216	0.0040683724925279
19029	3432	1972	3	638757	0.0040683724925279
19029	4954	3321	4	1111696	0.0040683724925279
19029	5758	4686	5	1390926	0.0040683724925279
19029	6111	5679	6	1518079	0.0040683724925279
19029	6261	6242	7	1566349	0.0040683724925279
19029	6508	6517	8	1637178	0.0040683724925279
19029	6719	6642	9	1705332	0.0040683724925279
19029	6875	6696	10	1752613	0.0040683724925279
19029	6991	6720	11	1792626	0.0040683724925279
19029	7199	6730	12	1862206	0.0040683724925279
19029	7321	6734	13	1906748	0.0040683724925279
19029	7389	6736	14	1928899	0.0040683724925279
19029	7445	6737	15	1942135	0.0040683724925279
19029	7472	6737	16	1954232	0.0040683724925279
19029	7496	6737	17	1963522	0.0040683724925279
19031	0	233	0	15	0.00590383097680876
19031	581	524	1	62084	0.00590383097680876
19031	1238	1138	2	194216	0.00590383097680876
19031	4182	2308	3	638757	0.00590383097680876
19031	6782	4144	4	1111696	0.00590383097680876
19031	8357	6313	5	1390926	0.00590383097680876
19031	9030	8154	6	1518079	0.00590383097680876
19031	9261	9328	7	1566349	0.00590383097680876
19031	9681	9946	8	1637178	0.00590383097680876
19031	9986	10239	9	1705332	0.00590383097680876
19031	10197	10370	10	1752613	0.00590383097680876
19031	10402	10428	11	1792626	0.00590383097680876
19031	10766	10454	12	1862206	0.00590383097680876
19031	10981	10465	13	1906748	0.00590383097680876
19031	11093	10469	14	1928899	0.00590383097680876
19031	11154	10471	15	1942135	0.00590383097680876
19031	11217	10472	16	1954232	0.00590383097680876
19031	11251	10473	17	1963522	0.00590383097680876
19033	0	482	0	15	0.0134545350816305
19033	920	1062	1	62084	0.0134545350816305
19033	3138	2274	2	194216	0.0134545350816305
19033	10388	4605	3	638757	0.0134545350816305
19033	15869	8438	4	1111696	0.0134545350816305
19033	19209	13377	5	1390926	0.0134545350816305
19033	20943	18065	6	1518079	0.0134545350816305
19033	21663	21389	7	1566349	0.0134545350816305
19033	22682	23290	8	1637178	0.0134545350816305
19033	23804	24245	9	1705332	0.0134545350816305
19033	24362	24694	10	1752613	0.0134545350816305
19033	24928	24899	11	1792626	0.0134545350816305
19033	25742	24990	12	1862206	0.0134545350816305
19033	26278	25031	13	1906748	0.0134545350816305
19033	26558	25050	14	1928899	0.0134545350816305
19033	26712	25058	15	1942135	0.0134545350816305
19033	26840	25061	16	1954232	0.0134545350816305
19033	26965	25063	17	1963522	0.0134545350816305
19035	0	178	0	15	0.00356093525658702
19035	347	404	1	62084	0.00356093525658702
19035	706	868	2	194216	0.00356093525658702
19035	2571	1694	3	638757	0.00356093525658702
19035	4072	2837	4	1111696	0.00356093525658702
19035	4626	3976	5	1390926	0.00356093525658702
19035	4843	4790	6	1518079	0.00356093525658702
19035	4955	5245	7	1566349	0.00356093525658702
19035	5166	5465	8	1637178	0.00356093525658702
19035	5378	5564	9	1705332	0.00356093525658702
19035	5512	5608	10	1752613	0.00356093525658702
19035	5621	5626	11	1792626	0.00356093525658702
19035	5729	5634	12	1862206	0.00356093525658702
19035	5832	5637	13	1906748	0.00356093525658702
19035	5898	5639	14	1928899	0.00356093525658702
19035	5935	5639	15	1942135	0.00356093525658702
19035	5971	5639	16	1954232	0.00356093525658702
19035	5989	5640	17	1963522	0.00356093525658702
19037	0	171	0	15	0.00378216648125081
19037	290	383	1	62084	0.00378216648125081
19037	527	824	2	194216	0.00378216648125081
19037	2529	1630	3	638757	0.00378216648125081
19037	4220	2809	4	1111696	0.00378216648125081
19037	4908	4075	5	1390926	0.00378216648125081
19037	5148	5053	6	1518079	0.00378216648125081
19037	5312	5634	7	1566349	0.00378216648125081
19037	5526	5926	8	1637178	0.00378216648125081
19037	5793	6061	9	1705332	0.00378216648125081
19037	5949	6121	10	1752613	0.00378216648125081
19037	6088	6147	11	1792626	0.00378216648125081
19037	6269	6158	12	1862206	0.00378216648125081
19037	6420	6163	13	1906748	0.00378216648125081
19037	6480	6165	14	1928899	0.00378216648125081
19037	6532	6166	15	1942135	0.00378216648125081
19037	6574	6167	16	1954232	0.00378216648125081
19037	6603	6167	17	1963522	0.00378216648125081
19039	0	97	0	15	0.00297774692796039
19039	94	199	1	62084	0.00297774692796039
19039	297	399	2	194216	0.00297774692796039
19039	1717	766	3	638757	0.00297774692796039
19039	2993	1365	4	1111696	0.00297774692796039
19039	3574	2177	5	1390926	0.00297774692796039
19039	3897	3037	6	1518079	0.00297774692796039
19039	4034	3741	7	1566349	0.00297774692796039
19039	4264	4206	8	1637178	0.00297774692796039
19039	4510	4471	9	1705332	0.00297774692796039
19039	4632	4609	10	1752613	0.00297774692796039
19039	4748	4678	11	1792626	0.00297774692796039
19039	4919	4712	12	1862206	0.00297774692796039
19039	5030	4728	13	1906748	0.00297774692796039
19039	5108	4736	14	1928899	0.00297774692796039
19039	5131	4740	15	1942135	0.00297774692796039
19039	5164	4741	16	1954232	0.00297774692796039
19039	5188	4742	17	1963522	0.00297774692796039
19041	0	162	0	15	0.00507627406048043
19041	262	358	1	62084	0.00507627406048043
19041	844	767	2	194216	0.00507627406048043
19041	2948	1546	3	638757	0.00507627406048043
19041	5361	2804	4	1111696	0.00507627406048043
19041	6313	4374	5	1390926	0.00507627406048043
19041	6764	5811	6	1518079	0.00507627406048043
19041	6917	6797	7	1566349	0.00507627406048043
19041	7185	7348	8	1637178	0.00507627406048043
19041	7458	7620	9	1705332	0.00507627406048043
19041	7650	7747	10	1752613	0.00507627406048043
19041	7778	7804	11	1792626	0.00507627406048043
19041	8010	7830	12	1862206	0.00507627406048043
19041	8164	7841	13	1906748	0.00507627406048043
19041	8237	7846	14	1928899	0.00507627406048043
19041	8281	7848	15	1942135	0.00507627406048043
19041	8324	7849	16	1954232	0.00507627406048043
19041	8372	7850	17	1963522	0.00507627406048043
19043	0	215	0	15	0.00556215868427642
19043	229	555	1	62084	0.00556215868427642
19043	920	1349	2	194216	0.00556215868427642
19043	3743	2872	3	638757	0.00556215868427642
19043	6213	4944	4	1111696	0.00556215868427642
19043	6829	6753	5	1390926	0.00556215868427642
19043	7100	7815	6	1518079	0.00556215868427642
19043	7209	8299	7	1566349	0.00556215868427642
19043	7406	8494	8	1637178	0.00556215868427642
19043	7653	8569	9	1705332	0.00556215868427642
19043	7811	8597	10	1752613	0.00556215868427642
19043	7952	8608	11	1792626	0.00556215868427642
19043	8144	8612	12	1862206	0.00556215868427642
19043	8259	8613	13	1906748	0.00556215868427642
19043	8327	8614	14	1928899	0.00556215868427642
19043	8370	8614	15	1942135	0.00556215868427642
19043	8418	8614	16	1954232	0.00556215868427642
19043	8466	8614	17	1963522	0.00556215868427642
19045	0	336	0	15	0.0147156798422856
19045	718	728	1	62084	0.0147156798422856
19045	1889	1551	2	194216	0.0147156798422856
19045	8001	3182	3	638757	0.0147156798422856
19045	14141	6083	4	1111696	0.0147156798422856
19045	18004	10377	5	1390926	0.0147156798422856
19045	19676	15264	6	1518079	0.0147156798422856
19045	20404	19410	7	1566349	0.0147156798422856
19045	21382	22139	8	1637178	0.0147156798422856
19045	22300	23647	9	1705332	0.0147156798422856
19045	22931	24401	10	1752613	0.0147156798422856
19045	23422	24759	11	1792626	0.0147156798422856
19045	24167	24925	12	1862206	0.0147156798422856
19045	24838	25001	13	1906748	0.0147156798422856
19045	25091	25035	14	1928899	0.0147156798422856
19045	25258	25051	15	1942135	0.0147156798422856
19045	25413	25058	16	1954232	0.0147156798422856
19045	25573	25062	17	1963522	0.0147156798422856
19047	0	539	0	15	0.00533110200407598
19047	310	952	1	62084	0.00533110200407598
19047	781	1614	2	194216	0.00533110200407598
19047	3781	2569	3	638757	0.00533110200407598
19047	5628	3760	4	1111696	0.00533110200407598
19047	6523	5000	5	1390926	0.00533110200407598
19047	6995	6072	6	1518079	0.00533110200407598
19047	7220	6859	7	1566349	0.00533110200407598
19047	7560	7370	8	1637178	0.00533110200407598
19047	7942	7676	9	1705332	0.00533110200407598
19047	8249	7850	10	1752613	0.00533110200407598
19047	8455	7947	11	1792626	0.00533110200407598
19047	8655	7999	12	1862206	0.00533110200407598
19047	8853	8028	13	1906748	0.00533110200407598
19047	8969	8043	14	1928899	0.00533110200407598
19047	9044	8051	15	1942135	0.00533110200407598
19047	9095	8056	16	1954232	0.00533110200407598
19047	9139	8058	17	1963522	0.00533110200407598
19049	0	698	0	15	0.029619945040839
19049	1608	1477	1	62084	0.029619945040839
19049	6082	3080	2	194216	0.029619945040839
19049	15774	6228	3	638757	0.029619945040839
19049	30254	11894	4	1111696	0.029619945040839
19049	42200	20649	5	1390926	0.029619945040839
19049	47089	31433	6	1518079	0.029619945040839
19049	48840	41544	7	1566349	0.029619945040839
19049	51150	48870	8	1637178	0.029619945040839
19049	53375	53247	9	1705332	0.029619945040839
19049	54569	55566	10	1752613	0.029619945040839
19049	55891	56717	11	1792626	0.029619945040839
19049	59348	57270	12	1862206	0.029619945040839
19049	61091	57531	13	1906748	0.029619945040839
19049	61949	57654	14	1928899	0.029619945040839
19049	62258	57711	15	1942135	0.029619945040839
19049	62593	57738	16	1954232	0.029619945040839
19049	62855	57751	17	1963522	0.029619945040839
19051	0	91	0	15	0.00285255160741283
19051	0	192	1	62084	0.00285255160741283
19051	247	393	2	194216	0.00285255160741283
19051	1360	758	3	638757	0.00285255160741283
19051	2116	1325	4	1111696	0.00285255160741283
19051	2403	2020	5	1390926	0.00285255160741283
19051	2567	2662	6	1518079	0.00285255160741283
19051	2668	3118	7	1566349	0.00285255160741283
19051	2806	3385	8	1637178	0.00285255160741283
19051	2919	3523	9	1705332	0.00285255160741283
19051	3006	3591	10	1752613	0.00285255160741283
19051	3076	3623	11	1792626	0.00285255160741283
19051	3168	3638	12	1862206	0.00285255160741283
19051	3225	3645	13	1906748	0.00285255160741283
19051	3262	3648	14	1928899	0.00285255160741283
19051	3296	3649	15	1942135	0.00285255160741283
19051	3316	3650	16	1954232	0.00285255160741283
19051	3337	3650	17	1963522	0.00285255160741283
19053	0	154	0	15	0.00249439790559322
19053	93	313	1	62084	0.00249439790559322
19053	227	605	2	194216	0.00249439790559322
19053	1126	1075	3	638757	0.00249439790559322
19053	2095	1690	4	1111696	0.00249439790559322
19053	2378	2306	5	1390926	0.00249439790559322
19053	2534	2780	6	1518079	0.00249439790559322
19053	2606	3077	7	1566349	0.00249439790559322
19053	2736	3238	8	1637178	0.00249439790559322
19053	2852	3320	9	1705332	0.00249439790559322
19053	2908	3359	10	1752613	0.00249439790559322
19053	2978	3378	11	1792626	0.00249439790559322
19053	3053	3387	12	1862206	0.00249439790559322
19053	3134	3391	13	1906748	0.00249439790559322
19053	3169	3393	14	1928899	0.00249439790559322
19053	3208	3394	15	1942135	0.00249439790559322
19053	3235	3395	16	1954232	0.00249439790559322
19053	3258	3395	17	1963522	0.00249439790559322
19055	0	252	0	15	0.00539163948818885
19055	246	554	1	62084	0.00539163948818885
19055	992	1167	2	194216	0.00539163948818885
19055	3100	2270	3	638757	0.00539163948818885
19055	5816	3879	4	1111696	0.00539163948818885
19055	6845	5632	5	1390926	0.00539163948818885
19055	7276	7026	6	1518079	0.00539163948818885
19055	7455	7883	7	1566349	0.00539163948818885
19055	7786	8329	8	1637178	0.00539163948818885
19055	8134	8541	9	1705332	0.00539163948818885
19055	8361	8637	10	1752613	0.00539163948818885
19055	8585	8681	11	1792626	0.00539163948818885
19055	8858	8700	12	1862206	0.00539163948818885
19055	9057	8708	13	1906748	0.00539163948818885
19055	9185	8712	14	1928899	0.00539163948818885
19055	9249	8713	15	1942135	0.00539163948818885
19055	9314	8714	16	1954232	0.00539163948818885
19055	9348	8714	17	1963522	0.00539163948818885
19057	0	286	0	15	0.0123505976095618
19057	872	586	1	62084	0.0123505976095618
19057	2398	1180	2	194216	0.0123505976095618
19057	8351	2308	3	638757	0.0123505976095618
19057	11870	4276	4	1111696	0.0123505976095618
19057	13828	7257	5	1390926	0.0123505976095618
19057	15127	10925	6	1518079	0.0123505976095618
19057	15651	14441	7	1566349	0.0123505976095618
19057	16648	17089	8	1637178	0.0123505976095618
19057	17478	18745	9	1705332	0.0123505976095618
19057	18049	19663	10	1752613	0.0123505976095618
19057	18531	20138	11	1792626	0.0123505976095618
19057	19133	20374	12	1862206	0.0123505976095618
19057	19589	20491	13	1906748	0.0123505976095618
19057	19874	20547	14	1928899	0.0123505976095618
19057	20017	20574	15	1942135	0.0123505976095618
19057	20158	20587	16	1954232	0.0123505976095618
19057	20229	20594	17	1963522	0.0123505976095618
19059	0	254	0	15	0.0054699261823034
19059	393	602	1	62084	0.0054699261823034
19059	951	1354	2	194216	0.0054699261823034
19059	3903	2745	3	638757	0.0054699261823034
19059	6794	4706	4	1111696	0.0054699261823034
19059	7856	6623	5	1390926	0.0054699261823034
19059	8250	7933	6	1518079	0.0054699261823034
19059	8437	8624	7	1566349	0.0054699261823034
19059	8767	8940	8	1637178	0.0054699261823034
19059	9041	9074	9	1705332	0.0054699261823034
19059	9225	9130	10	1752613	0.0054699261823034
19059	9395	9153	11	1792626	0.0054699261823034
19059	9651	9162	12	1862206	0.0054699261823034
19059	9854	9166	13	1906748	0.0054699261823034
19059	9948	9167	14	1928899	0.0054699261823034
19059	9992	9168	15	1942135	0.0054699261823034
19059	10080	9168	16	1954232	0.0054699261823034
19059	10168	9168	17	1963522	0.0054699261823034
19061	0	731	0	15	0.0308427388298833
19061	2413	1717	1	62084	0.0308427388298833
19061	8029	3940	2	194216	0.0308427388298833
19061	22912	8608	3	638757	0.0308427388298833
19061	40766	17090	4	1111696	0.0308427388298833
19061	48257	29096	5	1390926	0.0308427388298833
19061	51433	41226	6	1518079	0.0308427388298833
19061	52437	49948	7	1566349	0.0308427388298833
19061	54301	54805	8	1637178	0.0308427388298833
19061	56023	57131	9	1705332	0.0308427388298833
19061	57040	58165	10	1752613	0.0308427388298833
19061	58036	58610	11	1792626	0.0308427388298833
19061	60279	58798	12	1862206	0.0308427388298833
19061	61473	58877	13	1906748	0.0308427388298833
19061	62048	58910	14	1928899	0.0308427388298833
19061	62421	58924	15	1942135	0.0308427388298833
19061	62798	58930	16	1954232	0.0308427388298833
19061	63066	58932	17	1963522	0.0308427388298833
19063	0	93	0	15	0.00291847724456193
19063	239	200	1	62084	0.00291847724456193
19063	463	417	2	194216	0.00291847724456193
19063	1760	826	3	638757	0.00291847724456193
19063	3123	1491	4	1111696	0.00291847724456193
19063	3559	2352	5	1390926	0.00291847724456193
19063	3761	3189	6	1518079	0.00291847724456193
19063	3848	3805	7	1566349	0.00291847724456193
19063	3985	4171	8	1637178	0.00291847724456193
19063	4136	4362	9	1705332	0.00291847724456193
19063	4267	4454	10	1752613	0.00291847724456193
19063	4436	4498	11	1792626	0.00291847724456193
19063	4595	4518	12	1862206	0.00291847724456193
19063	4682	4527	13	1906748	0.00291847724456193
19063	4767	4531	14	1928899	0.00291847724456193
19063	4811	4533	15	1942135	0.00291847724456193
19063	4837	4534	16	1954232	0.00291847724456193
19063	4866	4535	17	1963522	0.00291847724456193
19065	0	247	0	15	0.00622807100951801
19065	410	575	1	62084	0.00622807100951801
19065	999	1281	2	194216	0.00622807100951801
19065	4001	2625	3	638757	0.00622807100951801
19065	7214	4656	4	1111696	0.00622807100951801
19065	8064	6868	5	1390926	0.00622807100951801
19065	8538	8560	6	1518079	0.00622807100951801
19065	8764	9539	7	1566349	0.00622807100951801
19065	9124	10015	8	1637178	0.00622807100951801
19065	9579	10227	9	1705332	0.00622807100951801
19065	9857	10319	10	1752613	0.00622807100951801
19065	10063	10357	11	1792626	0.00622807100951801
19065	10309	10373	12	1862206	0.00622807100951801
19065	10491	10380	13	1906748	0.00622807100951801
19065	10619	10383	14	1928899	0.00622807100951801
19065	10675	10384	15	1942135	0.00622807100951801
19065	10728	10384	16	1954232	0.00622807100951801
19065	10774	10384	17	1963522	0.00622807100951801
19067	0	130	0	15	0.0049577346936835
19067	364	282	1	62084	0.0049577346936835
19067	745	599	2	194216	0.0049577346936835
19067	3248	1218	3	638757	0.0049577346936835
19067	5016	2282	4	1111696	0.0049577346936835
19067	6153	3769	5	1390926	0.0049577346936835
19067	6566	5342	6	1518079	0.0049577346936835
19067	6791	6582	7	1566349	0.0049577346936835
19067	7166	7353	8	1637178	0.0049577346936835
19067	7456	7763	9	1705332	0.0049577346936835
19067	7621	7964	10	1752613	0.0049577346936835
19067	7759	8058	11	1792626	0.0049577346936835
19067	7987	8102	12	1862206	0.0049577346936835
19067	8133	8121	13	1906748	0.0049577346936835
19067	8215	8130	14	1928899	0.0049577346936835
19067	8263	8134	15	1942135	0.0049577346936835
19067	8311	8136	16	1954232	0.0049577346936835
19067	8343	8137	17	1963522	0.0049577346936835
19069	0	151	0	15	0.00319168829851636
19069	179	325	1	62084	0.00319168829851636
19069	489	673	2	194216	0.00319168829851636
19069	1947	1291	3	638757	0.00319168829851636
19069	3372	2199	4	1111696	0.00319168829851636
19069	3963	3211	5	1390926	0.00319168829851636
19069	4229	4047	6	1518079	0.00319168829851636
19069	4339	4583	7	1566349	0.00319168829851636
19069	4560	4872	8	1637178	0.00319168829851636
19069	4774	5013	9	1705332	0.00319168829851636
19069	4938	5080	10	1752613	0.00319168829851636
19069	5047	5110	11	1792626	0.00319168829851636
19069	5181	5124	12	1862206	0.00319168829851636
19069	5361	5130	13	1906748	0.00319168829851636
19069	5442	5133	14	1928899	0.00319168829851636
19069	5487	5134	15	1942135	0.00319168829851636
19069	5510	5135	16	1954232	0.00319168829851636
19069	5522	5135	17	1963522	0.00319168829851636
19071	0	116	0	15	0.00220597324306592
19071	228	240	1	62084	0.00220597324306592
19071	441	475	2	194216	0.00220597324306592
19071	1529	877	3	638757	0.00220597324306592
19071	2264	1453	4	1111696	0.00220597324306592
19071	2626	2096	5	1390926	0.00220597324306592
19071	2832	2643	6	1518079	0.00220597324306592
19071	2901	3010	7	1566349	0.00220597324306592
19071	3046	3219	8	1637178	0.00220597324306592
19071	3170	3327	9	1705332	0.00220597324306592
19071	3260	3381	10	1752613	0.00220597324306592
19071	3320	3406	11	1792626	0.00220597324306592
19071	3425	3418	12	1862206	0.00220597324306592
19071	3544	3424	13	1906748	0.00220597324306592
19071	3589	3426	14	1928899	0.00220597324306592
19071	3642	3427	15	1942135	0.00220597324306592
19071	3680	3428	16	1954232	0.00220597324306592
19071	3706	3428	17	1963522	0.00220597324306592
19073	0	126	0	15	0.00281705318740947
19073	154	278	1	62084	0.00281705318740947
19073	457	590	2	194216	0.00281705318740947
19073	1840	1163	3	638757	0.00281705318740947
19073	3258	2022	4	1111696	0.00281705318740947
19073	3727	2990	5	1390926	0.00281705318740947
19073	4117	3785	6	1518079	0.00281705318740947
19073	4213	4284	7	1566349	0.00281705318740947
19073	4393	4547	8	1637178	0.00281705318740947
19073	4590	4673	9	1705332	0.00281705318740947
19073	4719	4730	10	1752613	0.00281705318740947
19073	4829	4756	11	1792626	0.00281705318740947
19073	4996	4767	12	1862206	0.00281705318740947
19073	5078	4772	13	1906748	0.00281705318740947
19073	5126	4774	14	1928899	0.00281705318740947
19073	5155	4775	15	1942135	0.00281705318740947
19073	5193	4776	16	1954232	0.00281705318740947
19073	5225	4776	17	1963522	0.00281705318740947
19075	0	144	0	15	0.00387693458465264
19075	288	311	1	62084	0.00387693458465264
19075	841	652	2	194216	0.00387693458465264
19075	2841	1292	3	638757	0.00387693458465264
19075	4753	2320	4	1111696	0.00387693458465264
19075	5720	3619	5	1390926	0.00387693458465264
19075	6049	4844	6	1518079	0.00387693458465264
19075	6165	5718	7	1566349	0.00387693458465264
19075	6517	6225	8	1637178	0.00387693458465264
19075	6737	6485	9	1705332	0.00387693458465264
19075	6895	6609	10	1752613	0.00387693458465264
19075	7102	6667	11	1792626	0.00387693458465264
19075	7266	6694	12	1862206	0.00387693458465264
19075	7377	6706	13	1906748	0.00387693458465264
19075	7540	6711	14	1928899	0.00387693458465264
19075	7577	6713	15	1942135	0.00387693458465264
19075	7608	6715	16	1954232	0.00387693458465264
19075	7628	6715	17	1963522	0.00387693458465264
19077	0	117	0	15	0.00338788045907064
19077	217	253	1	62084	0.00338788045907064
19077	561	531	2	194216	0.00338788045907064
19077	2265	1055	3	638757	0.00338788045907064
19077	3850	1907	4	1111696	0.00338788045907064
19077	4625	3005	5	1390926	0.00338788045907064
19077	5018	4066	6	1518079	0.00338788045907064
19077	5192	4838	7	1566349	0.00338788045907064
19077	5408	5293	8	1637178	0.00338788045907064
19077	5637	5528	9	1705332	0.00338788045907064
19077	5768	5642	10	1752613	0.00338788045907064
19077	5862	5695	11	1792626	0.00338788045907064
19077	6027	5719	12	1862206	0.00338788045907064
19077	6122	5730	13	1906748	0.00338788045907064
19077	6172	5735	14	1928899	0.00338788045907064
19077	6207	5737	15	1942135	0.00338788045907064
19077	6243	5738	16	1954232	0.00338788045907064
19077	6269	5739	17	1963522	0.00338788045907064
19079	0	211	0	15	0.00468230498847886
19079	289	474	1	62084	0.00468230498847886
19079	741	1025	2	194216	0.00468230498847886
19079	3134	2047	3	638757	0.00468230498847886
19079	5661	3586	4	1111696	0.00468230498847886
19079	6862	5302	5	1390926	0.00468230498847886
19079	7371	6675	6	1518079	0.00468230498847886
19079	7559	7513	7	1566349	0.00468230498847886
19079	7897	7941	8	1637178	0.00468230498847886
19079	8208	8141	9	1705332	0.00468230498847886
19079	8414	8230	10	1752613	0.00468230498847886
19079	8621	8269	11	1792626	0.00468230498847886
19079	8931	8286	12	1862206	0.00468230498847886
19079	9137	8293	13	1906748	0.00468230498847886
19079	9262	8297	14	1928899	0.00468230498847886
19079	9363	8298	15	1942135	0.00468230498847886
19079	9410	8299	16	1954232	0.00468230498847886
19079	9443	8299	17	1963522	0.00468230498847886
19081	0	168	0	15	0.00336918039853315
19081	178	373	1	62084	0.00336918039853315
19081	481	785	2	194216	0.00336918039853315
19081	2045	1510	3	638757	0.00336918039853315
19081	3412	2512	4	1111696	0.00336918039853315
19081	3973	3524	5	1390926	0.00336918039853315
19081	4226	4268	6	1518079	0.00336918039853315
19081	4325	4698	7	1566349	0.00336918039853315
19081	4498	4912	8	1637178	0.00336918039853315
19081	4709	5010	9	1705332	0.00336918039853315
19081	4827	5054	10	1752613	0.00336918039853315
19081	4946	5074	11	1792626	0.00336918039853315
19081	5075	5082	12	1862206	0.00336918039853315
19081	5177	5086	13	1906748	0.00336918039853315
19081	5230	5087	14	1928899	0.00336918039853315
19081	5271	5088	15	1942135	0.00336918039853315
19081	5298	5088	16	1954232	0.00336918039853315
19081	5313	5088	17	1963522	0.00336918039853315
19083	0	249	0	15	0.00533934270871962
19083	407	547	1	62084	0.00533934270871962
19083	1134	1156	2	194216	0.00533934270871962
19083	3689	2256	3	638757	0.00533934270871962
19083	6042	3876	4	1111696	0.00533934270871962
19083	7088	5656	5	1390926	0.00533934270871962
19083	7524	7083	6	1518079	0.00533934270871962
19083	7662	7964	7	1566349	0.00533934270871962
19083	8022	8423	8	1637178	0.00533934270871962
19083	8365	8642	9	1705332	0.00533934270871962
19083	8586	8741	10	1752613	0.00533934270871962
19083	8813	8786	11	1792626	0.00533934270871962
19083	9114	8805	12	1862206	0.00533934270871962
19083	9273	8814	13	1906748	0.00533934270871962
19083	9379	8818	14	1928899	0.00533934270871962
19083	9434	8819	15	1942135	0.00533934270871962
19083	9470	8820	16	1954232	0.00533934270871962
19083	9500	8820	17	1963522	0.00533934270871962
19085	0	153	0	15	0.00445283305917143
19085	381	323	1	62084	0.00445283305917143
19085	828	663	2	194216	0.00445283305917143
19085	2438	1291	3	638757	0.00445283305917143
19085	4519	2302	4	1111696	0.00445283305917143
19085	5405	3609	5	1390926	0.00445283305917143
19085	5759	4895	6	1518079	0.00445283305917143
19085	5892	5863	7	1566349	0.00445283305917143
19085	6156	6453	8	1637178	0.00445283305917143
19085	6476	6768	9	1705332	0.00445283305917143
19085	6630	6925	10	1752613	0.00445283305917143
19085	6758	7000	11	1792626	0.00445283305917143
19085	6960	7036	12	1862206	0.00445283305917143
19085	7149	7052	13	1906748	0.00445283305917143
19085	7239	7060	14	1928899	0.00445283305917143
19085	7275	7063	15	1942135	0.00445283305917143
19085	7317	7065	16	1954232	0.00445283305917143
19085	7331	7066	17	1963522	0.00445283305917143
19087	0	190	0	15	0.00632442386381285
19087	365	395	1	62084	0.00632442386381285
19087	942	802	2	194216	0.00632442386381285
19087	3123	1562	3	638757	0.00632442386381285
19087	5468	2825	4	1111696	0.00632442386381285
19087	7711	4566	5	1390926	0.00632442386381285
19087	8319	6435	6	1518079	0.00632442386381285
19087	8588	7975	7	1566349	0.00632442386381285
19087	9093	8989	8	1637178	0.00632442386381285
19087	9507	9563	9	1705332	0.00632442386381285
19087	9793	9859	10	1752613	0.00632442386381285
19087	9983	10006	11	1792626	0.00632442386381285
19087	10275	10076	12	1862206	0.00632442386381285
19087	10468	10110	13	1906748	0.00632442386381285
19087	10606	10126	14	1928899	0.00632442386381285
19087	10697	10133	15	1942135	0.00632442386381285
19087	10771	10137	16	1954232	0.00632442386381285
19087	10841	10138	17	1963522	0.00632442386381285
19089	0	121	0	15	0.00290262973563186
19089	156	267	1	62084	0.00290262973563186
19089	464	567	2	194216	0.00290262973563186
19089	1569	1120	3	638757	0.00290262973563186
19089	2883	1956	4	1111696	0.00290262973563186
19089	3512	2905	5	1390926	0.00290262973563186
19089	3712	3690	6	1518079	0.00290262973563186
19089	3824	4185	7	1566349	0.00290262973563186
19089	4009	4447	8	1637178	0.00290262973563186
19089	4227	4573	9	1705332	0.00290262973563186
19089	4339	4630	10	1752613	0.00290262973563186
19089	4428	4655	11	1792626	0.00290262973563186
19089	4553	4667	12	1862206	0.00290262973563186
19089	4636	4672	13	1906748	0.00290262973563186
19089	4681	4674	14	1928899	0.00290262973563186
19089	4714	4675	15	1942135	0.00290262973563186
19089	4757	4675	16	1954232	0.00290262973563186
19089	4790	4675	17	1963522	0.00290262973563186
19091	0	154	0	15	0.00302940980707243
19091	253	342	1	62084	0.00302940980707243
19091	486	719	2	194216	0.00302940980707243
19091	1786	1378	3	638757	0.00302940980707243
19091	3246	2281	4	1111696	0.00302940980707243
19091	3587	3185	5	1390926	0.00302940980707243
19091	3777	3844	6	1518079	0.00302940980707243
19091	3871	4221	7	1566349	0.00302940980707243
19091	4058	4409	8	1637178	0.00302940980707243
19091	4225	4495	9	1705332	0.00302940980707243
19091	4338	4534	10	1752613	0.00302940980707243
19091	4429	4551	11	1792626	0.00302940980707243
19091	4589	4558	12	1862206	0.00302940980707243
19091	4678	4561	13	1906748	0.00302940980707243
19091	4729	4562	14	1928899	0.00302940980707243
19091	4762	4563	15	1942135	0.00302940980707243
19091	4779	4563	16	1954232	0.00302940980707243
19091	4793	4563	17	1963522	0.00302940980707243
19093	0	116	0	15	0.00217427822520578
19093	0	258	1	62084	0.00217427822520578
19093	314	540	2	194216	0.00217427822520578
19093	1331	1023	3	638757	0.00217427822520578
19093	2235	1668	4	1111696	0.00217427822520578
19093	2521	2289	5	1390926	0.00217427822520578
19093	2660	2728	6	1518079	0.00217427822520578
19093	2745	2974	7	1566349	0.00217427822520578
19093	2861	3094	8	1637178	0.00217427822520578
19093	2987	3149	9	1705332	0.00217427822520578
19093	3095	3173	10	1752613	0.00217427822520578
19093	3166	3184	11	1792626	0.00217427822520578
19093	3253	3188	12	1862206	0.00217427822520578
19093	3299	3190	13	1906748	0.00217427822520578
19093	3327	3191	14	1928899	0.00217427822520578
19093	3344	3192	15	1942135	0.00217427822520578
19093	3356	3192	16	1954232	0.00217427822520578
19093	3370	3192	17	1963522	0.00217427822520578
19095	0	232	0	15	0.00512952169048547
19095	413	509	1	62084	0.00512952169048547
19095	1305	1075	2	194216	0.00512952169048547
19095	3854	2116	3	638757	0.00512952169048547
19095	5967	3703	4	1111696	0.00512952169048547
19095	7596	5543	5	1390926	0.00512952169048547
19095	8190	7104	6	1518079	0.00512952169048547
19095	8409	8116	7	1566349	0.00512952169048547
19095	8818	8661	8	1637178	0.00512952169048547
19095	9086	8927	9	1705332	0.00512952169048547
19095	9309	9050	10	1752613	0.00512952169048547
19095	9495	9105	11	1792626	0.00512952169048547
19095	9802	9130	12	1862206	0.00512952169048547
19095	9987	9141	13	1906748	0.00512952169048547
19095	10075	9146	14	1928899	0.00512952169048547
19095	10136	9148	15	1942135	0.00512952169048547
19095	10180	9149	16	1954232	0.00512952169048547
19095	10219	9149	17	1963522	0.00512952169048547
19097	0	255	0	15	0.00616119452183311
19097	323	583	1	62084	0.00616119452183311
19097	888	1275	2	194216	0.00616119452183311
19097	4261	2569	3	638757	0.00616119452183311
19097	6410	4502	4	1111696	0.00616119452183311
19097	7884	6609	5	1390926	0.00616119452183311
19097	8323	8242	6	1518079	0.00616119452183311
19097	8497	9205	7	1566349	0.00616119452183311
19097	8890	9685	8	1637178	0.00616119452183311
19097	9253	9903	9	1705332	0.00616119452183311
19097	9473	9998	10	1752613	0.00616119452183311
19097	9616	10039	11	1792626	0.00616119452183311
19097	9894	10057	12	1862206	0.00616119452183311
19097	10124	10064	13	1906748	0.00616119452183311
19097	10229	10067	14	1928899	0.00616119452183311
19097	10292	10069	15	1942135	0.00616119452183311
19097	10341	10069	16	1954232	0.00616119452183311
19097	10381	10070	17	1963522	0.00616119452183311
19099	0	326	0	15	0.011785792391294
19099	627	678	1	62084	0.011785792391294
19099	2139	1384	2	194216	0.011785792391294
19099	6986	2721	3	638757	0.011785792391294
19099	11163	5009	4	1111696	0.011785792391294
19099	15260	8305	5	1390926	0.011785792391294
19099	17019	12053	6	1518079	0.011785792391294
19099	17566	15318	7	1566349	0.011785792391294
19099	18315	17566	8	1637178	0.011785792391294
19099	19195	18874	9	1705332	0.011785792391294
19099	19746	19562	10	1752613	0.011785792391294
19099	20276	19905	11	1792626	0.011785792391294
19099	20890	20071	12	1862206	0.011785792391294
19099	21304	20151	13	1906748	0.011785792391294
19099	21543	20188	14	1928899	0.011785792391294
19099	21710	20206	15	1942135	0.011785792391294
19099	21810	20215	16	1954232	0.011785792391294
19099	21887	20219	17	1963522	0.011785792391294
19101	0	108	0	15	0.00579860351751308
19101	156	254	1	62084	0.00579860351751308
19101	585	583	2	194216	0.00579860351751308
19101	2518	1282	3	638757	0.00579860351751308
19101	5413	2578	4	1111696	0.00579860351751308
19101	6398	4474	5	1390926	0.00579860351751308
19101	7026	6469	6	1518079	0.00579860351751308
19101	7240	7957	7	1566349	0.00579860351751308
19101	7546	8806	8	1637178	0.00579860351751308
19101	7848	9219	9	1705332	0.00579860351751308
19101	8082	9404	10	1752613	0.00579860351751308
19101	8240	9483	11	1792626	0.00579860351751308
19101	8471	9517	12	1862206	0.00579860351751308
19101	8623	9532	13	1906748	0.00579860351751308
19101	8715	9538	14	1928899	0.00579860351751308
19101	8758	9540	15	1942135	0.00579860351751308
19101	8811	9541	16	1954232	0.00579860351751308
19101	8855	9542	17	1963522	0.00579860351751308
19103	0	445	0	15	0.0479038499938195
19103	7132	1036	1	62084	0.0479038499938195
19103	15976	2398	2	194216	0.0479038499938195
19103	38233	5456	3	638757	0.0479038499938195
19103	66617	11953	4	1111696	0.0479038499938195
19103	82771	24293	5	1390926	0.0479038499938195
19103	89942	43399	6	1518079	0.0479038499938195
19103	91931	65302	7	1566349	0.0479038499938195
19103	94462	83211	8	1637178	0.0479038499938195
19103	96637	94232	9	1705332	0.0479038499938195
19103	98139	99873	10	1752613	0.0479038499938195
19103	100027	102490	11	1792626	0.0479038499938195
19103	105615	103648	12	1862206	0.0479038499938195
19103	107616	104150	13	1906748	0.0479038499938195
19103	108517	104366	14	1928899	0.0479038499938195
19103	109101	104458	15	1942135	0.0479038499938195
19103	109881	104497	16	1954232	0.0479038499938195
19103	110428	104514	17	1963522	0.0479038499938195
19105	0	186	0	15	0.00655484664365608
19105	444	418	1	62084	0.00655484664365608
19105	1251	917	2	194216	0.00655484664365608
19105	4032	1910	3	638757	0.00655484664365608
19105	7033	3611	4	1111696	0.00655484664365608
19105	9284	5899	5	1390926	0.00655484664365608
19105	9989	8146	6	1518079	0.00655484664365608
19105	10227	9765	7	1566349	0.00655484664365608
19105	10604	10689	8	1637178	0.00655484664365608
19105	10941	11149	9	1705332	0.00655484664365608
19105	11175	11361	10	1752613	0.00655484664365608
19105	11357	11457	11	1792626	0.00655484664365608
19105	11665	11498	12	1862206	0.00655484664365608
19105	11910	11517	13	1906748	0.00655484664365608
19105	12006	11525	14	1928899	0.00655484664365608
19105	12077	11528	15	1942135	0.00655484664365608
19105	12134	11530	16	1954232	0.00655484664365608
19105	12177	11530	17	1963522	0.00655484664365608
19107	0	161	0	15	0.00324747152995021
19107	161	352	1	62084	0.00324747152995021
19107	484	734	2	194216	0.00324747152995021
19107	1876	1397	3	638757	0.00324747152995021
19107	3029	2313	4	1111696	0.00324747152995021
19107	3585	3247	5	1390926	0.00324747152995021
19107	3821	3946	6	1518079	0.00324747152995021
19107	3923	4357	7	1566349	0.00324747152995021
19107	4088	4565	8	1637178	0.00324747152995021
19107	4257	4663	9	1705332	0.00324747152995021
19107	4390	4707	10	1752613	0.00324747152995021
19107	4490	4727	11	1792626	0.00324747152995021
19107	4607	4736	12	1862206	0.00324747152995021
19107	4665	4740	13	1906748	0.00324747152995021
19107	4722	4741	14	1928899	0.00324747152995021
19107	4751	4742	15	1942135	0.00324747152995021
19107	4786	4742	16	1954232	0.00324747152995021
19107	4796	4742	17	1963522	0.00324747152995021
19109	0	217	0	15	0.00469498299562292
19109	223	522	1	62084	0.00469498299562292
19109	535	1184	2	194216	0.00469498299562292
19109	3110	2390	3	638757	0.00469498299562292
19109	5279	4020	4	1111696	0.00469498299562292
19109	5980	5518	5	1390926	0.00469498299562292
19109	6370	6479	6	1518079	0.00469498299562292
19109	6565	6961	7	1566349	0.00469498299562292
19109	6779	7174	8	1637178	0.00469498299562292
19109	6987	7262	9	1705332	0.00469498299562292
19109	7127	7298	10	1752613	0.00469498299562292
19109	7247	7312	11	1792626	0.00469498299562292
19109	7432	7318	12	1862206	0.00469498299562292
19109	7553	7320	13	1906748	0.00469498299562292
19109	7624	7321	14	1928899	0.00469498299562292
19109	7681	7321	15	1942135	0.00469498299562292
19109	7706	7321	16	1954232	0.00469498299562292
19109	7739	7321	17	1963522	0.00469498299562292
19111	0	589	0	15	0.0106675921611882
19111	551	1159	1	62084	0.0106675921611882
19111	1653	2208	2	194216	0.0106675921611882
19111	5799	3971	3	638757	0.0106675921611882
19111	10013	6522	4	1111696	0.0106675921611882
19111	12201	9523	5	1390926	0.0106675921611882
19111	13241	12296	6	1518079	0.0106675921611882
19111	13792	14343	7	1566349	0.0106675921611882
19111	14551	15618	8	1637178	0.0106675921611882
19111	15150	16330	9	1705332	0.0106675921611882
19111	15605	16703	10	1752613	0.0106675921611882
19111	15995	16892	11	1792626	0.0106675921611882
19111	16367	16986	12	1862206	0.0106675921611882
19111	16827	17033	13	1906748	0.0106675921611882
19111	16955	17056	14	1928899	0.0106675921611882
19111	17102	17067	15	1942135	0.0106675921611882
19111	17251	17073	16	1954232	0.0106675921611882
19111	17345	17076	17	1963522	0.0106675921611882
19113	0	1370	0	15	0.0718545071900148
19113	4382	3097	1	62084	0.0718545071900148
19113	15313	6897	2	194216	0.0718545071900148
19113	47388	14870	3	638757	0.0718545071900148
19113	83299	30049	4	1111696	0.0718545071900148
19113	108045	54242	5	1390926	0.0718545071900148
19113	119518	83685	6	1518079	0.0718545071900148
19113	123044	109706	7	1566349	0.0718545071900148
19113	128304	126956	8	1637178	0.0718545071900148
19113	132568	136322	9	1705332	0.0718545071900148
19113	135987	140863	10	1752613	0.0718545071900148
19113	138839	142944	11	1792626	0.0718545071900148
19113	144743	143873	12	1862206	0.0718545071900148
19113	147998	144283	13	1906748	0.0718545071900148
19113	149639	144462	14	1928899	0.0718545071900148
19113	150448	144541	15	1942135	0.0718545071900148
19113	151400	144575	16	1954232	0.0718545071900148
19113	152044	144590	17	1963522	0.0718545071900148
19115	0	109	0	15	0.00349754522086673
19115	109	225	1	62084	0.00349754522086673
19115	368	454	2	194216	0.00349754522086673
19115	2376	878	3	638757	0.00349754522086673
19115	3524	1575	4	1111696	0.00349754522086673
19115	4130	2524	5	1390926	0.00349754522086673
19115	4410	3532	6	1518079	0.00349754522086673
19115	4566	4358	7	1566349	0.00349754522086673
19115	4822	4901	8	1637178	0.00349754522086673
19115	5070	5209	9	1705332	0.00349754522086673
19115	5245	5368	10	1752613	0.00349754522086673
19115	5393	5447	11	1792626	0.00349754522086673
19115	5526	5486	12	1862206	0.00349754522086673
19115	5695	5504	13	1906748	0.00349754522086673
19115	5773	5513	14	1928899	0.00349754522086673
19115	5818	5517	15	1942135	0.00349754522086673
19115	5857	5519	16	1954232	0.00349754522086673
19115	5893	5520	17	1963522	0.00349754522086673
19117	0	86	0	15	0.00272577153597226
19117	0	188	1	62084	0.00272577153597226
19117	271	396	2	194216	0.00272577153597226
19117	1457	786	3	638757	0.00272577153597226
19117	2369	1406	4	1111696	0.00272577153597226
19117	2916	2175	5	1390926	0.00272577153597226
19117	3127	2881	6	1518079	0.00272577153597226
19117	3241	3371	7	1566349	0.00272577153597226
19117	3362	3649	8	1637178	0.00272577153597226
19117	3493	3789	9	1705332	0.00272577153597226
19117	3603	3855	10	1752613	0.00272577153597226
19117	3692	3885	11	1792626	0.00272577153597226
19117	3780	3899	12	1862206	0.00272577153597226
19117	3823	3905	13	1906748	0.00272577153597226
19117	3856	3908	14	1928899	0.00272577153597226
19117	3882	3910	15	1942135	0.00272577153597226
19117	3901	3910	16	1954232	0.00272577153597226
19117	3907	3910	17	1963522	0.00272577153597226
19119	0	232	0	15	0.00372574934945976
19119	216	484	1	62084	0.00372574934945976
19119	556	952	2	194216	0.00372574934945976
19119	2013	1694	3	638757	0.00372574934945976
19119	3170	2620	4	1111696	0.00372574934945976
19119	3683	3483	5	1390926	0.00372574934945976
19119	3835	4095	6	1518079	0.00372574934945976
19119	3927	4449	7	1566349	0.00372574934945976
19119	4091	4631	8	1637178	0.00372574934945976
19119	4260	4718	9	1705332	0.00372574934945976
19119	4377	4758	10	1752613	0.00372574934945976
19119	4489	4777	11	1792626	0.00372574934945976
19119	4618	4786	12	1862206	0.00372574934945976
19119	4728	4790	13	1906748	0.00372574934945976
19119	4792	4791	14	1928899	0.00372574934945976
19119	4841	4792	15	1942135	0.00372574934945976
19119	4870	4792	16	1954232	0.00372574934945976
19119	4911	4793	17	1963522	0.00372574934945976
19121	0	170	0	15	0.00517833201799009
19121	267	357	1	62084	0.00517833201799009
19121	787	730	2	194216	0.00517833201799009
19121	2880	1427	3	638757	0.00517833201799009
19121	4869	2567	4	1111696	0.00517833201799009
19121	6393	4089	5	1390926	0.00517833201799009
19121	6931	5651	6	1518079	0.00517833201799009
19121	7125	6873	7	1566349	0.00517833201799009
19121	7478	7644	8	1637178	0.00517833201799009
19121	7795	8065	9	1705332	0.00517833201799009
19121	8023	8277	10	1752613	0.00517833201799009
19121	8194	8380	11	1792626	0.00517833201799009
19121	8469	8429	12	1862206	0.00517833201799009
19121	8657	8452	13	1906748	0.00517833201799009
19121	8753	8463	14	1928899	0.00517833201799009
19121	8804	8468	15	1942135	0.00517833201799009
19121	8843	8470	16	1954232	0.00517833201799009
19121	8877	8471	17	1963522	0.00517833201799009
19123	0	239	0	15	0.0070030141961985
19123	222	479	1	62084	0.0070030141961985
19123	710	938	2	194216	0.0070030141961985
19123	3541	1753	3	638757	0.0070030141961985
19123	5520	3034	4	1111696	0.0070030141961985
19123	6966	4704	5	1390926	0.0070030141961985
19123	7434	6420	6	1518079	0.0070030141961985
19123	7700	7803	7	1566349	0.0070030141961985
19123	8086	8715	8	1637178	0.0070030141961985
19123	8500	9240	9	1705332	0.0070030141961985
19123	8805	9518	10	1752613	0.0070030141961985
19123	9031	9660	11	1792626	0.0070030141961985
19123	9302	9730	12	1862206	0.0070030141961985
19123	9556	9764	13	1906748	0.0070030141961985
19123	9690	9781	14	1928899	0.0070030141961985
19123	9764	9789	15	1942135	0.0070030141961985
19123	9815	9793	16	1954232	0.0070030141961985
19123	9861	9795	17	1963522	0.0070030141961985
19125	0	485	0	15	0.0105395442890332
19125	572	1040	1	62084	0.0105395442890332
19125	1459	2149	2	194216	0.0105395442890332
19125	6840	4131	3	638757	0.0105395442890332
19125	10505	7066	4	1111696	0.0105395442890332
19125	12898	10388	5	1390926	0.0105395442890332
19125	13780	13178	6	1518079	0.0105395442890332
19125	14142	14992	7	1566349	0.0105395442890332
19125	14848	15982	8	1637178	0.0105395442890332
19125	15542	16471	9	1705332	0.0105395442890332
19125	16022	16702	10	1752613	0.0105395442890332
19125	16463	16808	11	1792626	0.0105395442890332
19125	16947	16856	12	1862206	0.0105395442890332
19125	17309	16878	13	1906748	0.0105395442890332
19125	17478	16888	14	1928899	0.0105395442890332
19125	17572	16892	15	1942135	0.0105395442890332
19125	17647	16894	16	1954232	0.0105395442890332
19125	17714	16895	17	1963522	0.0105395442890332
19127	0	664	0	15	0.0124780115813595
19127	360	1288	1	62084	0.0124780115813595
19127	2144	2432	2	194216	0.0124780115813595
19127	7674	4390	3	638757	0.0124780115813595
19127	12875	7364	4	1111696	0.0124780115813595
19127	17289	11155	5	1390926	0.0124780115813595
19127	19376	15041	6	1518079	0.0124780115813595
19127	20181	18227	7	1566349	0.0124780115813595
19127	21179	20394	8	1637178	0.0124780115813595
19127	22126	21687	9	1705332	0.0124780115813595
19127	23032	22400	10	1752613	0.0124780115813595
19127	23577	22776	11	1792626	0.0124780115813595
19127	24494	22969	12	1862206	0.0124780115813595
19127	25247	23067	13	1906748	0.0124780115813595
19127	25609	23117	14	1928899	0.0124780115813595
19127	25859	23142	15	1942135	0.0124780115813595
19127	26034	23154	16	1954232	0.0124780115813595
19127	26179	23161	17	1963522	0.0124780115813595
19129	0	172	0	15	0.00478880024848894
19129	262	342	1	62084	0.00478880024848894
19129	1051	664	2	194216	0.00478880024848894
19129	2920	1239	3	638757	0.00478880024848894
19129	4771	2164	4	1111696	0.00478880024848894
19129	5722	3424	5	1390926	0.00478880024848894
19129	6418	4801	6	1518079	0.00478880024848894
19129	6602	5989	7	1566349	0.00478880024848894
19129	7015	6821	8	1637178	0.00478880024848894
19129	7301	7322	9	1705332	0.00478880024848894
19129	7466	7597	10	1752613	0.00478880024848894
19129	7587	7741	11	1792626	0.00478880024848894
19129	7759	7813	12	1862206	0.00478880024848894
19129	8159	7850	13	1906748	0.00478880024848894
19129	8274	7868	14	1928899	0.00478880024848894
19129	8478	7877	15	1942135	0.00478880024848894
19129	8548	7881	16	1954232	0.00478880024848894
19129	8587	7883	17	1963522	0.00478880024848894
19131	0	136	0	15	0.00335523459067469
19131	209	317	1	62084	0.00335523459067469
19131	478	708	2	194216	0.00335523459067469
19131	2027	1439	3	638757	0.00335523459067469
19131	3524	2506	4	1111696	0.00335523459067469
19131	3916	3613	5	1390926	0.00335523459067469
19131	4145	4418	6	1518079	0.00335523459067469
19131	4248	4866	7	1566349	0.00335523459067469
19131	4407	5078	8	1637178	0.00335523459067469
19131	4674	5171	9	1705332	0.00335523459067469
19131	4759	5210	10	1752613	0.00335523459067469
19131	4852	5227	11	1792626	0.00335523459067469
19131	4999	5234	12	1862206	0.00335523459067469
19131	5077	5237	13	1906748	0.00335523459067469
19131	5132	5238	14	1928899	0.00335523459067469
19131	5152	5238	15	1942135	0.00335523459067469
19131	5175	5238	16	1954232	0.00335523459067469
19131	5185	5238	17	1963522	0.00335523459067469
19133	0	132	0	15	0.00273052578865128
19133	183	301	1	62084	0.00273052578865128
19133	587	651	2	194216	0.00273052578865128
19133	1539	1280	3	638757	0.00273052578865128
19133	3120	2161	4	1111696	0.00273052578865128
19133	3544	3045	5	1390926	0.00273052578865128
19133	3800	3680	6	1518079	0.00273052578865128
19133	3871	4036	7	1566349	0.00273052578865128
19133	4023	4208	8	1637178	0.00273052578865128
19133	4207	4285	9	1705332	0.00273052578865128
19133	4292	4318	10	1752613	0.00273052578865128
19133	4365	4332	11	1792626	0.00273052578865128
19133	4485	4338	12	1862206	0.00273052578865128
19133	4559	4341	13	1906748	0.00273052578865128
19133	4595	4342	14	1928899	0.00273052578865128
19133	4627	4342	15	1942135	0.00273052578865128
19133	4649	4342	16	1954232	0.00273052578865128
19133	4664	4342	17	1963522	0.00273052578865128
19135	0	86	0	15	0.00244273502648119
19135	104	182	1	62084	0.00244273502648119
19135	441	374	2	194216	0.00244273502648119
19135	1609	722	3	638757	0.00244273502648119
19135	2309	1264	4	1111696	0.00244273502648119
19135	2665	1928	5	1390926	0.00244273502648119
19135	2855	2541	6	1518079	0.00244273502648119
19135	2941	2975	7	1566349	0.00244273502648119
19135	3071	3229	8	1637178	0.00244273502648119
19135	3163	3360	9	1705332	0.00244273502648119
19135	3242	3424	10	1752613	0.00244273502648119
19135	3315	3455	11	1792626	0.00244273502648119
19135	3415	3469	12	1862206	0.00244273502648119
19135	3477	3475	13	1906748	0.00244273502648119
19135	3538	3478	14	1928899	0.00244273502648119
19135	3564	3479	15	1942135	0.00244273502648119
19135	3576	3480	16	1954232	0.00244273502648119
19135	3587	3480	17	1963522	0.00244273502648119
19137	0	237	0	15	0.00314319492119034
19137	267	459	1	62084	0.00314319492119034
19137	764	851	2	194216	0.00314319492119034
19137	1932	1470	3	638757	0.00314319492119034
19137	3579	2289	4	1111696	0.00314319492119034
19137	4139	3155	5	1390926	0.00314319492119034
19137	4408	3876	6	1518079	0.00314319492119034
19137	4501	4368	7	1566349	0.00314319492119034
19137	4722	4659	8	1637178	0.00314319492119034
19137	4938	4817	9	1705332	0.00314319492119034
19137	5087	4898	10	1752613	0.00314319492119034
19137	5183	4940	11	1792626	0.00314319492119034
19137	5326	4960	12	1862206	0.00314319492119034
19137	5456	4971	13	1906748	0.00314319492119034
19137	5533	4976	14	1928899	0.00314319492119034
19137	5575	4978	15	1942135	0.00314319492119034
19137	5621	4979	16	1954232	0.00314319492119034
19137	5652	4980	17	1963522	0.00314319492119034
19139	0	306	0	15	0.0135223624198512
19139	621	671	1	62084	0.0135223624198512
19139	1424	1445	2	194216	0.0135223624198512
19139	7817	2999	3	638757	0.0135223624198512
19139	14384	5800	4	1111696	0.0135223624198512
19139	18235	9994	5	1390926	0.0135223624198512
19139	19928	14802	6	1518079	0.0135223624198512
19139	20766	18883	7	1566349	0.0135223624198512
19139	21690	21553	8	1637178	0.0135223624198512
19139	22495	23015	9	1705332	0.0135223624198512
19139	23157	23738	10	1752613	0.0135223624198512
19139	23875	24078	11	1792626	0.0135223624198512
19139	24805	24234	12	1862206	0.0135223624198512
19139	25396	24304	13	1906748	0.0135223624198512
19139	25658	24336	14	1928899	0.0135223624198512
19139	25834	24351	15	1942135	0.0135223624198512
19139	25995	24357	16	1954232	0.0135223624198512
19139	26079	24360	17	1963522	0.0135223624198512
19141	0	268	0	15	0.00435901580630541
19141	352	570	1	62084	0.00435901580630541
19141	1089	1149	2	194216	0.00435901580630541
19141	3075	2104	3	638757	0.00435901580630541
19141	4678	3347	4	1111696	0.00435901580630541
19141	5341	4547	5	1390926	0.00435901580630541
19141	5647	5416	6	1518079	0.00435901580630541
19141	5791	5921	7	1566349	0.00435901580630541
19141	5989	6179	8	1637178	0.00435901580630541
19141	6226	6301	9	1705332	0.00435901580630541
19141	6438	6357	10	1752613	0.00435901580630541
19141	6555	6383	11	1792626	0.00435901580630541
19141	6708	6394	12	1862206	0.00435901580630541
19141	6802	6400	13	1906748	0.00435901580630541
19141	6857	6402	14	1928899	0.00435901580630541
19141	6896	6403	15	1942135	0.00435901580630541
19141	6931	6403	16	1954232	0.00435901580630541
19141	6955	6404	17	1963522	0.00435901580630541
19143	0	74	0	15	0.00188838916410729
19143	74	167	1	62084	0.00188838916410729
19143	225	356	2	194216	0.00188838916410729
19143	1138	699	3	638757	0.00188838916410729
19143	1853	1192	4	1111696	0.00188838916410729
19143	2120	1710	5	1390926	0.00188838916410729
19143	2233	2104	6	1518079	0.00188838916410729
19143	2301	2335	7	1566349	0.00188838916410729
19143	2376	2451	8	1637178	0.00188838916410729
19143	2435	2504	9	1705332	0.00188838916410729
19143	2481	2528	10	1752613	0.00188838916410729
19143	2542	2538	11	1792626	0.00188838916410729
19143	2605	2542	12	1862206	0.00188838916410729
19143	2633	2544	13	1906748	0.00188838916410729
19143	2665	2545	14	1928899	0.00188838916410729
19143	2680	2546	15	1942135	0.00188838916410729
19143	2692	2546	16	1954232	0.00188838916410729
19143	2708	2546	17	1963522	0.00188838916410729
19145	0	173	0	15	0.00478816634813174
19145	466	362	1	62084	0.00478816634813174
19145	1052	735	2	194216	0.00478816634813174
19145	3326	1416	3	638757	0.00478816634813174
19145	5141	2492	4	1111696	0.00478816634813174
19145	6063	3859	5	1390926	0.00478816634813174
19145	6437	5186	6	1518079	0.00478816634813174
19145	6599	6176	7	1566349	0.00478816634813174
19145	6858	6779	8	1637178	0.00478816634813174
19145	7101	7103	9	1705332	0.00478816634813174
19145	7308	7264	10	1752613	0.00478816634813174
19145	7495	7342	11	1792626	0.00478816634813174
19145	7685	7379	12	1862206	0.00478816634813174
19145	7905	7396	13	1906748	0.00478816634813174
19145	7987	7404	14	1928899	0.00478816634813174
19145	8032	7408	15	1942135	0.00478816634813174
19145	8081	7410	16	1954232	0.00478816634813174
19145	8109	7411	17	1963522	0.00478816634813174
19147	0	136	0	15	0.00281641928705227
19147	280	299	1	62084	0.00281641928705227
19147	646	631	2	194216	0.00281641928705227
19147	1739	1220	3	638757	0.00281641928705227
19147	3032	2057	4	1111696	0.00281641928705227
19147	3459	2933	5	1390926	0.00281641928705227
19147	3632	3601	6	1518079	0.00281641928705227
19147	3734	3999	7	1566349	0.00281641928705227
19147	3861	4200	8	1637178	0.00281641928705227
19147	4027	4295	9	1705332	0.00281641928705227
19147	4130	4337	10	1752613	0.00281641928705227
19147	4220	4356	11	1792626	0.00281641928705227
19147	4350	4364	12	1862206	0.00281641928705227
19147	4425	4368	13	1906748	0.00281641928705227
19147	4481	4369	14	1928899	0.00281641928705227
19147	4505	4370	15	1942135	0.00281641928705227
19147	4532	4370	16	1954232	0.00281641928705227
19147	4544	4370	17	1963522	0.00281641928705227
19149	0	324	0	15	0.00797985464664809
19149	395	692	1	62084	0.00797985464664809
19149	1218	1427	2	194216	0.00797985464664809
19149	6555	2757	3	638757	0.00797985464664809
19149	8833	4781	4	1111696	0.00797985464664809
19149	9748	7171	5	1390926	0.00797985464664809
19149	10427	9279	6	1518079	0.00797985464664809
19149	10710	10708	7	1566349	0.00797985464664809
19149	11162	11514	8	1637178	0.00797985464664809
19149	11667	11921	9	1705332	0.00797985464664809
19149	12003	12116	10	1752613	0.00797985464664809
19149	12273	12207	11	1792626	0.00797985464664809
19149	12628	12248	12	1862206	0.00797985464664809
19149	12946	12267	13	1906748	0.00797985464664809
19149	13103	12276	14	1928899	0.00797985464664809
19149	13186	12280	15	1942135	0.00797985464664809
19149	13240	12282	16	1954232	0.00797985464664809
19149	13294	12282	17	1963522	0.00797985464664809
19151	0	117	0	15	0.00209789323216284
19151	151	252	1	62084	0.00209789323216284
19151	344	518	2	194216	0.00209789323216284
19151	1372	972	3	638757	0.00209789323216284
19151	2207	1589	4	1111696	0.00209789323216284
19151	2631	2210	5	1390926	0.00209789323216284
19151	2763	2672	6	1518079	0.00209789323216284
19151	2871	2945	7	1566349	0.00209789323216284
19151	3004	3084	8	1637178	0.00209789323216284
19151	3131	3150	9	1705332	0.00209789323216284
19151	3226	3180	10	1752613	0.00209789323216284
19151	3284	3193	11	1792626	0.00209789323216284
19151	3349	3199	12	1862206	0.00209789323216284
19151	3391	3202	13	1906748	0.00209789323216284
19151	3420	3203	14	1928899	0.00209789323216284
19151	3441	3204	15	1942135	0.00209789323216284
19151	3461	3204	16	1954232	0.00209789323216284
19151	3475	3204	17	1963522	0.00209789323216284
19153	0	1976	0	15	0.155356616493453
19153	7331	4151	1	62084	0.155356616493453
19153	32504	8655	2	194216	0.155356616493453
19153	83682	17764	3	638757	0.155356616493453
19153	159601	35345	4	1111696	0.155356616493453
19153	221935	66410	5	1390926	0.155356616493453
19153	249253	113595	6	1518079	0.155356616493453
19153	259330	171030	7	1566349	0.155356616493453
19153	272436	224734	8	1637178	0.155356616493453
19153	284809	263899	9	1705332	0.155356616493453
19153	292774	287586	10	1752613	0.155356616493453
19153	300107	300327	11	1792626	0.155356616493453
19153	315045	306750	12	1862206	0.155356616493453
19153	323126	309883	13	1906748	0.155356616493453
19153	327596	311386	14	1928899	0.155356616493453
19153	330015	312101	15	1942135	0.155356616493453
19153	332012	312440	16	1954232	0.155356616493453
19153	333457	312601	17	1963522	0.155356616493453
19155	0	557	0	15	0.0295416583467245
19155	1778	1107	1	62084	0.0295416583467245
19155	5882	2177	2	194216	0.0295416583467245
19155	17474	4193	3	638757	0.0295416583467245
19155	29651	7781	4	1111696	0.0295416583467245
19155	36205	13557	5	1390926	0.0295416583467245
19155	40307	21506	6	1518079	0.0295416583467245
19155	41818	30373	7	1566349	0.0295416583467245
19155	44232	38217	8	1637178	0.0295416583467245
19155	46386	43855	9	1705332	0.0295416583467245
19155	47696	47333	10	1752613	0.0295416583467245
19155	48765	49278	11	1792626	0.0295416583467245
19155	50550	50307	12	1862206	0.0295416583467245
19155	51978	50836	13	1906748	0.0295416583467245
19155	52839	51103	14	1928899	0.0295416583467245
19155	53306	51237	15	1942135	0.0295416583467245
19155	53766	51304	16	1954232	0.0295416583467245
19155	54097	51338	17	1963522	0.0295416583467245
19157	0	211	0	15	0.00586484610484078
19157	260	486	1	62084	0.00586484610484078
19157	910	1083	2	194216	0.00586484610484078
19157	3655	2244	3	638757	0.00586484610484078
19157	6079	4101	4	1111696	0.00586484610484078
19157	8113	6304	5	1390926	0.00586484610484078
19157	8727	8152	6	1518079	0.00586484610484078
19157	8936	9303	7	1566349	0.00586484610484078
19157	9265	9893	8	1637178	0.00586484610484078
19157	9610	10166	9	1705332	0.00586484610484078
19157	9872	10285	10	1752613	0.00586484610484078
19157	10138	10336	11	1792626	0.00586484610484078
19157	10514	10358	12	1862206	0.00586484610484078
19157	10657	10367	13	1906748	0.00586484610484078
19157	10749	10371	14	1928899	0.00586484610484078
19157	10788	10373	15	1942135	0.00586484610484078
19157	10837	10374	16	1954232	0.00586484610484078
19157	10900	10374	17	1963522	0.00586484610484078
19159	0	87	0	15	0.00155115417407538
19159	129	184	1	62084	0.00155115417407538
19159	356	374	2	194216	0.00155115417407538
19159	1207	698	3	638757	0.00155115417407538
19159	1702	1142	4	1111696	0.00155115417407538
19159	1921	1600	5	1390926	0.00155115417407538
19159	2042	1952	6	1518079	0.00155115417407538
19159	2077	2166	7	1566349	0.00155115417407538
19159	2166	2279	8	1637178	0.00155115417407538
19159	2250	2334	9	1705332	0.00155115417407538
19159	2323	2359	10	1752613	0.00155115417407538
19159	2368	2371	11	1792626	0.00155115417407538
19159	2469	2376	12	1862206	0.00155115417407538
19159	2521	2379	13	1906748	0.00155115417407538
19159	2542	2380	14	1928899	0.00155115417407538
19159	2559	2380	15	1942135	0.00155115417407538
19159	2568	2380	16	1954232	0.00155115417407538
19159	2586	2380	17	1963522	0.00155115417407538
19161	0	173	0	15	0.00308107268618446
19161	279	381	1	62084	0.00308107268618446
19161	566	793	2	194216	0.00308107268618446
19161	2463	1500	3	638757	0.00308107268618446
19161	3458	2445	4	1111696	0.00308107268618446
19161	3940	3365	5	1390926	0.00308107268618446
19161	4120	4021	6	1518079	0.00308107268618446
19161	4185	4393	7	1566349	0.00308107268618446
19161	4363	4577	8	1637178	0.00308107268618446
19161	4566	4662	9	1705332	0.00308107268618446
19161	4709	4700	10	1752613	0.00308107268618446
19161	4825	4716	11	1792626	0.00308107268618446
19161	4951	4724	12	1862206	0.00308107268618446
19161	5024	4727	13	1906748	0.00308107268618446
19161	5076	4728	14	1928899	0.00308107268618446
19161	5112	4729	15	1942135	0.00308107268618446
19161	5137	4729	16	1954232	0.00308107268618446
19161	5153	4729	17	1963522	0.00308107268618446
19163	0	794	0	15	0.0548143147378664
19163	2689	1676	1	62084	0.0548143147378664
19163	8342	3506	2	194216	0.0548143147378664
19163	34115	7191	3	638757	0.0548143147378664
19163	61108	14190	4	1111696	0.0548143147378664
19163	72600	26127	5	1390926	0.0548143147378664
19163	80156	43177	6	1518079	0.0548143147378664
19163	82878	62243	7	1566349	0.0548143147378664
19163	86509	78518	8	1637178	0.0548143147378664
19163	90049	89503	9	1705332	0.0548143147378664
19163	92706	95794	10	1752613	0.0548143147378664
19163	95127	99062	11	1792626	0.0548143147378664
19163	98707	100675	12	1862206	0.0548143147378664
19163	103104	101450	13	1906748	0.0548143147378664
19163	103884	101818	14	1928899	0.0548143147378664
19163	104636	101991	15	1942135	0.0548143147378664
19163	105551	102073	16	1954232	0.0548143147378664
19163	106296	102111	17	1963522	0.0548143147378664
19165	0	193	0	15	0.00363034734570073
19165	360	425	1	62084	0.00363034734570073
19165	858	893	2	194216	0.00363034734570073
19165	2831	1720	3	638757	0.00363034734570073
19165	4292	2884	4	1111696	0.00363034734570073
19165	5272	4095	5	1390926	0.00363034734570073
19165	5530	5013	6	1518079	0.00363034734570073
19165	5658	5556	7	1566349	0.00363034734570073
19165	5893	5833	8	1637178	0.00363034734570073
19165	6113	5962	9	1705332	0.00363034734570073
19165	6259	6020	10	1752613	0.00363034734570073
19165	6362	6046	11	1792626	0.00363034734570073
19165	6520	6057	12	1862206	0.00363034734570073
19165	6649	6062	13	1906748	0.00363034734570073
19165	6714	6064	14	1928899	0.00363034734570073
19165	6753	6065	15	1942135	0.00363034734570073
19165	6793	6066	16	1954232	0.00363034734570073
19165	6835	6066	17	1963522	0.00363034734570073
19167	0	694	0	15	0.0110472984751527
19167	532	1416	1	62084	0.0110472984751527
19167	1816	2736	2	194216	0.0110472984751527
19167	6081	4830	3	638757	0.0110472984751527
19167	9266	7493	4	1111696	0.0110472984751527
19167	10827	10072	5	1390926	0.0110472984751527
19167	11467	11989	6	1518079	0.0110472984751527
19167	11804	13152	7	1566349	0.0110472984751527
19167	12294	13772	8	1637178	0.0110472984751527
19167	12881	14081	9	1705332	0.0110472984751527
19167	13349	14229	10	1752613	0.0110472984751527
19167	13630	14299	11	1792626	0.0110472984751527
19167	13956	14332	12	1862206	0.0110472984751527
19167	14201	14347	13	1906748	0.0110472984751527
19167	14403	14354	14	1928899	0.0110472984751527
19167	14498	14357	15	1942135	0.0110472984751527
19167	14559	14359	16	1954232	0.0110472984751527
19167	14633	14360	17	1963522	0.0110472984751527
19169	0	517	0	15	0.0307812504952347
19169	1493	1232	1	62084	0.0307812504952347
19169	4771	2886	2	194216	0.0307812504952347
19169	15563	6519	3	638757	0.0307812504952347
19169	31779	13649	4	1111696	0.0307812504952347
19169	44792	24998	5	1390926	0.0307812504952347
19169	49175	38170	6	1518079	0.0307812504952347
19169	50389	48854	7	1566349	0.0307812504952347
19169	52150	55275	8	1637178	0.0307812504952347
19169	54300	58465	9	1705332	0.0307812504952347
19169	55321	59899	10	1752613	0.0307812504952347
19169	56391	60516	11	1792626	0.0307812504952347
19169	59066	60775	12	1862206	0.0307812504952347
19169	60181	60883	13	1906748	0.0307812504952347
19169	60785	60929	14	1928899	0.0307812504952347
19169	61126	60947	15	1942135	0.0307812504952347
19169	61414	60955	16	1954232	0.0307812504952347
19169	61667	60958	17	1963522	0.0307812504952347
19171	0	150	0	15	0.00534187831014843
19171	187	325	1	62084	0.00534187831014843
19171	853	688	2	194216	0.00534187831014843
19171	4242	1396	3	638757	0.00534187831014843
19171	6350	2616	4	1111696	0.00534187831014843
19171	7685	4330	5	1390926	0.00534187831014843
19171	8222	6161	6	1518079	0.00534187831014843
19171	8507	7620	7	1566349	0.00534187831014843
19171	8876	8537	8	1637178	0.00534187831014843
19171	9307	9029	9	1705332	0.00534187831014843
19171	9579	9271	10	1752613	0.00534187831014843
19171	9814	9385	11	1792626	0.00534187831014843
19171	10088	9438	12	1862206	0.00534187831014843
19171	10301	9462	13	1906748	0.00534187831014843
19171	10435	9473	14	1928899	0.00534187831014843
19171	10535	9478	15	1942135	0.00534187831014843
19171	10575	9480	16	1954232	0.00534187831014843
19171	10620	9481	17	1963522	0.00534187831014843
19173	0	72	0	15	0.00194005204321933
19173	87	160	1	62084	0.00194005204321933
19173	314	342	2	194216	0.00194005204321933
19173	1365	676	3	638757	0.00194005204321933
19173	2022	1175	4	1111696	0.00194005204321933
19173	2209	1731	5	1390926	0.00194005204321933
19173	2322	2180	6	1518079	0.00194005204321933
19173	2375	2458	7	1566349	0.00194005204321933
19173	2479	2603	8	1637178	0.00194005204321933
19173	2565	2671	9	1705332	0.00194005204321933
19173	2632	2702	10	1752613	0.00194005204321933
19173	2692	2716	11	1792626	0.00194005204321933
19173	2765	2722	12	1862206	0.00194005204321933
19173	2832	2725	13	1906748	0.00194005204321933
19173	2852	2726	14	1928899	0.00194005204321933
19173	2865	2726	15	1942135	0.00194005204321933
19173	2879	2726	16	1954232	0.00194005204321933
19173	2890	2727	17	1963522	0.00194005204321933
19175	0	113	0	15	0.00387978713626005
19175	193	244	1	62084	0.00387978713626005
19175	486	515	2	194216	0.00387978713626005
19175	2002	1033	3	638757	0.00387978713626005
19175	3767	1896	4	1111696	0.00387978713626005
19175	4623	3044	5	1390926	0.00387978713626005
19175	4943	4190	6	1518079	0.00387978713626005
19175	5085	5050	7	1566349	0.00387978713626005
19175	5312	5565	8	1637178	0.00387978713626005
19175	5567	5834	9	1705332	0.00387978713626005
19175	5736	5964	10	1752613	0.00387978713626005
19175	5863	6025	11	1792626	0.00387978713626005
19175	6041	6053	12	1862206	0.00387978713626005
19175	6158	6066	13	1906748	0.00387978713626005
19175	6231	6072	14	1928899	0.00387978713626005
19175	6257	6074	15	1942135	0.00387978713626005
19175	6286	6075	16	1954232	0.00387978713626005
19175	6310	6076	17	1963522	0.00387978713626005
19177	0	114	0	15	0.00223259705806844
19177	0	244	1	62084	0.00223259705806844
19177	275	498	2	194216	0.00223259705806844
19177	983	928	3	638757	0.00223259705806844
19177	1902	1510	4	1111696	0.00223259705806844
19177	2170	2095	5	1390926	0.00223259705806844
19177	2295	2533	6	1518079	0.00223259705806844
19177	2371	2793	7	1566349	0.00223259705806844
19177	2473	2928	8	1637178	0.00223259705806844
19177	2609	2992	9	1705332	0.00223259705806844
19177	2726	3021	10	1752613	0.00223259705806844
19177	2793	3034	11	1792626	0.00223259705806844
19177	2862	3040	12	1862206	0.00223259705806844
19177	2906	3043	13	1906748	0.00223259705806844
19177	2933	3044	14	1928899	0.00223259705806844
19177	2954	3045	15	1942135	0.00223259705806844
19177	2969	3045	16	1954232	0.00223259705806844
19177	2977	3045	17	1963522	0.00223259705806844
19179	0	640	0	15	0.0110834307955133
19179	278	1244	1	62084	0.0110834307955133
19179	1068	2338	2	194216	0.0110834307955133
19179	6125	4145	3	638757	0.0110834307955133
19179	10066	6720	4	1111696	0.0110834307955133
19179	12047	9712	5	1390926	0.0110834307955133
19179	13189	12463	6	1518079	0.0110834307955133
19179	13728	14501	7	1566349	0.0110834307955133
19179	14373	15780	8	1637178	0.0110834307955133
19179	15101	16503	9	1705332	0.0110834307955133
19179	15686	16886	10	1752613	0.0110834307955133
19179	16095	17082	11	1792626	0.0110834307955133
19179	16593	17182	12	1862206	0.0110834307955133
19179	16930	17231	13	1906748	0.0110834307955133
19179	17186	17256	14	1928899	0.0110834307955133
19179	17395	17268	15	1942135	0.0110834307955133
19179	17523	17274	16	1954232	0.0110834307955133
19179	17611	17277	17	1963522	0.0110834307955133
19181	0	449	0	15	0.016312157891901
19181	800	941	1	62084	0.016312157891901
19181	3234	1936	2	194216	0.016312157891901
19181	9262	3842	3	638757	0.016312157891901
19181	16041	7133	4	1111696	0.016312157891901
19181	21629	11923	5	1390926	0.016312157891901
19181	23829	17403	6	1518079	0.016312157891901
19181	24566	22182	7	1566349	0.016312157891901
19181	25793	25460	8	1637178	0.016312157891901
19181	26849	27355	9	1705332	0.016312157891901
19181	27571	28345	10	1752613	0.016312157891901
19181	28249	28833	11	1792626	0.016312157891901
19181	29574	29069	12	1862206	0.016312157891901
19181	30237	29180	13	1906748	0.016312157891901
19181	30589	29233	14	1928899	0.016312157891901
19181	30739	29257	15	1942135	0.016312157891901
19181	30895	29269	16	1954232	0.016312157891901
19181	31025	29275	17	1963522	0.016312157891901
19183	0	197	0	15	0.00696181067298031
19183	591	431	1	62084	0.00696181067298031
19183	1349	921	2	194216	0.00696181067298031
19183	4408	1876	3	638757	0.00696181067298031
19183	7509	3510	4	1111696	0.00696181067298031
19183	9264	5763	5	1390926	0.00696181067298031
19183	10024	8097	6	1518079	0.00696181067298031
19183	10306	9896	7	1566349	0.00696181067298031
19183	10708	10992	8	1637178	0.00696181067298031
19183	11151	11567	9	1705332	0.00696181067298031
19183	11423	11845	10	1752613	0.00696181067298031
19183	11641	11974	11	1792626	0.00696181067298031
19183	12000	12033	12	1862206	0.00696181067298031
19183	12210	12060	13	1906748	0.00696181067298031
19183	12340	12072	14	1928899	0.00696181067298031
19183	12398	12077	15	1942135	0.00696181067298031
19183	12475	12080	16	1954232	0.00696181067298031
19183	12528	12081	17	1963522	0.00696181067298031
19185	0	73	0	15	0.00204147610037178
19185	0	150	1	62084	0.00204147610037178
19185	309	299	2	194216	0.00204147610037178
19185	1039	566	3	638757	0.00204147610037178
19185	1760	975	4	1111696	0.00204147610037178
19185	1957	1480	5	1390926	0.00204147610037178
19185	2067	1959	6	1518079	0.00204147610037178
19185	2185	2312	7	1566349	0.00204147610037178
19185	2276	2526	8	1637178	0.00204147610037178
19185	2396	2641	9	1705332	0.00204147610037178
19185	2456	2700	10	1752613	0.00204147610037178
19185	2519	2728	11	1792626	0.00204147610037178
19185	2596	2742	12	1862206	0.00204147610037178
19185	2645	2748	13	1906748	0.00204147610037178
19185	2682	2751	14	1928899	0.00204147610037178
19185	2697	2752	15	1942135	0.00204147610037178
19185	2707	2753	16	1954232	0.00204147610037178
19185	2717	2753	17	1963522	0.00204147610037178
19187	0	330	0	15	0.0113797792125056
19187	718	699	1	62084	0.0113797792125056
19187	2209	1446	2	194216	0.0113797792125056
19187	7209	2869	3	638757	0.0113797792125056
19187	12393	5277	4	1111696	0.0113797792125056
19187	14934	8637	5	1390926	0.0113797792125056
19187	16153	12253	6	1518079	0.0113797792125056
19187	16611	15204	7	1566349	0.0113797792125056
19187	17460	17115	8	1637178	0.0113797792125056
19187	18244	18174	9	1705332	0.0113797792125056
19187	18814	18711	10	1752613	0.0113797792125056
19187	19218	18970	11	1792626	0.0113797792125056
19187	19742	19093	12	1862206	0.0113797792125056
19187	20244	19151	13	1906748	0.0113797792125056
19187	20474	19177	14	1928899	0.0113797792125056
19187	20623	19190	15	1942135	0.0113797792125056
19187	20717	19196	16	1954232	0.0113797792125056
19187	20793	19198	17	1963522	0.0113797792125056
19189	0	128	0	15	0.00328170214923916
19189	0	308	1	62084	0.00328170214923916
19189	508	708	2	194216	0.00328170214923916
19189	1806	1473	3	638757	0.00328170214923916
19189	3531	2600	4	1111696	0.00328170214923916
19189	4147	3751	5	1390926	0.00328170214923916
19189	4407	4560	6	1518079	0.00328170214923916
19189	4511	4992	7	1566349	0.00328170214923916
19189	4684	5189	8	1637178	0.00328170214923916
19189	4832	5272	9	1705332	0.00328170214923916
19189	4965	5307	10	1752613	0.00328170214923916
19189	5099	5320	11	1792626	0.00328170214923916
19189	5223	5326	12	1862206	0.00328170214923916
19189	5320	5328	13	1906748	0.00328170214923916
19189	5367	5329	14	1928899	0.00328170214923916
19189	5386	5330	15	1942135	0.00328170214923916
19189	5429	5330	16	1954232	0.00328170214923916
19189	5453	5330	17	1963522	0.00328170214923916
19191	0	203	0	15	0.0063361510204211
19191	530	503	1	62084	0.0063361510204211
19191	1102	1198	2	194216	0.0063361510204211
19191	3368	2629	3	638757	0.0063361510204211
19191	7693	4964	4	1111696	0.0063361510204211
19191	9533	7632	5	1390926	0.0063361510204211
19191	10124	9679	6	1518079	0.0063361510204211
19191	10401	10822	7	1566349	0.0063361510204211
19191	10715	11350	8	1637178	0.0063361510204211
19191	11048	11572	9	1705332	0.0063361510204211
19191	11330	11661	10	1752613	0.0063361510204211
19191	11531	11697	11	1792626	0.0063361510204211
19191	12008	11711	12	1862206	0.0063361510204211
19191	12214	11717	13	1906748	0.0063361510204211
19191	12356	11719	14	1928899	0.0063361510204211
19191	12413	11720	15	1942135	0.0063361510204211
19191	12516	11720	16	1954232	0.0063361510204211
19191	12580	11720	17	1963522	0.0063361510204211
19193	0	1336	0	15	0.0326797820650572
19193	1494	2499	1	62084	0.0326797820650572
19193	5038	4586	2	194216	0.0326797820650572
19193	19891	8149	3	638757	0.0326797820650572
19193	34432	13739	4	1111696	0.0326797820650572
19193	39489	21434	5	1390926	0.0326797820650572
19193	42726	30326	6	1518079	0.0326797820650572
19193	44569	38739	7	1566349	0.0326797820650572
19193	47208	45320	8	1637178	0.0326797820650572
19193	49976	49745	9	1705332	0.0326797820650572
19193	51879	52424	10	1752613	0.0326797820650572
19193	53311	53944	11	1792626	0.0326797820650572
19193	55178	54776	12	1862206	0.0326797820650572
19193	56442	55222	13	1906748	0.0326797820650572
19193	57370	55458	14	1928899	0.0326797820650572
19193	57933	55583	15	1942135	0.0326797820650572
19193	58344	55648	16	1954232	0.0326797820650572
19193	58690	55682	17	1963522	0.0326797820650572
19195	0	94	0	15	0.00233940926825712
19195	0	212	1	62084	0.00233940926825712
19195	354	459	2	194216	0.00233940926825712
19195	1351	919	3	638757	0.00233940926825712
19195	2347	1618	4	1111696	0.00233940926825712
19195	2826	2404	5	1390926	0.00233940926825712
19195	3012	3039	6	1518079	0.00233940926825712
19195	3119	3428	7	1566349	0.00233940926825712
19195	3264	3627	8	1637178	0.00233940926825712
19195	3416	3720	9	1705332	0.00233940926825712
19195	3508	3762	10	1752613	0.00233940926825712
19195	3592	3780	11	1792626	0.00233940926825712
19195	3695	3788	12	1862206	0.00233940926825712
19195	3756	3791	13	1906748	0.00233940926825712
19195	3803	3793	14	1928899	0.00233940926825712
19195	3827	3793	15	1942135	0.00233940926825712
19195	3841	3794	16	1954232	0.00233940926825712
19195	3851	3794	17	1963522	0.00233940926825712
19197	0	128	0	15	0.00398152814359111
19197	201	278	1	62084	0.00398152814359111
19197	633	586	2	194216	0.00398152814359111
19197	2856	1173	3	638757	0.00398152814359111
19197	4642	2136	4	1111696	0.00398152814359111
19197	5323	3389	5	1390926	0.00398152814359111
19197	5743	4604	6	1518079	0.00398152814359111
19197	5880	5491	7	1566349	0.00398152814359111
19197	6153	6013	8	1637178	0.00398152814359111
19197	6419	6281	9	1705332	0.00398152814359111
19197	6581	6410	10	1752613	0.00398152814359111
19197	6694	6470	11	1792626	0.00398152814359111
19197	6932	6497	12	1862206	0.00398152814359111
19197	7042	6510	13	1906748	0.00398152814359111
19197	7144	6515	14	1928899	0.00398152814359111
19197	7190	6518	15	1942135	0.00398152814359111
19197	7243	6519	16	1954232	0.00398152814359111
19197	7274	6520	17	1963522	0.00398152814359111
