792	7
ID	16001	0	0.788723487501049	0	94	0.269484881635531
ID	16001	2.2	1.4855855932851	1	1275	0.269484881635531
ID	16001	10.5	2.76950862558117	2	2084	0.269484881635531
ID	16001	20.9	5.06750838846054	3	4053	0.269484881635531
ID	16001	34.8	8.97496578729031	4	9914	0.269484881635531
ID	16001	41.6	15.0735615296808	5	12858	0.269484881635531
ID	16001	44.8	23.4258831677589	6	14310	0.269484881635531
ID	16001	46.1	33.0286488730903	7	15145	0.269484881635531
ID	16001	48	42.0793858770932	8	16107	0.269484881635531
ID	16001	50.3	49.1456983988155	9	17619	0.269484881635531
ID	16001	52.3	53.8944767641605	10	18722	0.269484881635531
ID	16001	53.6	56.7728791193439	11	19377	0.269484881635531
ID	16001	54.4	58.4097203694292	12	19999	0.269484881635531
ID	16001	62.8	59.3069118589951	13	20900	0.269484881635531
ID	16001	63.7	59.7887863634588	14	21356	0.269484881635531
ID	16001	64	60.0447734403784	15	21531	0.269484881635531
ID	16001	64.4	60.1799696326935	16	21783	0.269484881635531
ID	16001	66.2	60.2511514043634	17	21924	0.269484881635531
ID	16003	0	1.15051317171065	0	94	0.00240282250505717
ID	16003	0.6	2.26969529766299	1	1275	0.00240282250505717
ID	16003	4.6	4.36492076717205	2	2084	0.00240282250505717
ID	16003	15.3	8.01669310609452	3	4053	0.00240282250505717
ID	16003	27.2	13.653133003756	4	9914	0.00240282250505717
ID	16003	31	20.90641132133	5	12858	0.00240282250505717
ID	16003	32.6	28.3341690854303	6	14310	0.00240282250505717
ID	16003	33.4	34.3576396309709	7	15145	0.00240282250505717
ID	16003	34.6	38.3841981152341	8	16107	0.00240282250505717
ID	16003	36.8	40.7402198297223	9	17619	0.00240282250505717
ID	16003	38.4	42.0127048823461	10	18722	0.00240282250505717
ID	16003	39.5	42.6703640817298	11	19377	0.00240282250505717
ID	16003	40.4	43.0025334094104	12	19999	0.00240282250505717
ID	16003	43	43.1683560852247	13	20900	0.00240282250505717
ID	16003	43.5	43.2506538013961	14	21356	0.00240282250505717
ID	16003	43.7	43.2913795360999	15	21531	0.00240282250505717
ID	16003	43.9	43.3115040197247	16	21783	0.00240282250505717
ID	16003	45.2	43.3214413894371	17	21924	0.00240282250505717
ID	16005	0	1.36718815018126	0	94	0.0491353140484537
ID	16005	1.1	2.30066313584111	1	1275	0.0491353140484537
ID	16005	8.2	3.82301566151236	2	2084	0.0491353140484537
ID	16005	16.9	6.22559572897079	3	4053	0.0491353140484537
ID	16005	28.3	9.82772826604064	4	9914	0.0491353140484537
ID	16005	33	14.8332585855278	5	12858	0.0491353140484537
ID	16005	35.5	21.1014861618899	6	14310	0.0491353140484537
ID	16005	36.6	28.0030662418904	7	15145	0.0491353140484537
ID	16005	38.5	34.6038342095603	8	16107	0.0491353140484537
ID	16005	40.3	40.1192232337787	9	17619	0.0491353140484537
ID	16005	42.1	44.2308320952931	10	18722	0.0491353140484537
ID	16005	43.6	47.0426404952589	11	19377	0.0491353140484537
ID	16005	44.7	48.8539603419707	12	19999	0.0491353140484537
ID	16005	50.4	49.9762418460687	13	20900	0.0491353140484537
ID	16005	51.4	50.6549113672894	14	21356	0.0491353140484537
ID	16005	52	51.0593050910941	15	21531	0.0491353140484537
ID	16005	52.5	51.2981518329695	16	21783	0.0491353140484537
ID	16005	53.6	51.4384872745748	17	21924	0.0491353140484537
ID	16007	0	2.54152916273969	0	94	0.00342740750896022
ID	16007	2	4.37494984576736	1	1275	0.00342740750896022
ID	16007	12.5	7.28698164311655	2	2084	0.00342740750896022
ID	16007	20.7	11.5433049865442	3	4053	0.00342740750896022
ID	16007	26.3	17.0650417911069	4	9914	0.00342740750896022
ID	16007	31.5	23.2173789966373	5	12858	0.00342740750896022
ID	16007	33	29.0114467590872	6	14310	0.00342740750896022
ID	16007	34.4	33.6655685132666	7	15145	0.00342740750896022
ID	16007	35.6	36.9492032377724	8	16107	0.00342740750896022
ID	16007	37.7	39.0596717886883	9	17619	0.00342740750896022
ID	16007	39.4	40.3359565261315	10	18722	0.00342740750896022
ID	16007	40.8	41.0795334387873	11	19377	0.00342740750896022
ID	16007	41.6	41.5033698913168	12	19999	0.00342740750896022
ID	16007	44.8	41.7419459740904	13	20900	0.00342740750896022
ID	16007	45.8	41.8752928385592	14	21356	0.00342740750896022
ID	16007	46.1	41.9495295319231	15	21531	0.00342740750896022
ID	16007	46.3	41.9907673788354	16	21783	0.00342740750896022
ID	16007	47.6	42.0136465703481	17	21924	0.00342740750896022
ID	16009	0	3.02837429370568	0	94	0.00520294449278566
ID	16009	0	4.9038394230928	1	1275	0.00520294449278566
ID	16009	6.7	7.7320024445006	2	2084	0.00520294449278566
ID	16009	20.3	11.726325096342	3	4053	0.00520294449278566
ID	16009	27.5	16.8752130180577	4	9914	0.00520294449278566
ID	16009	32	22.7839294777237	5	12858	0.00520294449278566
ID	16009	34.5	28.7241761885096	6	14310	0.00520294449278566
ID	16009	36	33.9524736675513	7	15145	0.00520294449278566
ID	16009	38.1	38.0421693905005	8	16107	0.00520294449278566
ID	16009	41.2	40.9558976019214	9	17619	0.00520294449278566
ID	16009	43.7	42.8964161019739	10	18722	0.00520294449278566
ID	16009	45.1	44.1314022319312	11	19377	0.00520294449278566
ID	16009	46.3	44.8947986413139	12	19999	0.00520294449278566
ID	16009	49.7	45.3582149946208	13	20900	0.00520294449278566
ID	16009	50.8	45.6364425400659	14	21356	0.00520294449278566
ID	16009	51.3	45.8023803033302	15	21531	0.00520294449278566
ID	16009	52	45.9009556221552	16	21783	0.00520294449278566
ID	16009	53.5	45.9593763930463	17	21924	0.00520294449278566
ID	16011	0	2.82838015424052	0	94	0.0261943465962346
ID	16011	1.1	4.49147175430013	1	1275	0.0261943465962346
ID	16011	6.2	6.97087373812772	2	2084	0.0261943465962346
ID	16011	15.6	10.4654861839308	3	4053	0.0261943465962346
ID	16011	24.9	15.0203168501504	4	9914	0.0261943465962346
ID	16011	29.2	20.3876966840592	5	12858	0.0261943465962346
ID	16011	31.3	26.0098456745494	6	14310	0.0261943465962346
ID	16011	32.5	31.217089811424	7	15145	0.0261943465962346
ID	16011	34.1	35.5184465902206	8	16107	0.0261943465962346
ID	16011	36.3	38.7480098320183	9	17619	0.0261943465962346
ID	16011	38.8	41.0032316021556	10	18722	0.0261943465962346
ID	16011	40.4	42.4994839672126	11	19377	0.0261943465962346
ID	16011	41.4	43.4587641544559	12	19999	0.0261943465962346
ID	16011	46.5	44.0603408580384	13	20900	0.0261943465962346
ID	16011	47.5	44.4323851135508	14	21356	0.0261943465962346
ID	16011	48.1	44.6604989668383	15	21531	0.0261943465962346
ID	16011	48.4	44.7996247909178	16	21783	0.0261943465962346
ID	16011	49.6	44.8842031075171	17	21924	0.0261943465962346
ID	16013	0	0.47546544068542	0	94	0.012882016043065
ID	16013	0.9	1.06848250437331	1	1275	0.012882016043065
ID	16013	10.4	2.37631729708637	2	2084	0.012882016043065
ID	16013	28.5	5.16719136682411	3	4053	0.012882016043065
ID	16013	46.8	10.7257902105182	4	9914	0.012882016043065
ID	16013	57.9	20.4180596262553	5	12858	0.012882016043065
ID	16013	61.4	33.9591280826153	6	14310	0.012882016043065
ID	16013	62.7	48.0084961848155	7	15145	0.012882016043065
ID	16013	64.7	58.730144358608	8	16107	0.012882016043065
ID	16013	66.6	65.1505383795779	9	17619	0.012882016043065
ID	16013	68.4	68.4526448274227	10	18722	0.012882016043065
ID	16013	69.6	70.0186272220396	11	19377	0.012882016043065
ID	16013	70.6	70.73265785341	12	19999	0.012882016043065
ID	16013	80.4	71.0523869397882	13	20900	0.012882016043065
ID	16013	81.7	71.1943934276845	14	21356	0.012882016043065
ID	16013	81.8	71.2572366888654	15	21531	0.012882016043065
ID	16013	82.3	71.2850025605727	16	21783	0.012882016043065
ID	16013	85.5	71.2972615708368	17	21924	0.012882016043065
ID	16015	0	1.05424259892338	0	94	0.00438204542084367
ID	16015	0	1.99558935876332	1	1275	0.00438204542084367
ID	16015	5	3.69910801487982	2	2084	0.00438204542084367
ID	16015	13.9	6.60870563082152	3	4053	0.00438204542084367
ID	16015	19.9	11.119656562455	4	9914	0.00438204542084367
ID	16015	23.2	17.1610337350267	5	12858	0.00438204542084367
ID	16015	24.7	23.8417604402778	6	14310	0.00438204542084367
ID	16015	25.2	29.8312967691993	7	15145	0.00438204542084367
ID	16015	26.1	34.2718049069532	8	16107	0.00438204542084367
ID	16015	27.4	37.1217023501179	9	17619	0.00438204542084367
ID	16015	28.8	38.7851075897099	10	18722	0.00438204542084367
ID	16015	30.5	39.7026593837705	11	19377	0.00438204542084367
ID	16015	31.3	40.1930673872508	12	19999	0.00438204542084367
ID	16015	33.1	40.4507620769876	13	20900	0.00438204542084367
ID	16015	33.4	40.5849644817795	14	21356	0.00438204542084367
ID	16015	33.6	40.6545282863435	15	21531	0.00438204542084367
ID	16015	33.8	40.6904992426801	16	21783	0.00438204542084367
ID	16015	34.1	40.7090762227521	17	21924	0.00438204542084367
ID	16017	0	1.43223701419864	0	94	0.0255944803350746
ID	16017	0.8	2.85504690372279	1	1275	0.0255944803350746
ID	16017	6.9	5.51543484347873	2	2084	0.0255944803350746
ID	16017	18.2	10.0728256119534	3	4053	0.0255944803350746
ID	16017	27.1	16.8219148429076	4	9914	0.0255944803350746
ID	16017	30.1	24.9336273274815	5	12858	0.0255944803350746
ID	16017	31.8	32.5562569063752	6	14310	0.0255944803350746
ID	16017	32.7	38.2313381173387	7	15145	0.0255944803350746
ID	16017	34	41.7664077063242	8	16107	0.0255944803350746
ID	16017	35.8	43.7297153106447	9	17619	0.0255944803350746
ID	16017	37.2	44.7511212438786	10	18722	0.0255944803350746
ID	16017	38.3	45.2644698588343	11	19377	0.0255944803350746
ID	16017	39.2	45.5179972273174	12	19999	0.0255944803350746
ID	16017	42.2	45.642124293239	13	20900	0.0255944803350746
ID	16017	42.7	45.7026385702468	14	21356	0.0255944803350746
ID	16017	43	45.7320791376647	15	21531	0.0255944803350746
ID	16017	43.2	45.746387665015	16	21783	0.0255944803350746
ID	16017	44.5	45.7533383884658	17	21924	0.0255944803350746
ID	16019	0	0.829827332989696	0	94	0.0666243253602975
ID	16019	1.5	1.37332458585311	1	1275	0.0666243253602975
ID	16019	7.4	2.25662085892393	2	2084	0.0666243253602975
ID	16019	15.3	3.66566267848527	3	4053	0.0666243253602975
ID	16019	25.4	5.84791142608673	4	9914	0.0666243253602975
ID	16019	31.7	9.0776038328923	5	12858	0.0666243253602975
ID	16019	34.5	13.5499629101246	6	14310	0.0666243253602975
ID	16019	35.7	19.2046765906441	7	15145	0.0666243253602975
ID	16019	37.4	25.586045722019	8	16107	0.0666243253602975
ID	16019	39.9	31.9260625666601	9	17619	0.0666243253602975
ID	16019	42.4	37.4758584757926	10	18722	0.0666243253602975
ID	16019	43.7	41.8205570063864	11	19377	0.0666243253602975
ID	16019	44.6	44.933849044121	12	19999	0.0666243253602975
ID	16019	51.8	47.0260668159601	13	20900	0.0666243253602975
ID	16019	52.8	48.3721338647959	14	21356	0.0666243253602975
ID	16019	53.3	49.214023358169	15	21531	0.0666243253602975
ID	16019	53.6	49.7313059817991	16	21783	0.0666243253602975
ID	16019	55.9	50.0456779236612	17	21924	0.0666243253602975
ID	16021	0	1.17674977205695	0	94	0.00685201713423966
ID	16021	0.5	2.0775822984247	1	1275	0.00685201713423966
ID	16021	4.1	3.60208265667495	2	2084	0.00685201713423966
ID	16021	14.2	6.06084346840469	3	4053	0.00685201713423966
ID	16021	20	9.73438626877063	4	9914	0.00685201713423966
ID	16021	22	14.640232483596	5	12858	0.00685201713423966
ID	16021	24.2	20.2948840539047	6	14310	0.00685201713423966
ID	16021	25.6	25.805240741404	7	15145	0.00685201713423966
ID	16021	26.6	30.3630043879553	8	16107	0.00685201713423966
ID	16021	28.4	33.6486896692743	9	17619	0.00685201713423966
ID	16021	29.8	35.789880572172	10	18722	0.00685201713423966
ID	16021	30.7	37.0948949569549	11	19377	0.00685201713423966
ID	16021	31.6	37.8580758826442	12	19999	0.00685201713423966
ID	16021	34.1	38.2936418644829	13	20900	0.00685201713423966
ID	16021	34.7	38.538777966518	14	21356	0.00685201713423966
ID	16021	35	38.6756555118958	15	21531	0.00685201713423966
ID	16021	35.3	38.751747596514	16	21783	0.00685201713423966
ID	16021	36.3	38.7939444102198	17	21924	0.00685201713423966
ID	16023	0	1.76794168433117	0	94	0.00145322078379913
ID	16023	0	2.82957298542086	1	1275	0.00145322078379913
ID	16023	10.7	4.46402890004624	2	2084	0.00145322078379913
ID	16023	20.5	6.89108963215211	3	4053	0.00145322078379913
ID	16023	25.9	10.3084108140548	4	9914	0.00145322078379913
ID	16023	30.5	14.7763241990362	5	12858	0.00145322078379913
ID	16023	31.8	20.083988152231	6	14310	0.00145322078379913
ID	16023	32.6	25.7162872545505	7	15145	0.00145322078379913
ID	16023	34.2	31.0205596184223	8	16107	0.00145322078379913
ID	16023	36.8	35.4830691872408	9	17619	0.00145322078379913
ID	16023	40.5	38.8946859158254	10	18722	0.00145322078379913
ID	16023	42.5	41.3168685734533	11	19377	0.00145322078379913
ID	16023	43.7	42.9476527504096	12	19999	0.00145322078379913
ID	16023	47.7	44.0067324600517	13	20900	0.00145322078379913
ID	16023	48.4	44.6785144768805	14	21356	0.00145322078379913
ID	16023	49	45.0982828278253	15	21531	0.00145322078379913
ID	16023	49.3	45.3581231082683	16	21783	0.00145322078379913
ID	16023	52.8	45.5180311753724	17	21924	0.00145322078379913
ID	16025	0	1.44388790008076	0	94	0.000618891870189389
ID	16025	0	2.73593329238411	1	1275	0.000618891870189389
ID	16025	9	5.05311344713822	2	2084	0.000618891870189389
ID	16025	14.6	8.92809368608571	3	4053	0.000618891870189389
ID	16025	27.5	14.7079939197005	4	9914	0.000618891870189389
ID	16025	29.4	22.0098971612277	5	12858	0.000618891870189389
ID	16025	30.4	29.5202216916475	6	14310	0.000618891870189389
ID	16025	30.8	35.7761323177262	7	15145	0.000618891870189389
ID	16025	33.2	40.1347405850356	8	16107	0.000618891870189389
ID	16025	35.3	42.8073090218721	9	17619	0.000618891870189389
ID	16025	37.7	44.3196912240658	10	18722	0.000618891870189389
ID	16025	38.9	45.136897688414	11	19377	0.000618891870189389
ID	16025	40	45.5674703424686	12	19999	0.000618891870189389
ID	16025	42.4	45.7913189244425	13	20900	0.000618891870189389
ID	16025	42.7	45.9068858921749	14	21356	0.000618891870189389
ID	16025	43	45.9663352137105	15	21531	0.000618891870189389
ID	16025	43.1	45.9968600759399	16	21783	0.000618891870189389
ID	16025	43.4	46.0125184366786	17	21924	0.000618891870189389
ID	16027	0	1.62800211879835	0	94	0.128618153228898
ID	16027	1	2.57288345395566	1	1275	0.128618153228898
ID	16027	5.5	4.01796426062256	2	2084	0.128618153228898
ID	16027	12.6	6.1629500979296	3	4053	0.128618153228898
ID	16027	20.7	9.20960351464811	4	9914	0.128618153228898
ID	16027	26	13.2767516621014	5	12858	0.128618153228898
ID	16027	28.7	18.2790000261071	6	14310	0.128618153228898
ID	16027	30	23.8465267586743	7	15145	0.128618153228898
ID	16027	32	29.3945843409415	8	16107	0.128618153228898
ID	16027	34.5	34.3463512441398	9	17619	0.128618153228898
ID	16027	36.9	38.3496503243143	10	18722	0.128618153228898
ID	16027	38.3	41.3351772559423	11	19377	0.128618153228898
ID	16027	39.2	43.4303339692841	12	19999	0.128618153228898
ID	16027	44.9	44.8386930987149	13	20900	0.128618153228898
ID	16027	45.8	45.75819555426	14	21356	0.128618153228898
ID	16027	46.2	46.3471569167867	15	21531	0.128618153228898
ID	16027	46.5	46.7197909911289	16	21783	0.128618153228898
ID	16027	47.7	46.9537249537389	17	21924	0.128618153228898
ID	16029	0	2.1151278129642	0	94	0.0040037715472017
ID	16029	0	3.58120551837907	1	1275	0.0040037715472017
ID	16029	4.2	5.90697310354998	2	2084	0.0040037715472017
ID	16029	12.7	9.35992317917297	3	4053	0.0040037715472017
ID	16029	19.8	14.0129543120331	4	9914	0.0040037715472017
ID	16029	24.7	19.5271731539109	5	12858	0.0040037715472017
ID	16029	26.2	25.1486414799181	6	14310	0.0040037715472017
ID	16029	27.4	30.0651217962645	7	15145	0.0040037715472017
ID	16029	28.5	33.8209578332204	8	16107	0.0040037715472017
ID	16029	31.1	36.4042702625141	9	17619	0.0040037715472017
ID	16029	33.1	38.055428094462	10	18722	0.0040037715472017
ID	16029	34.5	39.061826053254	11	19377	0.0040037715472017
ID	16029	35.6	39.6575707565493	12	19999	0.0040037715472017
ID	16029	39	40.0041428293209	13	20900	0.0040037715472017
ID	16029	39.7	40.2037217460638	14	21356	0.0040037715472017
ID	16029	40.1	40.3179804803129	15	21531	0.0040037715472017
ID	16029	40.3	40.3831740178031	16	21783	0.0040037715472017
ID	16029	42.3	40.4203007105176	17	21924	0.0040037715472017
ID	16031	0	2.94890270020802	0	94	0.0134466289698472
ID	16031	1	4.40722477418141	1	1275	0.0134466289698472
ID	16031	4.7	6.46540742479433	2	2084	0.0134466289698472
ID	16031	10.5	9.24444632998859	3	4053	0.0134466289698472
ID	16031	15.6	12.7807559231131	4	9914	0.0134466289698472
ID	16031	20.6	16.9560755328893	5	12858	0.0134466289698472
ID	16031	23.2	21.4713946274837	6	14310	0.0134466289698472
ID	16031	24.4	25.9134423757147	7	15145	0.0134466289698472
ID	16031	26	29.8946142925976	8	16107	0.0134466289698472
ID	16031	28.7	33.175560422722	9	17619	0.0134466289698472
ID	16031	31.5	35.6975267395028	10	18722	0.0134466289698472
ID	16031	32.9	37.5342501741979	11	19377	0.0134466289698472
ID	16031	34	38.8199990980821	12	19999	0.0134466289698472
ID	16031	38.5	39.6953106067891	13	20900	0.0134466289698472
ID	16031	39.7	40.2799540632237	14	21356	0.0134466289698472
ID	16031	40.4	40.6654972069798	15	21531	0.0134466289698472
ID	16031	40.9	40.9176067299074	16	21783	0.0134466289698472
ID	16031	44.2	41.0815543208962	17	21924	0.0134466289698472
ID	16033	0	4.40484739851839	0	94	0.000472842342052472
ID	16033	0	6.38633021868397	1	1275	0.000472842342052472
ID	16033	0	9.01361694815284	2	2084	0.000472842342052472
ID	16033	9.3	12.2896116536891	3	4053	0.000472842342052472
ID	16033	21.8	16.0753826887008	4	9914	0.000472842342052472
ID	16033	24.9	20.0842390627868	5	12858	0.000472842342052472
ID	16033	27.1	23.9550843265696	6	14310	0.000472842342052472
ID	16033	27.9	27.3735433372862	7	15145	0.000472842342052472
ID	16033	29.5	30.1625507517486	8	16107	0.000472842342052472
ID	16033	31.7	32.2946013605714	9	17619	0.000472842342052472
ID	16033	33.6	33.844736313138	10	18722	0.000472842342052472
ID	16033	34.6	34.9311659212437	11	19377	0.000472842342052472
ID	16033	35.3	35.6731609255357	12	19999	0.000472842342052472
ID	16033	41.4	36.1710097228888	13	20900	0.000472842342052472
ID	16033	42.1	36.5010831418407	14	21356	0.000472842342052472
ID	16033	43	36.718193304902	15	21531	0.000472842342052472
ID	16033	43.2	36.8602565350861	16	21783	0.000472842342052472
ID	16033	46.2	36.9528963749966	17	21924	0.000472842342052472
ID	16035	0	1.31067840207897	0	94	0.00489965390178869
ID	16035	1.5	2.37230627393176	1	1275	0.00489965390178869
ID	16035	10.6	4.20541431492357	2	2084	0.00489965390178869
ID	16035	16.4	7.19901050244771	3	4053	0.00489965390178869
ID	16035	25	11.6692447598091	4	9914	0.00489965390178869
ID	16035	29.3	17.5257227848951	5	12858	0.00489965390178869
ID	16035	31.1	24.0105617239484	6	14310	0.00489965390178869
ID	16035	32	29.9804209036817	7	15145	0.00489965390178869
ID	16035	33.3	34.6115380889677	8	16107	0.00489965390178869
ID	16035	35.8	37.7496157315053	9	17619	0.00489965390178869
ID	16035	37.6	39.6859609673342	10	18722	0.00489965390178869
ID	16035	38.4	40.8125541954328	11	19377	0.00489965390178869
ID	16035	39.3	41.4457134518446	12	19999	0.00489965390178869
ID	16035	41.5	41.794647182142	13	20900	0.00489965390178869
ID	16035	42.1	41.9848685216815	14	21356	0.00489965390178869
ID	16035	42.3	42.0879544760937	15	21531	0.00489965390178869
ID	16035	42.7	42.1436399405542	16	21783	0.00489965390178869
ID	16035	43.1	42.1736680858039	17	21924	0.00489965390178869
ID	16037	0	1.28009449806978	0	94	0.00241457361651647
ID	16037	1.6	2.45164087805257	1	1275	0.00241457361651647
ID	16037	5.6	4.58185319349074	2	2084	0.00241457361651647
ID	16037	20.7	8.20235643402024	3	4053	0.00241457361651647
ID	16037	30	13.7028770637938	4	9914	0.00241457361651647
ID	16037	33.1	20.7829224826484	5	12858	0.00241457361651647
ID	16037	35.2	28.1792925845895	6	14310	0.00241457361651647
ID	16037	35.8	34.3981634398974	7	15145	0.00241457361651647
ID	16037	36.8	38.7414849707327	8	16107	0.00241457361651647
ID	16037	38.8	41.396811161938	9	17619	0.00241457361651647
ID	16037	41.3	42.8901681215665	10	18722	0.00241457361651647
ID	16037	42.5	43.6908340410957	11	19377	0.00241457361651647
ID	16037	43.3	44.1091326091513	12	19999	0.00241457361651647
ID	16037	46.3	44.3247114963869	13	20900	0.00241457361651647
ID	16037	47	44.4350348612284	14	21356	0.00241457361651647
ID	16037	47.2	44.4912898242922	15	21531	0.00241457361651647
ID	16037	47.5	44.5199219755021	16	21783	0.00241457361651647
ID	16037	49.8	44.5344812470511	17	21924	0.00241457361651647
ID	16039	0	2.59163141383087	0	94	0.0153945155884089
ID	16039	0.7	3.86575600331298	1	1275	0.0153945155884089
ID	16039	4.1	5.6937074870237	2	2084	0.0153945155884089
ID	16039	13.5	8.23728663229189	3	4053	0.0153945155884089
ID	16039	21.5	11.6301489046777	4	9914	0.0153945155884089
ID	16039	24.9	15.9093856348733	5	12858	0.0153945155884089
ID	16039	27.9	20.9410298482199	6	14310	0.0153945155884089
ID	16039	31.1	26.3917764214204	7	15145	0.0153945155884089
ID	16039	33.3	31.7964195842063	8	16107	0.0153945155884089
ID	16039	36.1	36.7049813604723	9	17619	0.0153945155884089
ID	16039	38.5	40.8200852161656	10	18722	0.0153945155884089
ID	16039	39.8	44.0447197026653	11	19377	0.0153945155884089
ID	16039	40.5	46.4404263439495	12	19999	0.0153945155884089
ID	16039	47.5	48.1507311813634	13	20900	0.0153945155884089
ID	16039	53.2	49.337273754305	14	21356	0.0153945155884089
ID	16039	53.8	50.1441965175675	15	21531	0.0153945155884089
ID	16039	56.2	50.6855385334162	16	21783	0.0153945155884089
ID	16039	57.5	51.0454026505614	17	21924	0.0153945155884089
ID	16041	0	1.72656354332998	0	94	0.00776468679091135
ID	16041	1	2.79430652778975	1	1275	0.00776468679091135
ID	16041	4.4	4.45082200239413	2	2084	0.00776468679091135
ID	16041	12.4	6.91952501042505	3	4053	0.00776468679091135
ID	16041	21.2	10.3867186659229	4	9914	0.00776468679091135
ID	16041	24.6	14.8712993573178	5	12858	0.00776468679091135
ID	16041	26.6	20.0921455768586	6	14310	0.00776468679091135
ID	16041	28.9	25.4744445709887	7	15145	0.00776468679091135
ID	16041	30.7	30.3707450303162	8	16107	0.00776468679091135
ID	16041	33.9	34.3433678089152	9	17619	0.00776468679091135
ID	16041	36.1	37.2779407391849	10	18722	0.00776468679091135
ID	16041	37.5	39.2988802414555	11	19377	0.00776468679091135
ID	16041	38.6	40.6243156491266	12	19999	0.00776468679091135
ID	16041	42.9	41.4659849534196	13	20900	0.00776468679091135
ID	16041	44.2	41.9895464802354	14	21356	0.00776468679091135
ID	16041	44.7	42.3110611311898	15	21531	0.00776468679091135
ID	16041	45	42.5069413364461	16	21783	0.00776468679091135
ID	16041	46.5	42.6257038298787	17	21924	0.00776468679091135
ID	16043	0	3.08262857285606	0	94	0.00732989566691754
ID	16043	0	5.01967619440617	1	1275	0.00732989566691754
ID	16043	4.7	7.92345765853312	2	2084	0.00732989566691754
ID	16043	14.1	11.9577558644925	3	4053	0.00732989566691754
ID	16043	22.5	17.0084005950334	4	9914	0.00732989566691754
ID	16043	28.5	22.5676059547818	5	12858	0.00732989566691754
ID	16043	30.8	27.8827484306581	6	14310	0.00732989566691754
ID	16043	31.9	32.3225685457258	7	15145	0.00732989566691754
ID	16043	33.2	35.6315522245526	8	16107	0.00732989566691754
ID	16043	35.1	37.8940594841867	9	17619	0.00732989566691754
ID	16043	37.1	39.3513459084735	10	18722	0.00732989566691754
ID	16043	38.3	40.2541946943354	11	19377	0.00732989566691754
ID	16043	39.2	40.8001374946958	12	19999	0.00732989566691754
ID	16043	43.6	41.1254318752543	13	20900	0.00732989566691754
ID	16043	44.5	41.3175549980399	14	21356	0.00732989566691754
ID	16043	45	41.4304354532956	15	21531	0.00732989566691754
ID	16043	45.4	41.4965544515605	16	21783	0.00732989566691754
ID	16043	46.9	41.5352136909658	17	21924	0.00732989566691754
ID	16045	0	2.03013043282605	0	94	0.0101350538452714
ID	16045	0.8	3.37404247761909	1	1275	0.0101350538452714
ID	16045	4.5	5.48120516419465	2	2084	0.0101350538452714
ID	16045	15.1	8.60038617279391	3	4053	0.0101350538452714
ID	16045	22.4	12.8455189455798	4	9914	0.0101350538452714
ID	16045	26.2	18.0072575243923	5	12858	0.0101350538452714
ID	16045	28	23.4884296126386	6	14310	0.0101350538452714
ID	16045	29.2	28.5319308124204	7	15145	0.0101350538452714
ID	16045	30.5	32.5966037306211	8	16107	0.0101350538452714
ID	16045	32.5	35.5365899669727	9	17619	0.0101350538452714
ID	16045	34.5	37.5008031316736	10	18722	0.0101350538452714
ID	16045	35.5	38.744451154117	11	19377	0.0101350538452714
ID	16045	36.1	39.5052803453645	12	19999	0.0101350538452714
ID	16045	39	39.9609908147423	13	20900	0.0101350538452714
ID	16045	39.5	40.2304942656418	14	21356	0.0101350538452714
ID	16045	39.8	40.3886783660553	15	21531	0.0101350538452714
ID	16045	40.1	40.4811130605769	16	21783	0.0101350538452714
ID	16045	40.8	40.5349872207291	17	21924	0.0101350538452714
ID	16047	0	2.69140465718589	0	94	0.00849381527812363
ID	16047	0.6	4.26755413493898	1	1275	0.00849381527812363
ID	16047	4	6.61569876610544	2	2084	0.00849381527812363
ID	16047	12.3	9.92580876520216	3	4053	0.00849381527812363
ID	16047	20.8	14.2458199793841	4	9914	0.00849381527812363
ID	16047	25.7	19.3500746296485	5	12858	0.00849381527812363
ID	16047	27.7	24.7177230393199	6	14310	0.00849381527812363
ID	16047	29	29.7132636164888	7	15145	0.00849381527812363
ID	16047	30.4	33.8609279614915	8	16107	0.00849381527812363
ID	16047	33.1	36.9904150950625	9	17619	0.00849381527812363
ID	16047	35.7	39.1853881097889	10	18722	0.00849381527812363
ID	16047	37.1	40.6472343674994	11	19377	0.00849381527812363
ID	16047	38	41.5875454493846	12	19999	0.00849381527812363
ID	16047	42.8	42.1789256559694	13	20900	0.00849381527812363
ID	16047	43.6	42.5456071055827	14	21356	0.00849381527812363
ID	16047	44	42.7709652174813	15	21531	0.00849381527812363
ID	16047	44.3	42.908716201318	16	21783	0.00849381527812363
ID	16047	45.3	42.9926371649268	17	21924	0.00849381527812363
ID	16049	0	2.61611052952773	0	94	0.0093264654615249
ID	16049	0.9	4.4111018757962	1	1275	0.0093264654615249
ID	16049	5.3	7.16680940364849	2	2084	0.0093264654615249
ID	16049	13.2	11.02748769764	3	4053	0.0093264654615249
ID	16049	18.5	15.7960467751342	4	9914	0.0093264654615249
ID	16049	21.2	20.8482557938946	5	12858	0.0093264654615249
ID	16049	22.3	25.4011463760904	6	14310	0.0093264654615249
ID	16049	23	28.9432919807964	7	15145	0.0093264654615249
ID	16049	24	31.3968735066455	8	16107	0.0093264654615249
ID	16049	25.4	32.9628238038843	9	17619	0.0093264654615249
ID	16049	26.7	33.910649942697	10	18722	0.0093264654615249
ID	16049	27.6	34.4660381240692	11	19377	0.0093264654615249
ID	16049	28.2	34.7853075748845	12	19999	0.0093264654615249
ID	16049	30.1	34.9668270487059	13	20900	0.0093264654615249
ID	16049	30.5	35.0693819653223	14	21356	0.0093264654615249
ID	16049	30.6	35.1271175771145	15	21531	0.0093264654615249
ID	16049	30.8	35.1595560230353	16	21783	0.0093264654615249
ID	16049	31.9	35.1777608566827	17	21924	0.0093264654615249
ID	16051	0	1.11162164288175	0	94	0.0167151166857389
ID	16051	1.1	1.74007411834952	1	1275	0.0167151166857389
ID	16051	5.3	2.70047736527565	2	2084	0.0167151166857389
ID	16051	11.5	4.1367798522677	3	4053	0.0167151166857389
ID	16051	19.3	6.21681695687805	4	9914	0.0167151166857389
ID	16051	24.2	9.09297067698345	5	12858	0.0167151166857389
ID	16051	26.1	12.8256542090743	6	14310	0.0167151166857389
ID	16051	27.1	17.2906954173755	7	15145	0.0167151166857389
ID	16051	28.6	22.1391669572142	8	16107	0.0167151166857389
ID	16051	30.9	26.8808566008363	9	17619	0.0167151166857389
ID	16051	33.4	31.0664953491121	10	18722	0.0167151166857389
ID	16051	34.8	34.4399836291782	11	19377	0.0167151166857389
ID	16051	35.6	36.9650691812849	12	19999	0.0167151166857389
ID	16051	41.3	38.7524192065436	13	20900	0.0167151166857389
ID	16051	42.3	39.9681279065108	14	21356	0.0167151166857389
ID	16051	42.8	40.772762071128	15	21531	0.0167151166857389
ID	16051	43.1	41.2957451040893	16	21783	0.0167151166857389
ID	16051	45.6	41.6316674565484	17	21924	0.0167151166857389
ID	16053	0	2.50884307332345	0	94	0.0136603872830591
ID	16053	0.6	3.90815268102898	1	1275	0.0136603872830591
ID	16053	4.7	5.97920719566402	2	2084	0.0136603872830591
ID	16053	11.7	8.91221553983502	3	4053	0.0136603872830591
ID	16053	19.1	12.8165684401784	4	9914	0.0136603872830591
ID	16053	24.8	17.6067229634309	5	12858	0.0136603872830591
ID	16053	27	22.928569251255	6	14310	0.0136603872830591
ID	16053	28.4	28.2271331534788	7	15145	0.0136603872830591
ID	16053	30.1	32.9568421592353	8	16107	0.0136603872830591
ID	16053	33.1	36.7845689293861	9	17619	0.0136603872830591
ID	16053	35.8	39.6440055473259	10	18722	0.0136603872830591
ID	16053	37.2	41.6548962651976	11	19377	0.0136603872830591
ID	16053	38.1	43.0097276302321	12	19999	0.0136603872830591
ID	16053	44.2	43.8963844201716	13	20900	0.0136603872830591
ID	16053	45.3	44.4656582064497	14	21356	0.0136603872830591
ID	16053	45.8	44.8266826814529	15	21531	0.0136603872830591
ID	16053	46.2	45.0538529364745	16	21783	0.0136603872830591
ID	16053	47.3	45.1960934696579	17	21924	0.0136603872830591
ID	16055	0	1.16474197052196	0	94	0.0927201864509685
ID	16055	1.7	2.06905601626489	1	1275	0.0927201864509685
ID	16055	7.3	3.62039791853584	2	2084	0.0927201864509685
ID	16055	18.7	6.1761103647688	3	4053	0.0927201864509685
ID	16055	26.3	10.1181124339392	4	9914	0.0927201864509685
ID	16055	29.8	15.6206412110444	5	12858	0.0927201864509685
ID	16055	32.1	22.319679078818	6	14310	0.0927201864509685
ID	16055	33.1	29.2405505994878	7	15145	0.0927201864509685
ID	16055	34.6	35.2777477293214	8	16107	0.0927201864509685
ID	16055	36.7	39.8145905109437	9	17619	0.0927201864509685
ID	16055	39	42.8563865900708	10	18722	0.0927201864509685
ID	16055	40	44.7429623151605	11	19377	0.0927201864509685
ID	16055	41	45.8570686563177	12	19999	0.0927201864509685
ID	16055	45	46.4960372581271	13	20900	0.0927201864509685
ID	16055	45.8	46.8563698392699	14	21356	0.0927201864509685
ID	16055	46.1	47.0576400032622	15	21531	0.0927201864509685
ID	16055	46.4	47.1694635761417	16	21783	0.0927201864509685
ID	16055	47.9	47.2314070804147	17	21924	0.0927201864509685
ID	16057	0	0.932093156531231	0	94	0.0224435037337758
ID	16057	1.6	1.94964935587221	1	1275	0.0224435037337758
ID	16057	8	4.00040072500349	2	2084	0.0224435037337758
ID	16057	19.8	7.90486377806369	3	4053	0.0224435037337758
ID	16057	32.7	14.5932194914144	4	9914	0.0224435037337758
ID	16057	40	24.2136924022992	5	12858	0.0224435037337758
ID	16057	42.7	35.0703388935939	6	14310	0.0224435037337758
ID	16057	43.9	44.4234852891389	7	15145	0.0224435037337758
ID	16057	45.8	50.7833778928676	8	16107	0.0224435037337758
ID	16057	47.6	54.4434823241116	9	17619	0.0224435037337758
ID	16057	49.4	56.3506153309408	10	18722	0.0224435037337758
ID	16057	50.9	57.2930416226173	11	19377	0.0224435037337758
ID	16057	52.3	57.746549881531	12	19999	0.0224435037337758
ID	16057	57.2	57.9619952070738	13	20900	0.0224435037337758
ID	16057	58.1	58.0637198835108	14	21356	0.0224435037337758
ID	16057	58.4	58.1116111513818	15	21531	0.0224435037337758
ID	16057	58.9	58.1341272459265	16	21783	0.0224435037337758
ID	16057	60.4	58.1447063954815	17	21924	0.0224435037337758
ID	16059	0	1.30202284088967	0	94	0.0044917224611304
ID	16059	2	2.47819570236756	1	1275	0.0044917224611304
ID	16059	11.4	4.60382322928536	2	2084	0.0044917224611304
ID	16059	21.9	8.19764665357374	3	4053	0.0044917224611304
ID	16059	30.4	13.639618541004	4	9914	0.0044917224611304
ID	16059	34.2	20.6441741462048	5	12858	0.0044917224611304
ID	16059	35.7	27.9912983140589	6	14310	0.0044917224611304
ID	16059	36.5	34.2150633455353	7	15145	0.0044917224611304
ID	16059	37.7	38.60193803369	8	16107	0.0044917224611304
ID	16059	39.3	41.3090022633974	9	17619	0.0044917224611304
ID	16059	41.1	42.8446882172371	10	18722	0.0044917224611304
ID	16059	42	43.6745428998725	11	19377	0.0044917224611304
ID	16059	42.7	44.1112298387718	12	19999	0.0044917224611304
ID	16059	45.8	44.3378153305425	13	20900	0.0044917224611304
ID	16059	46.5	44.4545271667657	14	21356	0.0044917224611304
ID	16059	47	44.5144175760906	15	21531	0.0044917224611304
ID	16059	47.5	44.5450906363006	16	21783	0.0044917224611304
ID	16059	50.4	44.560784331453	17	21924	0.0044917224611304
ID	16061	0	3.23860372067235	0	94	0.00214765551336969
ID	16061	0	5.1281488363349	1	1275	0.00214765551336969
ID	16061	10.4	7.9161581123394	2	2084	0.00214765551336969
ID	16061	22.2	11.7831770031446	3	4053	0.00214765551336969
ID	16061	27.8	16.7108305881791	4	9914	0.00214765551336969
ID	16061	31.8	22.3538300975035	5	12858	0.00214765551336969
ID	16061	34.7	28.077104912681	6	14310	0.00214765551336969
ID	16061	36.2	33.2097126069439	7	15145	0.00214765551336969
ID	16061	37.7	37.3288966712789	8	16107	0.00214765551336969
ID	16061	40.9	40.3500326354805	9	17619	0.00214765551336969
ID	16061	43.8	42.4225701118784	10	18722	0.00214765551336969
ID	16061	45.8	43.7799908104801	11	19377	0.00214765551336969
ID	16061	47.3	44.64226221593	12	19999	0.00214765551336969
ID	16061	50.4	45.1794042222077	13	20900	0.00214765551336969
ID	16061	51.2	45.5099484408001	14	21356	0.00214765551336969
ID	16061	51.7	45.711830617563	15	21531	0.00214765551336969
ID	16061	52.5	45.8345646618574	16	21783	0.00214765551336969
ID	16061	53.3	45.9089717477891	17	21924	0.00214765551336969
ID	16063	0	2.52267558166046	0	94	0.00300268876621723
ID	16063	0	4.07261474768183	1	1275	0.00300268876621723
ID	16063	3.4	6.42043388171153	2	2084	0.00300268876621723
ID	16063	11.8	9.77404443481269	3	4053	0.00300268876621723
ID	16063	20.2	14.1834072180226	4	9914	0.00300268876621723
ID	16063	24.3	19.3895530919071	5	12858	0.00300268876621723
ID	16063	26.6	24.8095918267884	6	14310	0.00300268876621723
ID	16063	27.5	29.7610053635913	7	15145	0.00300268876621723
ID	16063	29.1	33.7726424024693	8	16107	0.00300268876621723
ID	16063	31.6	36.718457424876	9	17619	0.00300268876621723
ID	16063	34.3	38.7290510310066	10	18722	0.00300268876621723
ID	16063	35.3	40.0337587986486	11	19377	0.00300268876621723
ID	16063	36.1	40.8528759853519	12	19999	0.00300268876621723
ID	16063	40.1	41.3565047276747	13	20900	0.00300268876621723
ID	16063	40.9	41.6621917458801	14	21356	0.00300268876621723
ID	16063	41.4	41.8462846649742	15	21531	0.00300268876621723
ID	16063	41.6	41.9566270963071	16	21783	0.00300268876621723
ID	16063	42.4	42.0225771780226	17	21924	0.00300268876621723
ID	16065	0	1.39744119200045	0	94	0.0223310288098083
ID	16065	0.9	2.33115338571012	1	1275	0.0223310288098083
ID	16065	5.1	3.83778191707652	2	2084	0.0223310288098083
ID	16065	10.2	6.18733597678354	3	4053	0.0223310288098083
ID	16065	17.1	9.66332181300197	4	9914	0.0223310288098083
ID	16065	26.6	14.4246151640723	5	12858	0.0223310288098083
ID	16065	32.8	20.3019923401563	6	14310	0.0223310288098083
ID	16065	35.1	26.6921058096779	7	15145	0.0223310288098083
ID	16065	36.7	32.7483904025717	8	16107	0.0223310288098083
ID	16065	40.4	37.7856822165234	9	17619	0.0223310288098083
ID	16065	43.5	41.5398956392885	10	18722	0.0223310288098083
ID	16065	45.1	44.1151860520211	11	19377	0.0223310288098083
ID	16065	46.5	45.7828559755908	12	19999	0.0223310288098083
ID	16065	52.7	46.8228387035373	13	20900	0.0223310288098083
ID	16065	53.7	47.4562163922685	14	21356	0.0223310288098083
ID	16065	54.5	47.8364145846101	15	21531	0.0223310288098083
ID	16065	54.9	48.0626554772176	16	21783	0.0223310288098083
ID	16065	56.8	48.1965846399549	17	21924	0.0223310288098083
ID	16067	0	2.70207695484215	0	94	0.0117729349520023
ID	16067	1.2	4.23450486251468	1	1275	0.0117729349520023
ID	16067	4.2	6.49144850774186	2	2084	0.0117729349520023
ID	16067	10.7	9.64195026082625	3	4053	0.0117729349520023
ID	16067	18	13.7258372260384	4	9914	0.0117729349520023
ID	16067	23.7	18.5399183294359	5	12858	0.0117729349520023
ID	16067	25.9	23.6182197847026	6	14310	0.0117729349520023
ID	16067	26.9	28.3846199943119	7	15145	0.0117729349520023
ID	16067	28.6	32.3921826133655	8	16107	0.0117729349520023
ID	16067	31.1	35.4615719151037	9	17619	0.0117729349520023
ID	16067	33.2	37.6486160052073	10	18722	0.0117729349520023
ID	16067	34.7	39.1280107949753	11	19377	0.0117729349520023
ID	16067	35.8	40.0938608467262	12	19999	0.0117729349520023
ID	16067	39.5	40.7099150046117	13	20900	0.0117729349520023
ID	16067	40.3	41.0970373938768	14	21356	0.0117729349520023
ID	16067	41	41.3380249271497	15	21531	0.0117729349520023
ID	16067	41.5	41.4871650786099	16	21783	0.0117729349520023
ID	16067	44.5	41.5791288986802	17	21924	0.0117729349520023
ID	16069	0	1.68846357278586	0	94	0.0226113767546228
ID	16069	1.4	2.7856368230172	1	1275	0.0226113767546228
ID	16069	8.1	4.53158096874849	2	2084	0.0226113767546228
ID	16069	20.2	7.21156749623596	3	4053	0.0226113767546228
ID	16069	29.6	11.1059094252975	4	9914	0.0226113767546228
ID	16069	33.7	16.3366733552752	5	12858	0.0226113767546228
ID	16069	37.9	22.6665147276168	6	14310	0.0226113767546228
ID	16069	39.2	29.4268869490127	7	15145	0.0226113767546228
ID	16069	41.3	35.748727464473	8	16107	0.0226113767546228
ID	16069	44.1	40.9670510291353	9	17619	0.0226113767546228
ID	16069	46.7	44.8487108089619	10	18722	0.0226113767546228
ID	16069	48.7	47.5182759766448	11	19377	0.0226113767546228
ID	16069	50.5	49.2566885801959	12	19999	0.0226113767546228
ID	16069	54.1	50.3488294292658	13	20900	0.0226113767546228
ID	16069	55	51.0195586444708	14	21356	0.0226113767546228
ID	16069	55.5	51.425754609851	15	21531	0.0226113767546228
ID	16069	56.3	51.6696657559871	16	21783	0.0226113767546228
ID	16069	57.4	51.8153815950529	17	21924	0.0226113767546228
ID	16071	0	1.72058652604347	0	94	0.00253544219152633
ID	16071	1.7	2.6916101804882	1	1275	0.00253544219152633
ID	16071	5.7	4.15507686588301	2	2084	0.00253544219152633
ID	16071	17.9	6.28917840492844	3	4053	0.00253544219152633
ID	16071	23.1	9.25618517444971	4	9914	0.00253544219152633
ID	16071	26.8	13.1186464314061	5	12858	0.00253544219152633
ID	16071	28.6	17.7380867799511	6	14310	0.00253544219152633
ID	16071	29.8	22.7341738583752	7	15145	0.00253544219152633
ID	16071	31.2	27.582710085191	8	16107	0.00253544219152633
ID	16071	33.8	31.8176815120881	9	17619	0.00253544219152633
ID	16071	35.9	35.1896111523843	10	18722	0.00253544219152633
ID	16071	38.3	37.6818685272086	11	19377	0.00253544219152633
ID	16071	39.4	39.4244561255948	12	19999	0.00253544219152633
ID	16071	44.4	40.5961037850757	13	20900	0.00253544219152633
ID	16071	45.8	41.3632829604972	14	21356	0.00253544219152633
ID	16071	45.9	41.8569458421163	15	21531	0.00253544219152633
ID	16071	46.1	42.1710548737277	16	21783	0.00253544219152633
ID	16071	50.7	42.3694891087361	17	21924	0.00253544219152633
ID	16073	0	2.77192825355459	0	94	0.0066158757515815
ID	16073	0	4.03848957045063	1	1275	0.0066158757515815
ID	16073	3.1	5.78828471584722	2	2084	0.0066158757515815
ID	16073	10.4	8.11429868866803	3	4053	0.0066158757515815
ID	16073	16.2	11.0528179198312	4	9914	0.0066158757515815
ID	16073	19.8	14.5353605738509	5	12858	0.0066158757515815
ID	16073	21.7	18.3633243720292	6	14310	0.0066158757515815
ID	16073	22.7	22.2379511076463	7	15145	0.0066158757515815
ID	16073	24.2	25.8459283419416	8	16107	0.0066158757515815
ID	16073	26	28.9538368703936	9	17619	0.0066158757515815
ID	16073	28.5	31.4563571585812	10	18722	0.0066158757515815
ID	16073	29.8	33.3642125357694	11	19377	0.0066158757515815
ID	16073	30.7	34.7589643627818	12	19999	0.0066158757515815
ID	16073	34.2	35.7476462995047	13	20900	0.0066158757515815
ID	16073	34.9	36.4332622598981	14	21356	0.0066158757515815
ID	16073	35.5	36.9015045419827	15	21531	0.0066158757515815
ID	16073	35.7	37.2179641372531	16	21783	0.0066158757515815
ID	16073	36.4	37.4303330648197	17	21924	0.0066158757515815
ID	16075	0	2.42094089951515	0	94	0.0134024224076908
ID	16075	0.5	4.10209899080314	1	1275	0.0134024224076908
ID	16075	3.6	6.72049841386236	2	2084	0.0134024224076908
ID	16075	12	10.4701741365949	3	4053	0.0134024224076908
ID	16075	18.2	15.2413545663248	4	9914	0.0134024224076908
ID	16075	21.1	20.476645048883	5	12858	0.0134024224076908
ID	16075	22.5	25.3649915896802	6	14310	0.0134024224076908
ID	16075	23.3	29.2878300614572	7	15145	0.0134024224076908
ID	16075	24.2	32.0706388087265	8	16107	0.0134024224076908
ID	16075	26	33.87658951347	9	17619	0.0134024224076908
ID	16075	27.5	34.9818144073869	10	18722	0.0134024224076908
ID	16075	28.3	35.6340832180041	11	19377	0.0134024224076908
ID	16075	29.1	36.0108106324156	12	19999	0.0134024224076908
ID	16075	31.1	36.2256868295882	13	20900	0.0134024224076908
ID	16075	31.5	36.3473722301721	14	21356	0.0134024224076908
ID	16075	31.7	36.4160038390681	15	21531	0.0134024224076908
ID	16075	31.9	36.4546239778701	16	21783	0.0134024224076908
ID	16075	32.2	36.4763281239564	17	21924	0.0134024224076908
ID	16077	0	2.37306301922991	0	94	0.00429810891042016
ID	16077	0	4.12158883304941	1	1275	0.00429810891042016
ID	16077	5.9	6.96029239768174	2	2084	0.00429810891042016
ID	16077	18.7	11.248563360808	3	4053	0.00429810891042016
ID	16077	29	17.0697531226585	4	9914	0.00429810891042016
ID	16077	33.9	23.9221982170689	5	12858	0.00429810891042016
ID	16077	35.8	30.7563152163742	6	14310	0.00429810891042016
ID	16077	36.8	36.5332808260917	7	15145	0.00429810891042016
ID	16077	38.3	40.7722465249093	8	16107	0.00429810891042016
ID	16077	40.4	43.5705447626868	9	17619	0.00429810891042016
ID	16077	42	45.2911139532083	10	18722	0.00429810891042016
ID	16077	42.8	46.3032059620728	11	19377	0.00429810891042016
ID	16077	43.6	46.883106019024	12	19999	0.00429810891042016
ID	16077	50.1	47.2103783975184	13	20900	0.00429810891042016
ID	16077	50.9	47.3935008300286	14	21356	0.00429810891042016
ID	16077	51.5	47.4954740365526	15	21531	0.00429810891042016
ID	16077	51.7	47.5521066794843	16	21783	0.00429810891042016
ID	16077	52.5	47.5835118298013	17	21924	0.00429810891042016
ID	16079	0	3.13487985636948	0	94	0.00720846751517152
ID	16079	0.7	5.40070581954602	1	1275	0.00720846751517152
ID	16079	7.3	8.93152272572156	2	2084	0.00720846751517152
ID	16079	20.9	13.9028535700875	3	4053	0.00720846751517152
ID	16079	27.9	19.9877886624339	4	9914	0.00720846751517152
ID	16079	31	26.2784401660324	5	12858	0.00720846751517152
ID	16079	32.6	31.7425091406714	6	14310	0.00720846751517152
ID	16079	33.4	35.8156927554293	7	15145	0.00720846751517152
ID	16079	34.7	38.5191096059999	8	16107	0.00720846751517152
ID	16079	36.4	40.177818029857	9	17619	0.00720846751517152
ID	16079	38.2	41.1469330456553	10	18722	0.00720846751517152
ID	16079	39.1	41.6970285868686	11	19377	0.00720846751517152
ID	16079	39.8	42.0041690926864	12	19999	0.00720846751517152
ID	16079	42.2	42.1740801525812	13	20900	0.00720846751517152
ID	16079	42.6	42.2675950562992	14	21356	0.00720846751517152
ID	16079	42.8	42.3189182663772	15	21531	0.00720846751517152
ID	16079	43.1	42.3470420272183	16	21783	0.00720846751517152
ID	16079	44.3	42.3624400106201	17	21924	0.00720846751517152
ID	16081	0	0.916856017199928	0	94	0.00679438073041551
ID	16081	2.7	1.96731069087211	1	1275	0.00679438073041551
ID	16081	6.9	4.13699481240988	2	2084	0.00679438073041551
ID	16081	17.6	8.35496586292056	3	4053	0.00679438073041551
ID	16081	36.1	15.6670507601491	4	9914	0.00679438073041551
ID	16081	42.7	26.1387321553437	5	12858	0.00679438073041551
ID	16081	45.2	37.6617036530743	6	14310	0.00679438073041551
ID	16081	46.6	47.18313166196	7	15145	0.00679438073041551
ID	16081	48.7	53.3581499118886	8	16107	0.00679438073041551
ID	16081	51.5	56.7584509929935	9	17619	0.00679438073041551
ID	16081	53.6	58.4639040903954	10	18722	0.00679438073041551
ID	16081	54.7	59.2792602897079	11	19377	0.00679438073041551
ID	16081	55.6	59.66013236578	12	19999	0.00679438073041551
ID	16081	60.7	59.836117148998	13	20900	0.00679438073041551
ID	16081	61.4	59.9170223579176	14	21356	0.00679438073041551
ID	16081	61.8	59.9541303575848	15	21531	0.00679438073041551
ID	16081	62.4	59.9711321584628	16	21783	0.00679438073041551
ID	16081	63.8	59.978918076031	17	21924	0.00679438073041551
ID	16083	0	1.13747694557163	0	94	0.048614907683828
ID	16083	1.3	1.91050088377588	1	1275	0.048614907683828
ID	16083	6.5	3.17344474775097	2	2084	0.048614907683828
ID	16083	14.8	5.17787638179704	3	4053	0.048614907683828
ID	16083	23.3	8.21731090432845	4	9914	0.048614907683828
ID	16083	28.6	12.5216343393722	5	12858	0.048614907683828
ID	16083	31.3	18.0620985222673	6	14310	0.048614907683828
ID	16083	32.6	24.3789938062356	7	15145	0.048614907683828
ID	16083	34.6	30.657839008782	8	16107	0.048614907683828
ID	16083	37.7	36.1029901379012	9	17619	0.048614907683828
ID	16083	40.3	40.2939231448611	10	18722	0.048614907683828
ID	16083	41.6	43.2328166062122	11	19377	0.048614907683828
ID	16083	42.6	45.1617527172942	12	19999	0.048614907683828
ID	16083	48.3	46.3733994411777	13	20900	0.048614907683828
ID	16083	49.5	47.1136084360277	14	21356	0.048614907683828
ID	16083	50	47.5581507958446	15	21531	0.048614907683828
ID	16083	50.4	47.8223921858826	16	21783	0.048614907683828
ID	16083	51.4	47.978500243524	17	21924	0.048614907683828
ID	16085	0	1.22748258554572	0	94	0.00637469817829794
ID	16085	0	2.73020322491912	1	1275	0.00637469817829794
ID	16085	8.9	5.87747640556241	2	2084	0.00637469817829794
ID	16085	25.2	11.855009982635	3	4053	0.00637469817829794
ID	16085	38.8	21.3545347162719	4	9914	0.00637469817829794
ID	16085	44.7	32.8781177302436	5	12858	0.00637469817829794
ID	16085	47	43.0362075769064	6	14310	0.00637469817829794
ID	16085	48	49.7609275650872	7	15145	0.00637469817829794
ID	16085	49.5	53.4114517403786	8	16107	0.00637469817829794
ID	16085	51.4	55.1821561218686	9	17619	0.00637469817829794
ID	16085	53.3	55.994116260196	10	18722	0.00637469817829794
ID	16085	54.2	56.3568293505375	11	19377	0.00637469817829794
ID	16085	54.7	56.5169621438799	12	19999	0.00637469817829794
ID	16085	60.5	56.5872909533466	13	20900	0.00637469817829794
ID	16085	61.5	56.6181079593252	14	21356	0.00637469817829794
ID	16085	61.8	56.6315979295197	15	21531	0.00637469817829794
ID	16085	62.2	56.6375004887193	16	21783	0.00637469817829794
ID	16085	63.6	56.6400826659591	17	21924	0.00637469817829794
ID	16087	0	3.63219122351021	0	94	0.00570432524838212
ID	16087	0.6	5.79865490236917	1	1275	0.00570432524838212
ID	16087	3.9	8.93633524335372	2	2084	0.00570432524838212
ID	16087	14.5	13.1132880834511	3	4053	0.00570432524838212
ID	16087	22.6	18.0909916274605	4	9914	0.00570432524838212
ID	16087	26.9	23.2966773703037	5	12858	0.00570432524838212
ID	16087	28.7	28.0475981274756	6	14310	0.00570432524838212
ID	16087	30.6	31.8739632083169	7	15145	0.00570432524838212
ID	16087	31.6	34.6572040444989	8	16107	0.00570432524838212
ID	16087	33.3	36.5351913088367	9	17619	0.00570432524838212
ID	16087	35.4	37.7389959035834	10	18722	0.00570432524838212
ID	16087	36.2	38.4854580808338	11	19377	0.00570432524838212
ID	16087	36.9	38.93884297383	12	19999	0.00570432524838212
ID	16087	39.8	39.2107636437295	13	20900	0.00570432524838212
ID	16087	40.1	39.372616359156	14	21356	0.00570432524838212
ID	16087	40.2	39.4685193297817	15	21531	0.00570432524838212
ID	16087	40.5	39.5251926055119	16	21783	0.00570432524838212
ID	16087	42.3	39.5586302181885	17	21924	0.00570432524838212
