1836	6
17001	0	1263	0	621	0.0051638197856488
17001	2109	2347	1	232567	0.0051638197856488
17001	12609	4234	2	868167	0.0051638197856488
17001	19639	7270	3	2184596	0.0051638197856488
17001	22307	11578	4	4022770	0.0051638197856488
17001	23942	16721	5	5184193	0.0051638197856488
17001	25423	21734	6	5884359	0.0051638197856488
17001	26367	25740	7	6173152	0.0051638197856488
17001	27962	28463	8	6508927	0.0051638197856488
17001	29174	30116	9	6787835	0.0051638197856488
17001	32150	31053	10	7663224	0.0051638197856488
17001	32657	31563	11	7835676	0.0051638197856488
17001	33256	31834	12	8133163	0.0051638197856488
17001	33978	31977	13	8404248	0.0051638197856488
17001	33703	32051	14	8552058	0.0051638197856488
17001	34108	32090	15	8637338	0.0051638197856488
17001	34310	32110	16	8711648	0.0051638197856488
17001	34174	32121	17	8765757	0.0051638197856488
17003	0	88	0	621	0.000454630790633801
17003	0	135	1	232567	0.000454630790633801
17003	219	205	2	868167	0.000454630790633801
17003	672	306	3	2184596	0.000454630790633801
17003	977	448	4	4022770	0.000454630790633801
17003	1077	636	5	5184193	0.000454630790633801
17003	1162	868	6	5884359	0.000454630790633801
17003	1229	1131	7	6173152	0.000454630790633801
17003	1333	1404	8	6508927	0.000454630790633801
17003	1442	1659	9	6787835	0.000454630790633801
17003	1531	1876	10	7663224	0.000454630790633801
17003	1582	2047	11	7835676	0.000454630790633801
17003	1657	2174	12	8133163	0.000454630790633801
17003	1836	2264	13	8404248	0.000454630790633801
17003	1855	2325	14	8552058	0.000454630790633801
17003	1901	2365	15	8637338	0.000454630790633801
17003	1916	2392	16	8711648	0.000454630790633801
17003	1923	2410	17	8765757	0.000454630790633801
17005	0	135	0	621	0.00129626199738775
17005	331	237	1	232567	0.00129626199738775
17005	874	413	2	868167	0.00129626199738775
17005	3257	708	3	2184596	0.00129626199738775
17005	5086	1182	4	4022770	0.00129626199738775
17005	5612	1896	5	5184193	0.00129626199738775
17005	6037	2869	6	5884359	0.00129626199738775
17005	6368	4033	7	6173152	0.00129626199738775
17005	6861	5224	8	6508927	0.00129626199738775
17005	7256	6265	9	6787835	0.00129626199738775
17005	8053	7055	10	7663224	0.00129626199738775
17005	8244	7594	11	7835676	0.00129626199738775
17005	8462	7934	12	8133163	0.00129626199738775
17005	8811	8139	13	8404248	0.00129626199738775
17005	8907	8259	14	8552058	0.00129626199738775
17005	9048	8328	15	8637338	0.00129626199738775
17005	9094	8368	16	8711648	0.00129626199738775
17005	9094	8390	17	8765757	0.00129626199738775
17007	0	310	0	621	0.00422543847486482
17007	1005	561	1	232567	0.00422543847486482
17007	1958	1010	2	868167	0.00422543847486482
17007	7980	1797	3	2184596	0.00422543847486482
17007	14093	3133	4	4022770	0.00422543847486482
17007	18665	5283	5	5184193	0.00422543847486482
17007	21586	8460	6	5884359	0.00422543847486482
17007	22714	12615	7	6173152	0.00422543847486482
17007	24110	17253	8	6508927	0.00422543847486482
17007	25329	21601	9	6787835	0.00422543847486482
17007	29001	25059	10	7663224	0.00422543847486482
17007	29670	27465	11	7835676	0.00422543847486482
17007	30787	28989	12	8133163	0.00422543847486482
17007	31804	29898	13	8404248	0.00422543847486482
17007	32314	30419	14	8552058	0.00422543847486482
17007	32706	30713	15	8637338	0.00422543847486482
17007	32937	30876	16	8711648	0.00422543847486482
17007	33090	30966	17	8765757	0.00422543847486482
17009	0	88	0	621	0.000519104554901778
17009	0	139	1	232567	0.000519104554901778
17009	621	218	2	868167	0.000519104554901778
17009	1082	338	3	2184596	0.000519104554901778
17009	1371	511	4	4022770	0.000519104554901778
17009	1538	751	5	5184193	0.000519104554901778
17009	1620	1061	6	5884359	0.000519104554901778
17009	1757	1429	7	6173152	0.000519104554901778
17009	1866	1821	8	6508927	0.000519104554901778
17009	2015	2197	9	6787835	0.000519104554901778
17009	3095	2520	10	7663224	0.000519104554901778
17009	3152	2774	11	7835676	0.000519104554901778
17009	3272	2959	12	8133163	0.000519104554901778
17009	3412	3088	13	8404248	0.000519104554901778
17009	3422	3174	14	8552058	0.000519104554901778
17009	3518	3230	15	8637338	0.000519104554901778
17009	3549	3266	16	8711648	0.000519104554901778
17009	3549	3288	17	8765757	0.000519104554901778
17011	0	294	0	621	0.0025748469773997
17011	671	541	1	232567	0.0025748469773997
17011	2098	983	2	868167	0.0025748469773997
17011	5505	1751	3	2184596	0.0025748469773997
17011	9526	3010	4	4022770	0.0025748469773997
17011	11382	4897	5	5184193	0.0025748469773997
17011	12624	7375	6	5884359	0.0025748469773997
17011	13260	10118	7	6173152	0.0025748469773997
17011	14064	12637	8	6508927	0.0025748469773997
17011	14800	14583	9	6787835	0.0025748469773997
17011	16926	15894	10	7663224	0.0025748469773997
17011	17367	16698	11	7835676	0.0025748469773997
17011	17623	17164	12	8133163	0.0025748469773997
17011	18586	17424	13	8404248	0.0025748469773997
17011	18332	17567	14	8552058	0.0025748469773997
17011	18497	17644	15	8637338	0.0025748469773997
17011	18750	17686	16	8711648	0.0025748469773997
17011	18852	17708	17	8765757	0.0025748469773997
17013	0	61	0	621	0.000373979398856723
17013	165	137	1	232567	0.000373979398856723
17013	590	292	2	868167	0.000373979398856723
17013	1260	576	3	2184596	0.000373979398856723
17013	1819	997	4	4022770	0.000373979398856723
17013	1907	1460	5	5184193	0.000373979398856723
17013	1971	1830	6	5884359	0.000373979398856723
17013	2015	2056	7	6173152	0.000373979398856723
17013	2102	2172	8	6508927	0.000373979398856723
17013	2204	2227	9	6787835	0.000373979398856723
17013	1986	2252	10	7663224	0.000373979398856723
17013	2030	2263	11	7835676	0.000373979398856723
17013	2072	2267	12	8133163	0.000373979398856723
17013	2412	2269	13	8404248	0.000373979398856723
17013	2433	2270	14	8552058	0.000373979398856723
17013	2456	2271	15	8637338	0.000373979398856723
17013	2467	2271	16	8711648	0.000373979398856723
17013	2472	2271	17	8765757	0.000373979398856723
17015	0	219	0	621	0.00112888273911066
17015	206	430	1	232567	0.00112888273911066
17015	765	824	2	868167	0.00112888273911066
17015	3027	1508	3	2184596	0.00112888273911066
17015	5036	2560	4	4022770	0.00112888273911066
17015	6238	3911	5	5184193	0.00112888273911066
17015	6612	5296	6	5884359	0.00112888273911066
17015	6809	6422	7	6173152	0.00112888273911066
17015	7249	7179	8	6508927	0.00112888273911066
17015	7516	7623	9	6787835	0.00112888273911066
17015	8063	7865	10	7663224	0.00112888273911066
17015	8383	7990	11	7835676	0.00112888273911066
17015	8581	8053	12	8133163	0.00112888273911066
17015	9004	8085	13	8404248	0.00112888273911066
17015	9119	8101	14	8552058	0.00112888273911066
17015	9258	8109	15	8637338	0.00112888273911066
17015	9366	8113	16	8711648	0.00112888273911066
17015	9441	8115	17	8765757	0.00112888273911066
17017	0	317	0	621	0.000958583616356323
17017	164	532	1	232567	0.000958583616356323
17017	999	872	2	868167	0.000958583616356323
17017	2929	1380	3	2184596	0.000958583616356323
17017	4034	2073	4	4022770	0.000958583616356323
17017	4490	2916	5	5184193	0.000958583616356323
17017	5072	3804	6	5884359	0.000958583616356323
17017	5342	4612	7	6173152	0.000958583616356323
17017	5674	5253	8	6508927	0.000958583616356323
17017	5960	5710	9	6787835	0.000958583616356323
17017	6471	6010	10	7663224	0.000958583616356323
17017	6685	6198	11	7835676	0.000958583616356323
17017	6918	6311	12	8133163	0.000958583616356323
17017	7267	6378	13	8404248	0.000958583616356323
17017	7343	6417	14	8552058	0.000958583616356323
17017	7500	6439	15	8637338	0.000958583616356323
17017	7549	6452	16	8711648	0.000958583616356323
17017	7589	6460	17	8765757	0.000958583616356323
17019	0	802	0	621	0.0165476611451503
17019	4939	1538	1	232567	0.0165476611451503
17019	29374	2936	2	868167	0.0165476611451503
17019	50486	5552	3	2184596	0.0165476611451503
17019	72704	10314	4	4022770	0.0165476611451503
17019	88097	18573	5	5184193	0.0165476611451503
17019	98398	31750	6	5884359	0.0165476611451503
17019	102762	50216	7	6173152	0.0165476611451503
17019	107181	71888	8	6508927	0.0165476611451503
17019	111420	92603	9	6787835	0.0165476611451503
17019	119697	108862	10	7663224	0.0165476611451503
17019	122876	119761	11	7835676	0.0165476611451503
17019	128862	126315	12	8133163	0.0165476611451503
17019	133863	130004	13	8404248	0.0165476611451503
17019	134992	132001	14	8552058	0.0165476611451503
17019	136140	133061	15	8637338	0.0165476611451503
17019	137127	133617	16	8711648	0.0165476611451503
17019	137150	133907	17	8765757	0.0165476611451503
17021	0	544	0	621	0.0025492784344097
17021	361	972	1	232567	0.0025492784344097
17021	2573	1700	2	868167	0.0025492784344097
17021	5654	2864	3	2184596	0.0025492784344097
17021	8373	4563	4	4022770	0.0025492784344097
17021	9729	6735	5	5184193	0.0025492784344097
17021	10687	9086	6	5884359	0.0025492784344097
17021	11129	11216	7	6173152	0.0025492784344097
17021	11817	12853	8	6508927	0.0025492784344097
17021	12627	13961	9	6787835	0.0025492784344097
17021	13928	14648	10	7663224	0.0025492784344097
17021	14286	15050	11	7835676	0.0025492784344097
17021	14697	15279	12	8133163	0.0025492784344097
17021	15411	15406	13	8404248	0.0025492784344097
17021	15606	15475	14	8552058	0.0025492784344097
17021	15831	15514	15	8637338	0.0025492784344097
17021	15919	15535	16	8711648	0.0025492784344097
17021	15948	15546	17	8765757	0.0025492784344097
17023	0	276	0	621	0.00121853047008792
17023	185	478	1	232567	0.00121853047008792
17023	840	811	2	868167	0.00121853047008792
17023	2233	1330	3	2184596	0.00121853047008792
17023	3823	2076	4	4022770	0.00121853047008792
17023	4407	3031	5	5184193	0.00121853047008792
17023	4813	4086	6	5884359	0.00121853047008792
17023	5058	5077	7	6173152	0.00121853047008792
17023	5332	5878	8	6508927	0.00121853047008792
17023	5722	6449	9	6787835	0.00121853047008792
17023	6724	6820	10	7663224	0.00121853047008792
17023	6949	7048	11	7835676	0.00121853047008792
17023	7097	7183	12	8133163	0.00121853047008792
17023	7357	7261	13	8404248	0.00121853047008792
17023	7449	7306	14	8552058	0.00121853047008792
17023	7589	7331	15	8637338	0.00121853047008792
17023	7654	7345	16	8711648	0.00121853047008792
17023	7688	7353	17	8765757	0.00121853047008792
17025	0	394	0	621	0.00104041873697553
17025	202	641	1	232567	0.00104041873697553
17025	923	1011	2	868167	0.00104041873697553
17025	2489	1521	3	2184596	0.00104041873697553
17025	3080	2157	4	4022770	0.00104041873697553
17025	3339	2852	5	5184193	0.00104041873697553
17025	3534	3511	6	5884359	0.00104041873697553
17025	3653	4059	7	6173152	0.00104041873697553
17025	3925	4465	8	6508927	0.00104041873697553
17025	4233	4741	9	6787835	0.00104041873697553
17025	4681	4919	10	7663224	0.00104041873697553
17025	4778	5029	11	7835676	0.00104041873697553
17025	4875	5095	12	8133163	0.00104041873697553
17025	4980	5135	13	8404248	0.00104041873697553
17025	5020	5158	14	8552058	0.00104041873697553
17025	5060	5172	15	8637338	0.00104041873697553
17025	5081	5180	16	8711648	0.00104041873697553
17025	5085	5184	17	8765757	0.00104041873697553
17027	0	553	0	621	0.0029642148512041
17027	999	944	1	232567	0.0029642148512041
17027	3330	1588	2	868167	0.0029642148512041
17027	7705	2610	3	2184596	0.0029642148512041
17027	12722	4142	4	4022770	0.0029642148512041
17027	13800	6248	5	5184193	0.0029642148512041
17027	14654	8825	6	5884359	0.0029642148512041
17027	15158	11562	7	6173152	0.0029642148512041
17027	16219	14069	8	6508927	0.0029642148512041
17027	17145	16069	9	6787835	0.0029642148512041
17027	19371	17497	10	7663224	0.0029642148512041
17027	19933	18439	11	7835676	0.0029642148512041
17027	20370	19026	12	8133163	0.0029642148512041
17027	22007	19381	13	8404248	0.0029642148512041
17027	22032	19591	14	8552058	0.0029642148512041
17027	22366	19714	15	8637338	0.0029642148512041
17027	22487	19785	16	8711648	0.0029642148512041
17027	22576	19826	17	8765757	0.0029642148512041
17029	0	449	0	621	0.00399476918116189
17029	848	821	1	232567	0.00399476918116189
17029	4552	1483	2	868167	0.00399476918116189
17029	7605	2619	3	2184596	0.00399476918116189
17029	12932	4456	4	4022770	0.00399476918116189
17029	14789	7160	5	5184193	0.00399476918116189
17029	16133	10634	6	5884359	0.00399476918116189
17029	16939	14391	7	6173152	0.00399476918116189
17029	17807	17769	8	6508927	0.00399476918116189
17029	18944	20340	9	6787835	0.00399476918116189
17029	20957	22057	10	7663224	0.00399476918116189
17029	21407	23107	11	7835676	0.00399476918116189
17029	21946	23715	12	8133163	0.00399476918116189
17029	22588	24055	13	8404248	0.00399476918116189
17029	22948	24243	14	8552058	0.00399476918116189
17029	23297	24345	15	8637338	0.00399476918116189
17029	23435	24400	16	8711648	0.00399476918116189
17029	23417	24430	17	8765757	0.00399476918116189
17031	261	30108	0	621	0.406431956385748
17031	91960	56196	1	232567	0.406431956385748
17031	339378	104231	2	868167	0.406431956385748
17031	824906	191116	3	2184596	0.406431956385748
17031	1649013	343326	4	4022770	0.406431956385748
17031	2183112	595616	5	5184193	0.406431956385748
17031	2503234	977746	6	5884359	0.406431956385748
17031	2628903	1484179	7	6173152	0.406431956385748
17031	2761820	2048491	8	6508927	0.406431956385748
17031	2872312	2567739	9	6787835	0.406431956385748
17031	3247485	2967842	10	7663224	0.406431956385748
17031	3321208	3236019	11	7835676	0.406431956385748
17031	3461581	3399389	12	8133163	0.406431956385748
17031	3585670	3493183	13	8404248	0.406431956385748
17031	3665135	3545207	14	8552058	0.406431956385748
17031	3720661	3573512	15	8637338	0.406431956385748
17031	3755094	3588751	16	8711648	0.406431956385748
17031	3769651	3596909	17	8765757	0.406431956385748
17033	0	240	0	621	0.00147311108640187
17033	316	430	1	232567	0.00147311108640187
17033	1388	756	2	868167	0.00147311108640187
17033	3598	1291	3	2184596	0.00147311108640187
17033	5588	2105	4	4022770	0.00147311108640187
17033	6131	3213	5	5184193	0.00147311108640187
17033	6595	4510	6	5884359	0.00147311108640187
17033	6937	5787	7	6173152	0.00147311108640187
17033	7307	6847	8	6508927	0.00147311108640187
17033	7864	7609	9	6787835	0.00147311108640187
17033	8280	8102	10	7663224	0.00147311108640187
17033	8509	8399	11	7835676	0.00147311108640187
17033	8763	8571	12	8133163	0.00147311108640187
17033	9368	8668	13	8404248	0.00147311108640187
17033	9405	8722	14	8552058	0.00147311108640187
17033	9538	8752	15	8637338	0.00147311108640187
17033	9638	8768	16	8711648	0.00147311108640187
17033	9666	8777	17	8765757	0.00147311108640187
17035	0	199	0	621	0.000849601647624284
17035	113	343	1	232567	0.000849601647624284
17035	564	577	2	868167	0.000849601647624284
17035	1707	936	3	2184596	0.000849601647624284
17035	2324	1436	4	4022770	0.000849601647624284
17035	2598	2049	5	5184193	0.000849601647624284
17035	2760	2693	6	5884359	0.000849601647624284
17035	2884	3267	7	6173152	0.000849601647624284
17035	3019	3711	8	6508927	0.000849601647624284
17035	3247	4016	9	6787835	0.000849601647624284
17035	3842	4210	10	7663224	0.000849601647624284
17035	3948	4327	11	7835676	0.000849601647624284
17035	4002	4396	12	8133163	0.000849601647624284
17035	4120	4435	13	8404248	0.000849601647624284
17035	4153	4457	14	8552058	0.000849601647624284
17035	4208	4470	15	8637338	0.000849601647624284
17035	4228	4477	16	8711648	0.000849601647624284
17035	4188	4481	17	8765757	0.000849601647624284
17037	0	450	0	621	0.00827797362352262
17037	1505	844	1	232567	0.00827797362352262
17037	5077	1575	2	868167	0.00827797362352262
17037	13172	2909	3	2184596	0.00827797362352262
17037	27045	5274	4	4022770	0.00827797362352262
17037	35176	9254	5	5184193	0.00827797362352262
17037	40116	15410	6	5884359	0.00827797362352262
17037	42019	23782	7	6173152	0.00827797362352262
17037	44183	33379	8	6508927	0.00827797362352262
17037	45998	42444	9	6787835	0.00827797362352262
17037	52955	49568	10	7663224	0.00827797362352262
17037	54220	54401	11	7835676	0.00827797362352262
17037	55953	57361	12	8133163	0.00827797362352262
17037	57696	59061	13	8404248	0.00827797362352262
17037	58576	60003	14	8552058	0.00827797362352262
17037	59282	60513	15	8637338	0.00827797362352262
17037	59709	60787	16	8711648	0.00827797362352262
17037	59843	60933	17	8765757	0.00827797362352262
17039	0	189	0	621	0.00123407677554789
17039	281	341	1	232567	0.00123407677554789
17039	1022	608	2	868167	0.00123407677554789
17039	2940	1054	3	2184596	0.00123407677554789
17039	3908	1750	4	4022770	0.00123407677554789
17039	5127	2726	5	5184193	0.00123407677554789
17039	5711	3904	6	5884359	0.00123407677554789
17039	6029	5097	7	6173152	0.00123407677554789
17039	6410	6109	8	6508927	0.00123407677554789
17039	6806	6845	9	6787835	0.00123407677554789
17039	7520	7323	10	7663224	0.00123407677554789
17039	7690	7611	11	7835676	0.00123407677554789
17039	7859	7776	12	8133163	0.00123407677554789
17039	8100	7869	13	8404248	0.00123407677554789
17039	8179	7920	14	8552058	0.00123407677554789
17039	8244	7948	15	8637338	0.00123407677554789
17039	8299	7963	16	8711648	0.00123407677554789
17039	8327	7972	17	8765757	0.00123407677554789
17041	0	220	0	621	0.00153608546080315
17041	357	391	1	232567	0.00153608546080315
17041	1238	687	2	868167	0.00153608546080315
17041	2909	1175	3	2184596	0.00153608546080315
17041	4776	1933	4	4022770	0.00153608546080315
17041	5752	2997	5	5184193	0.00153608546080315
17041	6390	4301	6	5884359	0.00153608546080315
17041	6737	5655	7	6173152	0.00153608546080315
17041	7226	6841	8	6508927	0.00153608546080315
17041	7660	7734	9	6787835	0.00153608546080315
17041	8454	8333	10	7663224	0.00153608546080315
17041	8661	8705	11	7835676	0.00153608546080315
17041	8883	8924	12	8133163	0.00153608546080315
17041	9211	9049	13	8404248	0.00153608546080315
17041	9319	9120	14	8552058	0.00153608546080315
17041	9461	9159	15	8637338	0.00153608546080315
17041	9551	9181	16	8711648	0.00153608546080315
17041	9577	9193	17	8765757	0.00153608546080315
17043	76	5685	0	621	0.0728325471137889
17043	21221	11521	1	232567	0.0728325471137889
17043	64052	23130	2	868167	0.0728325471137889
17043	164470	45588	3	2184596	0.0728325471137889
17043	322070	86791	4	4022770	0.0728325471137889
17043	441191	155510	5	5184193	0.0728325471137889
17043	503669	253739	6	5884359	0.0728325471137889
17043	525269	367117	7	6173152	0.0728325471137889
17043	548489	469740	8	6508927	0.0728325471137889
17043	565574	544105	9	6787835	0.0728325471137889
17043	631934	589754	10	7663224	0.0728325471137889
17043	643197	614981	11	7835676	0.0728325471137889
17043	673866	628117	12	8133163	0.0728325471137889
17043	694121	634746	13	8404248	0.0728325471137889
17043	701824	638039	14	8552058	0.0728325471137889
17043	709397	639661	15	8637338	0.0728325471137889
17043	714102	640457	16	8711648	0.0728325471137889
17043	715364	640847	17	8765757	0.0728325471137889
17045	0	217	0	621	0.00135426471065208
17045	296	371	1	232567	0.00135426471065208
17045	1081	627	2	868167	0.00135426471065208
17045	2414	1035	3	2184596	0.00135426471065208
17045	4286	1649	4	4022770	0.00135426471065208
17045	4807	2496	5	5184193	0.00135426471065208
17045	5346	3534	6	5884359	0.00135426471065208
17045	5670	4638	7	6173152	0.00135426471065208
17045	6037	5648	8	6508927	0.00135426471065208
17045	6459	6452	9	6787835	0.00135426471065208
17045	7390	7023	10	7663224	0.00135426471065208
17045	7595	7399	11	7835676	0.00135426471065208
17045	7813	7632	12	8133163	0.00135426471065208
17045	8093	7772	13	8404248	0.00135426471065208
17045	8227	7855	14	8552058	0.00135426471065208
17045	8291	7903	15	8637338	0.00135426471065208
17045	8383	7930	16	8711648	0.00135426471065208
17045	8436	7946	17	8765757	0.00135426471065208
17047	0	133	0	621	0.0005046630630278
17047	0	243	1	232567	0.0005046630630278
17047	299	426	2	868167	0.0005046630630278
17047	1062	707	3	2184596	0.0005046630630278
17047	1536	1078	4	4022770	0.0005046630630278
17047	1683	1490	5	5184193	0.0005046630630278
17047	1806	1862	6	5884359	0.0005046630630278
17047	1873	2144	7	6173152	0.0005046630630278
17047	1993	2328	8	6508927	0.0005046630630278
17047	2153	2438	9	6787835	0.0005046630630278
17047	2251	2501	10	7663224	0.0005046630630278
17047	2322	2534	11	7835676	0.0005046630630278
17047	2393	2553	12	8133163	0.0005046630630278
17047	2530	2562	13	8404248	0.0005046630630278
17047	2536	2567	14	8552058	0.0005046630630278
17047	2573	2570	15	8637338	0.0005046630630278
17047	2577	2571	16	8711648	0.0005046630630278
17047	2507	2572	17	8765757	0.0005046630630278
17049	0	682	0	621	0.00268375003087559
17049	591	1169	1	232567	0.00268375003087559
17049	2318	1957	2	868167	0.00268375003087559
17049	4980	3164	3	2184596	0.00268375003087559
17049	8576	4853	4	4022770	0.00268375003087559
17049	9721	6950	5	5184193	0.00268375003087559
17049	10582	9194	6	5884359	0.00268375003087559
17049	11082	11245	7	6173152	0.00268375003087559
17049	11914	12866	8	6508927	0.00268375003087559
17049	12783	14007	9	6787835	0.00268375003087559
17049	14956	14745	10	7663224	0.00268375003087559
17049	15357	15197	11	7835676	0.00268375003087559
17049	15758	15466	12	8133163	0.00268375003087559
17049	16242	15621	13	8404248	0.00268375003087559
17049	16425	15711	14	8552058	0.00268375003087559
17049	16617	15761	15	8637338	0.00268375003087559
17049	16719	15790	16	8711648	0.00268375003087559
17049	16711	15807	17	8765757	0.00268375003087559
17051	0	577	0	621	0.00168373590504474
17051	230	889	1	232567	0.00168373590504474
17051	952	1342	2	868167	0.00168373590504474
17051	2669	1965	3	2184596	0.00168373590504474
17051	3727	2764	4	4022770	0.00168373590504474
17051	4255	3701	5	5184193	0.00168373590504474
17051	4527	4691	6	5884359	0.00168373590504474
17051	4746	5628	7	6173152	0.00168373590504474
17051	5149	6428	8	6508927	0.00168373590504474
17051	5652	7051	9	6787835	0.00168373590504474
17051	6817	7505	10	7663224	0.00168373590504474
17051	7076	7818	11	7835676	0.00168373590504474
17051	7202	8026	12	8133163	0.00168373590504474
17051	7553	8161	13	8404248	0.00168373590504474
17051	7588	8248	14	8552058	0.00168373590504474
17051	7706	8303	15	8637338	0.00168373590504474
17051	7763	8337	16	8711648	0.00168373590504474
17051	7785	8359	17	8765757	0.00168373590504474
17053	0	120	0	621	0.00102282063485587
17053	264	207	1	232567	0.00102282063485587
17053	910	356	2	868167	0.00102282063485587
17053	2637	601	3	2184596	0.00102282063485587
17053	3916	987	4	4022770	0.00102282063485587
17053	4565	1559	5	5184193	0.00102282063485587
17053	5092	2328	6	5884359	0.00102282063485587
17053	5328	3235	7	6173152	0.00102282063485587
17053	5635	4160	8	6508927	0.00102282063485587
17053	5934	4968	9	6787835	0.00102282063485587
17053	6488	5586	10	7663224	0.00102282063485587
17053	6694	6012	11	7835676	0.00102282063485587
17053	6980	6286	12	8133163	0.00102282063485587
17053	7272	6453	13	8404248	0.00102282063485587
17053	7351	6552	14	8552058	0.00102282063485587
17053	7485	6610	15	8637338	0.00102282063485587
17053	7521	6643	16	8711648	0.00102282063485587
17053	7528	6662	17	8765757	0.00102282063485587
17055	0	969	0	621	0.00303579098852485
17055	494	1571	1	232567	0.00303579098852485
17055	2215	2490	2	868167	0.00303579098852485
17055	5686	3816	3	2184596	0.00303579098852485
17055	9000	5583	4	4022770	0.00303579098852485
17055	10109	7701	5	5184193	0.00303579098852485
17055	10941	9942	6	5884359	0.00303579098852485
17055	11496	12020	7	6173152	0.00303579098852485
17055	12439	13725	8	6508927	0.00303579098852485
17055	13640	14987	9	6787835	0.00303579098852485
17055	15738	15853	10	7663224	0.00303579098852485
17055	16172	16417	11	7835676	0.00303579098852485
17055	16431	16771	12	8133163	0.00303579098852485
17055	16892	16989	13	8404248	0.00303579098852485
17055	17050	17121	14	8552058	0.00303579098852485
17055	17190	17201	15	8637338	0.00303579098852485
17055	17341	17248	16	8711648	0.00303579098852485
17055	17374	17277	17	8765757	0.00303579098852485
17057	0	690	0	621	0.00270994989591472
17057	508	1178	1	232567	0.00270994989591472
17057	3346	1972	2	868167	0.00270994989591472
17057	6380	3204	3	2184596	0.00270994989591472
17057	11117	4975	4	4022770	0.00270994989591472
17057	12525	7261	5	5184193	0.00270994989591472
17057	13379	9839	6	5884359	0.00270994989591472
17057	13812	12333	7	6173152	0.00270994989591472
17057	14438	14416	8	6508927	0.00270994989591472
17057	15157	15952	9	6787835	0.00270994989591472
17057	17902	16982	10	7663224	0.00270994989591472
17057	18323	17631	11	7835676	0.00270994989591472
17057	18764	18024	12	8133163	0.00270994989591472
17057	19390	18256	13	8404248	0.00270994989591472
17057	19347	18391	14	8552058	0.00270994989591472
17057	19707	18468	15	8637338	0.00270994989591472
17057	19856	18513	16	8711648	0.00270994989591472
17057	19854	18538	17	8765757	0.00270994989591472
17059	0	67	0	621	0.000381002856653357
17059	108	116	1	232567	0.000381002856653357
17059	458	199	2	868167	0.000381002856653357
17059	1095	332	3	2184596	0.000381002856653357
17059	1565	532	4	4022770	0.000381002856653357
17059	1679	804	5	5184193	0.000381002856653357
17059	1807	1130	6	5884359	0.000381002856653357
17059	1877	1463	7	6173152	0.000381002856653357
17059	1993	1755	8	6508927	0.000381002856653357
17059	2142	1976	9	6787835	0.000381002856653357
17059	2327	2127	10	7663224	0.000381002856653357
17059	2396	2223	11	7835676	0.000381002856653357
17059	2466	2281	12	8133163	0.000381002856653357
17059	2609	2315	13	8404248	0.000381002856653357
17059	2624	2334	14	8552058	0.000381002856653357
17059	2652	2345	15	8637338	0.000381002856653357
17059	2662	2352	16	8711648	0.000381002856653357
17059	2666	2355	17	8765757	0.000381002856653357
17061	0	246	0	621	0.00102345195690501
17061	301	440	1	232567	0.00102345195690501
17061	1368	764	2	868167	0.00102345195690501
17061	2791	1271	3	2184596	0.00102345195690501
17061	3427	1978	4	4022770	0.00102345195690501
17061	3749	2825	5	5184193	0.00102345195690501
17061	4020	3675	6	5884359	0.00102345195690501
17061	4166	4386	7	6173152	0.00102345195690501
17061	4398	4898	8	6508927	0.00102345195690501
17061	4682	5227	9	6787835	0.00102345195690501
17061	4678	5424	10	7663224	0.00102345195690501
17061	4860	5536	11	7835676	0.00102345195690501
17061	4971	5599	12	8133163	0.00102345195690501
17061	5575	5633	13	8404248	0.00102345195690501
17061	5608	5652	14	8552058	0.00102345195690501
17061	5717	5662	15	8637338	0.00102345195690501
17061	5739	5667	16	8711648	0.00102345195690501
17061	5737	5670	17	8765757	0.00102345195690501
17063	0	502	0	621	0.00402893948707135
17063	928	897	1	232567	0.00402893948707135
17063	2698	1583	2	868167	0.00402893948707135
17063	6504	2743	3	2184596	0.00402893948707135
17063	13230	4605	4	4022770	0.00402893948707135
17063	16658	7370	5	5184193	0.00402893948707135
17063	18708	11026	6	5884359	0.00402893948707135
17063	19642	15186	7	6173152	0.00402893948707135
17063	21018	19183	8	6508927	0.00402893948707135
17063	22192	22446	9	6787835	0.00402893948707135
17063	26005	24773	10	7663224	0.00402893948707135
17063	26685	26278	11	7835676	0.00402893948707135
17063	27574	27190	12	8133163	0.00402893948707135
17063	28620	27721	13	8404248	0.00402893948707135
17063	29045	28024	14	8552058	0.00402893948707135
17063	29444	28194	15	8637338	0.00402893948707135
17063	29657	28288	16	8711648	0.00402893948707135
17063	29769	28341	17	8765757	0.00402893948707135
17065	0	154	0	621	0.000640476218848104
17065	99	269	1	232567	0.000640476218848104
17065	605	458	2	868167	0.000640476218848104
17065	1387	747	3	2184596	0.000640476218848104
17065	1877	1145	4	4022770	0.000640476218848104
17065	2003	1622	5	5184193	0.000640476218848104
17065	2132	2105	6	5884359	0.000640476218848104
17065	2227	2519	7	6173152	0.000640476218848104
17065	2386	2826	8	6508927	0.000640476218848104
17065	2632	3029	9	6787835	0.000640476218848104
17065	2703	3154	10	7663224	0.000640476218848104
17065	2786	3227	11	7835676	0.000640476218848104
17065	2831	3269	12	8133163	0.000640476218848104
17065	3101	3292	13	8404248	0.000640476218848104
17065	3117	3306	14	8552058	0.000640476218848104
17065	3173	3313	15	8637338	0.000640476218848104
17065	3195	3317	16	8711648	0.000640476218848104
17065	3133	3319	17	8765757	0.000640476218848104
17067	0	324	0	621	0.00139743135576173
17067	332	592	1	232567	0.00139743135576173
17067	1982	1051	2	868167	0.00139743135576173
17067	4080	1784	3	2184596	0.00139743135576173
17067	5093	2828	4	4022770	0.00139743135576173
17067	5631	4099	5	5184193	0.00139743135576173
17067	6074	5380	6	5884359	0.00139743135576173
17067	6300	6447	7	6173152	0.00139743135576173
17067	6718	7203	8	6508927	0.00139743135576173
17067	7063	7681	9	6787835	0.00139743135576173
17067	7755	7961	10	7663224	0.00139743135576173
17067	7942	8117	11	7835676	0.00139743135576173
17067	8062	8203	12	8133163	0.00139743135576173
17067	8392	8248	13	8404248	0.00139743135576173
17067	8309	8273	14	8552058	0.00139743135576173
17067	8458	8286	15	8637338	0.00139743135576173
17067	8620	8293	16	8711648	0.00139743135576173
17067	8326	8297	17	8765757	0.00139743135576173
17069	0	109	0	621	0.000301535193718409
17069	55	178	1	232567	0.000301535193718409
17069	398	282	2	868167	0.000301535193718409
17069	655	428	3	2184596	0.000301535193718409
17069	953	616	4	4022770	0.000301535193718409
17069	1046	826	5	5184193	0.000301535193718409
17069	1113	1032	6	5884359	0.000301535193718409
17069	1163	1209	7	6173152	0.000301535193718409
17069	1201	1342	8	6508927	0.000301535193718409
17069	1331	1435	9	6787835	0.000301535193718409
17069	1379	1495	10	7663224	0.000301535193718409
17069	1443	1532	11	7835676	0.000301535193718409
17069	1454	1555	12	8133163	0.000301535193718409
17069	1571	1569	13	8404248	0.000301535193718409
17069	1568	1577	14	8552058	0.000301535193718409
17069	1584	1581	15	8637338	0.000301535193718409
17069	1602	1584	16	8711648	0.000301535193718409
17069	1608	1586	17	8765757	0.000301535193718409
17071	0	92	0	621	0.000524470792319431
17071	0	188	1	232567	0.000524470792319431
17071	466	372	2	868167	0.000524470792319431
17071	965	695	3	2184596	0.000524470792319431
17071	1930	1180	4	4022770	0.000524470792319431
17071	2164	1764	5	5184193	0.000524470792319431
17071	2321	2308	6	5884359	0.000524470792319431
17071	2410	2703	7	6173152	0.000524470792319431
17071	2568	2942	8	6508927	0.000524470792319431
17071	2690	3071	9	6787835	0.000524470792319431
17071	2493	3136	10	7663224	0.000524470792319431
17071	2606	3168	11	7835676	0.000524470792319431
17071	2717	3184	12	8133163	0.000524470792319431
17071	3146	3191	13	8404248	0.000524470792319431
17071	3184	3194	14	8552058	0.000524470792319431
17071	3248	3196	15	8637338	0.000524470792319431
17071	3279	3197	16	8711648	0.000524470792319431
17071	3296	3197	17	8765757	0.000524470792319431
17073	0	468	0	621	0.00385998192367143
17073	1067	917	1	232567	0.00385998192367143
17073	3291	1771	2	868167	0.00385998192367143
17073	9355	3320	3	2184596	0.00385998192367143
17073	16114	5914	4	4022770	0.00385998192367143
17073	19387	9719	5	5184193	0.00385998192367143
17073	21241	14345	6	5884359	0.00385998192367143
17073	22068	18841	7	6173152	0.00385998192367143
17073	23051	22353	8	6508927	0.00385998192367143
17073	23939	24657	9	6787835	0.00385998192367143
17073	26375	26001	10	7663224	0.00385998192367143
17073	26926	26731	11	7835676	0.00385998192367143
17073	27406	27112	12	8133163	0.00385998192367143
17073	28830	27308	13	8404248	0.00385998192367143
17073	28328	27407	14	8552058	0.00385998192367143
17073	28718	27457	15	8637338	0.00385998192367143
17073	29068	27482	16	8711648	0.00385998192367143
17073	29180	27494	17	8765757	0.00385998192367143
17075	0	374	0	621	0.00213970825503296
17075	681	652	1	232567	0.00213970825503296
17075	2053	1119	2	868167	0.00213970825503296
17075	5042	1868	3	2184596	0.00213970825503296
17075	7494	2988	4	4022770	0.00213970825503296
17075	8723	4499	5	5184193	0.00213970825503296
17075	9424	6276	6	5884359	0.00213970825503296
17075	9989	8061	7	6173152	0.00213970825503296
17075	10582	9588	8	6508927	0.00213970825503296
17075	11242	10727	9	6787835	0.00213970825503296
17075	12283	11491	10	7663224	0.00213970825503296
17075	12605	11969	11	7835676	0.00213970825503296
17075	12916	12255	12	8133163	0.00213970825503296
17075	13506	12420	13	8404248	0.00213970825503296
17075	13626	12515	14	8552058	0.00213970825503296
17075	13838	12569	15	8637338	0.00213970825503296
17075	13912	12600	16	8711648	0.00213970825503296
17075	13934	12617	17	8765757	0.00213970825503296
17077	0	600	0	621	0.00447844078605593
17077	772	1032	1	232567	0.00447844078605593
17077	3112	1757	2	868167	0.00447844078605593
17077	14547	2944	3	2184596	0.00447844078605593
17077	17281	4801	4	4022770	0.00447844078605593
17077	18547	7520	5	5184193	0.00447844078605593
17077	19937	11135	6	5884359	0.00447844078605593
17077	20643	15369	7	6173152	0.00447844078605593
17077	21823	19651	8	6508927	0.00447844078605593
17077	23098	23386	9	6787835	0.00447844078605593
17077	26846	26245	10	7663224	0.00447844078605593
17077	27500	28223	11	7835676	0.00447844078605593
17077	28114	29496	12	8133163	0.00447844078605593
17077	29017	30280	13	8404248	0.00447844078605593
17077	29225	30748	14	8552058	0.00447844078605593
17077	29563	31022	15	8637338	0.00447844078605593
17077	29806	31182	16	8711648	0.00447844078605593
17077	29743	31274	17	8765757	0.00447844078605593
17079	0	191	0	621	0.000758375611524184
17079	153	318	1	232567	0.000758375611524184
17079	683	520	2	868167	0.000758375611524184
17079	1412	823	3	2184596	0.000758375611524184
17079	2114	1242	4	4022770	0.000758375611524184
17079	2347	1760	5	5184193	0.000758375611524184
17079	2517	2322	6	5884359	0.000758375611524184
17079	2629	2849	7	6173152	0.000758375611524184
17079	2783	3279	8	6508927	0.000758375611524184
17079	2993	3594	9	6787835	0.000758375611524184
17079	3716	3806	10	7663224	0.000758375611524184
17079	3826	3940	11	7835676	0.000758375611524184
17079	3873	4022	12	8133163	0.000758375611524184
17079	3943	4072	13	8404248	0.000758375611524184
17079	3975	4101	14	8552058	0.000758375611524184
17079	4036	4118	15	8637338	0.000758375611524184
17079	4056	4128	16	8711648	0.000758375611524184
17079	4056	4134	17	8765757	0.000758375611524184
17081	0	1327	0	621	0.00297384251245342
17081	581	1981	1	232567	0.00297384251245342
17081	1777	2898	2	868167	0.00297384251245342
17081	6637	4123	3	2184596	0.00297384251245342
17081	8931	5658	4	4022770	0.00297384251245342
17081	9974	7433	5	5184193	0.00297384251245342
17081	10861	9306	6	5884359	0.00297384251245342
17081	11372	11101	7	6173152	0.00297384251245342
17081	12247	12670	8	6508927	0.00297384251245342
17081	13155	13933	9	6787835	0.00297384251245342
17081	15154	14886	10	7663224	0.00297384251245342
17081	15857	15569	11	7835676	0.00297384251245342
17081	16507	16041	12	8133163	0.00297384251245342
17081	17310	16360	13	8404248	0.00297384251245342
17081	17468	16571	14	8552058	0.00297384251245342
17081	17658	16709	15	8637338	0.00297384251245342
17081	17813	16799	16	8711648	0.00297384251245342
17081	17847	16857	17	8765757	0.00297384251245342
17083	0	303	0	621	0.00171822187197878
17083	570	550	1	232567	0.00171822187197878
17083	3193	980	2	868167	0.00171822187197878
17083	4652	1693	3	2184596	0.00171822187197878
17083	7328	2784	4	4022770	0.00171822187197878
17083	8144	4261	5	5184193	0.00171822187197878
17083	8832	5966	6	5884359	0.00171822187197878
17083	9178	7604	7	6173152	0.00171822187197878
17083	9811	8924	8	6508927	0.00171822187197878
17083	10364	9843	9	6787835	0.00171822187197878
17083	11000	10422	10	7663224	0.00171822187197878
17083	11259	10763	11	7835676	0.00171822187197878
17083	11531	10955	12	8133163	0.00171822187197878
17083	11986	11062	13	8404248	0.00171822187197878
17083	12084	11120	14	8552058	0.00171822187197878
17083	12152	11152	15	8637338	0.00171822187197878
17083	12201	11169	16	8711648	0.00171822187197878
17083	12221	11178	17	8765757	0.00171822187197878
17085	0	288	0	621	0.00167576546417441
17085	421	683	1	232567	0.00167576546417441
17085	1842	1556	2	868167	0.00167576546417441
17085	5075	3263	3	2184596	0.00167576546417441
17085	10602	5922	4	4022770	0.00167576546417441
17085	12454	8882	5	5184193	0.00167576546417441
17085	13066	11165	6	5884359	0.00167576546417441
17085	13306	12476	7	6173152	0.00167576546417441
17085	13810	13106	8	6508927	0.00167576546417441
17085	14182	13382	9	6787835	0.00167576546417441
17085	13436	13499	10	7663224	0.00167576546417441
17085	15409	13547	11	7835676	0.00167576546417441
17085	15836	13567	12	8133163	0.00167576546417441
17085	16176	13575	13	8404248	0.00167576546417441
17085	16305	13578	14	8552058	0.00167576546417441
17085	16410	13580	15	8637338	0.00167576546417441
17085	16619	13580	16	8711648	0.00167576546417441
17085	16746	13580	17	8765757	0.00167576546417441
17087	0	172	0	621	0.000979890735514651
17087	124	274	1	232567	0.000979890735514651
17087	527	433	2	868167	0.000979890735514651
17087	1903	674	3	2184596	0.000979890735514651
17087	2696	1025	4	4022770	0.000979890735514651
17087	2926	1507	5	5184193	0.000979890735514651
17087	3122	2121	6	5884359	0.000979890735514651
17087	3289	2829	7	6173152	0.000979890735514651
17087	3610	3560	8	6508927	0.000979890735514651
17087	4042	4232	9	6787835	0.000979890735514651
17087	5537	4789	10	7663224	0.000979890735514651
17087	5692	5211	11	7835676	0.000979890735514651
17087	6068	5509	12	8133163	0.000979890735514651
17087	6309	5710	13	8404248	0.000979890735514651
17087	6290	5842	14	8552058	0.000979890735514651
17087	6452	5925	15	8637338	0.000979890735514651
17087	6485	5978	16	8711648	0.000979890735514651
17087	6537	6011	17	8765757	0.000979890735514651
17089	0	2176	0	621	0.0420147191157451
17089	7016	4118	1	232567	0.0420147191157451
17089	23476	7751	2	868167	0.0420147191157451
17089	77476	14452	3	2184596	0.0420147191157451
17089	146707	26486	4	4022770	0.0420147191157451
17089	203561	47090	5	5184193	0.0420147191157451
17089	235229	79653	6	5884359	0.0420147191157451
17089	248784	125119	7	6173152	0.0420147191157451
17089	263552	178732	8	6508927	0.0420147191157451
17089	274387	230673	9	6787835	0.0420147191157451
17089	314018	272251	10	7663224	0.0420147191157451
17089	320177	300736	11	7835676	0.0420147191157451
17089	332713	318233	12	8133163	0.0420147191157451
17089	344147	328270	13	8404248	0.0420147191157451
17089	350416	333802	14	8552058	0.0420147191157451
17089	356028	336785	15	8637338	0.0420147191157451
17089	359584	338374	16	8711648	0.0420147191157451
17089	360510	339215	17	8765757	0.0420147191157451
17091	0	1393	0	621	0.00866978787026742
17091	2113	2357	1	232567	0.00866978787026742
17091	6638	3944	2	868167	0.00866978787026742
17091	13416	6473	3	2184596	0.00866978787026742
17091	26064	10317	4	4022770	0.00866978787026742
17091	33132	15749	5	5184193	0.00866978787026742
17091	37283	22685	6	5884359	0.00866978787026742
17091	39443	30482	7	6173152	0.00866978787026742
17091	41969	38085	8	6508927	0.00866978787026742
17091	44466	44537	9	6787835	0.00866978787026742
17091	50055	49398	10	7663224	0.00866978787026742
17091	51700	52741	11	7835676	0.00866978787026742
17091	53330	54898	12	8133163	0.00866978787026742
17091	55516	56235	13	8404248	0.00866978787026742
17091	56462	57041	14	8552058	0.00866978787026742
17091	57266	57520	15	8637338	0.00866978787026742
17091	57772	57802	16	8711648	0.00866978787026742
17091	57965	57967	17	8765757	0.00866978787026742
17093	0	895	0	621	0.0101792788897507
17093	2238	1675	1	232567	0.0101792788897507
17093	9409	3108	2	868167	0.0101792788897507
17093	19939	5683	3	2184596	0.0101792788897507
17093	36676	10121	4	4022770	0.0101792788897507
17093	49960	17255	5	5184193	0.0101792788897507
17093	57644	27523	6	5884359	0.0101792788897507
17093	60686	40181	7	6173152	0.0101792788897507
17093	64191	53110	8	6508927	0.0101792788897507
17093	67125	64014	9	6787835	0.0101792788897507
17093	76765	71819	10	7663224	0.0101792788897507
17093	78463	76775	11	7835676	0.0101792788897507
17093	82186	79685	12	8133163	0.0101792788897507
17093	85459	81317	13	8404248	0.0101792788897507
17093	86990	82208	14	8552058	0.0101792788897507
17093	88338	82688	15	8637338	0.0101792788897507
17093	89014	82944	16	8711648	0.0101792788897507
17093	89416	83081	17	8765757	0.0101792788897507
17095	0	835	0	621	0.003922009314999
17095	1105	1454	1	232567	0.003922009314999
17095	5114	2491	2	868167	0.003922009314999
17095	9764	4151	3	2184596	0.003922009314999
17095	15700	6633	4	4022770	0.003922009314999
17095	18195	9982	5	5184193	0.003922009314999
17095	19861	13930	6	5884359	0.003922009314999
17095	20780	17906	7	6173152	0.003922009314999
17095	21927	21320	8	6508927	0.003922009314999
17095	22927	23876	9	6787835	0.003922009314999
17095	26413	25598	10	7663224	0.003922009314999
17095	27082	26678	11	7835676	0.003922009314999
17095	27627	27326	12	8133163	0.003922009314999
17095	28512	27703	13	8404248	0.003922009314999
17095	28898	27919	14	8552058	0.003922009314999
17095	29353	28042	15	8637338	0.003922009314999
17095	29536	28111	16	8711648	0.003922009314999
17095	29438	28150	17	8765757	0.003922009314999
17097	0	2698	0	621	0.0549672379368364
17097	10279	5063	1	232567	0.0549672379368364
17097	38498	9462	2	868167	0.0549672379368364
17097	109088	17544	3	2184596	0.0549672379368364
17097	214870	32073	4	4022770	0.0549672379368364
17097	295745	57185	5	5184193	0.0549672379368364
17097	348381	97785	6	5884359	0.0549672379368364
17097	368663	156828	7	6173152	0.0549672379368364
17097	393991	230692	8	6508927	0.0549672379368364
17097	410308	307490	9	6787835	0.0549672379368364
17097	470697	373408	10	7663224	0.0549672379368364
17097	484664	421301	11	7835676	0.0549672379368364
17097	511858	452046	12	8133163	0.0549672379368364
17097	521722	470243	13	8404248	0.0549672379368364
17097	533896	480501	14	8552058	0.0549672379368364
17097	540878	486123	15	8637338	0.0549672379368364
17097	547386	489159	16	8711648	0.0549672379368364
17097	552102	490784	17	8765757	0.0549672379368364
17099	0	893	0	621	0.00857564196969007
17099	2326	1567	1	232567	0.00857564196969007
17099	7569	2726	2	868167	0.00857564196969007
17099	15508	4675	3	2184596	0.00857564196969007
17099	27249	7828	4	4022770	0.00857564196969007
17099	36624	12628	5	5184193	0.00857564196969007
17099	41984	19293	6	5884359	0.00857564196969007
17099	44487	27458	7	6173152	0.00857564196969007
17099	47228	36055	8	6508927	0.00857564196969007
17099	49450	43778	9	6787835	0.00857564196969007
17099	31244	49787	10	7663224	0.00857564196969007
17099	58534	53960	11	7835676	0.00857564196969007
17099	59748	56634	12	8133163	0.00857564196969007
17099	62674	58261	13	8404248	0.00857564196969007
17099	62341	59219	14	8552058	0.00857564196969007
17099	63012	59773	15	8637338	0.00857564196969007
17099	63545	60090	16	8711648	0.00857564196969007
17099	63775	60270	17	8765757	0.00857564196969007
17101	0	586	0	621	0.00123723338579357
17101	139	857	1	232567	0.00123723338579357
17101	1254	1225	2	868167	0.00123723338579357
17101	2525	1704	3	2184596	0.00123723338579357
17101	3336	2289	4	4022770	0.00123723338579357
17101	3614	2952	5	5184193	0.00123723338579357
17101	3827	3640	6	5884359	0.00123723338579357
17101	4003	4294	7	6173152	0.00123723338579357
17101	4234	4866	8	6508927	0.00123723338579357
17101	4603	5329	9	6787835	0.00123723338579357
17101	6056	5683	10	7663224	0.00123723338579357
17101	6158	5941	11	7835676	0.00123723338579357
17101	6249	6122	12	8133163	0.00123723338579357
17101	6404	6247	13	8404248	0.00123723338579357
17101	6340	6331	14	8552058	0.00123723338579357
17101	6409	6387	15	8637338	0.00123723338579357
17101	6437	6425	16	8711648	0.00123723338579357
17101	6451	6449	17	8765757	0.00123723338579357
17103	0	303	0	621	0.00269069457341609
17103	646	546	1	232567	0.00269069457341609
17103	2589	973	2	868167	0.00269069457341609
17103	4786	1704	3	2184596	0.00269069457341609
17103	9893	2894	4	4022770	0.00269069457341609
17103	12066	4693	5	5184193	0.00269069457341609
17103	13415	7118	6	5884359	0.00269069457341609
17103	13917	9933	7	6173152	0.00269069457341609
17103	14621	12684	8	6508927	0.00269069457341609
17103	15220	14955	9	6787835	0.00269069457341609
17103	18342	16582	10	7663224	0.00269069457341609
17103	18764	17635	11	7835676	0.00269069457341609
17103	19329	18271	12	8133163	0.00269069457341609
17103	20071	18639	13	8404248	0.00269069457341609
17103	19969	18848	14	8552058	0.00269069457341609
17103	20311	18964	15	8637338	0.00269069457341609
17103	20458	19029	16	8711648	0.00269069457341609
17103	20542	19064	17	8765757	0.00269069457341609
17105	0	408	0	621	0.0028131710509484
17105	515	698	1	232567	0.0028131710509484
17105	2469	1179	2	868167	0.0028131710509484
17105	5338	1953	3	2184596	0.0028131710509484
17105	8396	3137	4	4022770	0.0028131710509484
17105	10330	4815	5	5184193	0.0028131710509484
17105	11455	6954	6	5884359	0.0028131710509484
17105	12050	9340	7	6173152	0.0028131710509484
17105	12703	11635	8	6508927	0.0028131710509484
17105	13400	13550	9	6787835	0.0028131710509484
17105	16459	14966	10	7663224	0.0028131710509484
17105	16840	15923	11	7835676	0.0028131710509484
17105	17292	16531	12	8133163	0.0028131710509484
17105	17771	16902	13	8404248	0.0028131710509484
17105	17929	17123	14	8552058	0.0028131710509484
17105	18065	17253	15	8637338	0.0028131710509484
17105	18152	17328	16	8711648	0.0028131710509484
17105	18226	17372	17	8765757	0.0028131710509484
17107	0	473	0	621	0.00225839680027046
17107	482	849	1	232567	0.00225839680027046
17107	1822	1491	2	868167	0.00225839680027046
17107	5970	2531	3	2184596	0.00225839680027046
17107	7951	4072	4	4022770	0.00225839680027046
17107	9399	6083	5	5184193	0.00225839680027046
17107	10346	8312	6	5884359	0.00225839680027046
17107	10746	10376	7	6173152	0.00225839680027046
17107	11297	11994	8	6508927	0.00225839680027046
17107	11936	13102	9	6787835	0.00225839680027046
17107	14237	13795	10	7663224	0.00225839680027046
17107	14596	14202	11	7835676	0.00225839680027046
17107	14833	14434	12	8133163	0.00225839680027046
17107	15252	14563	13	8404248	0.00225839680027046
17107	15286	14634	14	8552058	0.00225839680027046
17107	15471	14672	15	8637338	0.00225839680027046
17107	15560	14694	16	8711648	0.00225839680027046
17107	15494	14705	17	8765757	0.00225839680027046
17109	0	519	0	621	0.0023423626328055
17109	660	938	1	232567	0.0023423626328055
17109	2078	1656	2	868167	0.0023423626328055
17109	5440	2813	3	2184596	0.0023423626328055
17109	8141	4501	4	4022770	0.0023423626328055
17109	9542	6643	5	5184193	0.0023423626328055
17109	10382	8924	6	5884359	0.0023423626328055
17109	10736	10944	7	6173152	0.0023423626328055
17109	11217	12459	8	6508927	0.0023423626328055
17109	11714	13460	9	6787835	0.0023423626328055
17109	13292	14067	10	7663224	0.0023423626328055
17109	13520	14416	11	7835676	0.0023423626328055
17109	13640	14611	12	8133163	0.0023423626328055
17109	14284	14718	13	8404248	0.0023423626328055
17109	13955	14776	14	8552058	0.0023423626328055
17109	14127	14808	15	8637338	0.0023423626328055
17109	14270	14824	16	8711648	0.0023423626328055
17109	14305	14834	17	8765757	0.0023423626328055
17111	0	2321	0	621	0.024288064043834
17111	4218	4474	1	232567	0.024288064043834
17111	14070	8536	2	868167	0.024288064043834
17111	44164	15972	3	2184596	0.024288064043834
17111	85948	28868	4	4022770	0.024288064043834
17111	120637	49266	5	5184193	0.024288064043834
17111	139480	77265	6	5884359	0.024288064043834
17111	146917	109046	7	6173152	0.024288064043834
17111	154589	138197	8	6508927	0.024288064043834
17111	160943	160152	9	6787835	0.024288064043834
17111	183423	174358	10	7663224	0.024288064043834
17111	187416	182667	11	7835676	0.024288064043834
17111	194638	187243	12	8133163	0.024288064043834
17111	200596	189680	13	8404248	0.024288064043834
17111	203674	190954	14	8552058	0.024288064043834
17111	205643	191615	15	8637338	0.024288064043834
17111	207176	191955	16	8711648	0.024288064043834
17111	207796	192130	17	8765757	0.024288064043834
17113	0	1157	0	621	0.0135353079876996
17113	2538	2297	1	232567	0.0135353079876996
17113	11892	4512	2	868167	0.0135353079876996
17113	24163	8684	3	2184596	0.0135353079876996
17113	52670	16101	4	4022770	0.0135353079876996
17113	67778	28025	5	5184193	0.0135353079876996
17113	77150	44413	6	5884359	0.0135353079876996
17113	80713	62672	7	6173152	0.0135353079876996
17113	84796	78813	8	6508927	0.0135353079876996
17113	87975	90415	9	6787835	0.0135353079876996
17113	98493	97571	10	7663224	0.0135353079876996
17113	100558	101576	11	7835676	0.0135353079876996
17113	104074	103697	12	8133163	0.0135353079876996
17113	107226	104787	13	8404248	0.0135353079876996
17113	107454	105338	14	8552058	0.0135353079876996
17113	108728	105615	15	8637338	0.0135353079876996
17113	109720	105754	16	8711648	0.0135353079876996
17113	109919	105823	17	8765757	0.0135353079876996
17115	0	1379	0	621	0.00820789687606856
17115	2141	2348	1	232567	0.00820789687606856
17115	6923	3945	2	868167	0.00820789687606856
17115	16091	6497	3	2184596	0.00820789687606856
17115	28823	10367	4	4022770	0.00820789687606856
17115	33600	15794	5	5184193	0.00820789687606856
17115	37201	22631	6	5884359	0.00820789687606856
17115	39097	30167	7	6173152	0.00820789687606856
17115	41498	37342	8	6508927	0.00820789687606856
17115	44005	43283	9	6787835	0.00820789687606856
17115	49842	47658	10	7663224	0.00820789687606856
17115	50982	50610	11	7835676	0.00820789687606856
17115	52458	52486	12	8133163	0.00820789687606856
17115	54115	53633	13	8404248	0.00820789687606856
17115	54927	54318	14	8552058	0.00820789687606856
17115	55336	54721	15	8637338	0.00820789687606856
17115	55686	54957	16	8711648	0.00820789687606856
17115	55576	55093	17	8765757	0.00820789687606856
17117	0	523	0	621	0.00354534679743345
17117	1041	934	1	232567	0.00354534679743345
17117	4896	1644	2	868167	0.00354534679743345
17117	8646	2825	3	2184596	0.00354534679743345
17117	13625	4677	4	4022770	0.00354534679743345
17117	15510	7315	5	5184193	0.00354534679743345
17117	16896	10610	6	5884359	0.00354534679743345
17117	17695	14109	7	6173152	0.00354534679743345
17117	18835	17238	8	6508927	0.00354534679743345
17117	19971	19635	9	6787835	0.00354534679743345
17117	22569	21263	10	7663224	0.00354534679743345
17117	22985	22280	11	7835676	0.00354534679743345
17117	23438	22882	12	8133163	0.00354534679743345
17117	24156	23227	13	8404248	0.00354534679743345
17117	24300	23422	14	8552058	0.00354534679743345
17117	24556	23531	15	8637338	0.00354534679743345
17117	24717	23591	16	8711648	0.00354534679743345
17117	24769	23624	17	8765757	0.00354534679743345
17119	0	1583	0	621	0.0207520292466252
17119	4377	2834	1	232567	0.0207520292466252
17119	12881	5042	2	868167	0.0207520292466252
17119	56363	8868	3	2184596	0.0207520292466252
17119	85841	15299	4	4022770	0.0207520292466252
17119	97546	25567	5	5184193	0.0207520292466252
17119	107647	40691	6	5884359	0.0207520292466252
17119	112970	60521	7	6173152	0.0207520292466252
17119	121042	82895	8	6508927	0.0207520292466252
17119	127042	104237	9	6787835	0.0207520292466252
17119	144556	121573	10	7663224	0.0207520292466252
17119	148038	133907	11	7835676	0.0207520292466252
17119	152712	141880	12	8133163	0.0207520292466252
17119	159323	146717	13	8404248	0.0207520292466252
17119	160913	149542	14	8552058	0.0207520292466252
17119	162654	151153	15	8637338	0.0207520292466252
17119	164074	152061	16	8711648	0.0207520292466252
17119	164605	152568	17	8765757	0.0207520292466252
17121	0	926	0	621	0.00293604210476142
17121	499	1527	1	232567	0.00293604210476142
17121	2145	2458	2	868167	0.00293604210476142
17121	5272	3813	3	2184596	0.00293604210476142
17121	9217	5622	4	4022770	0.00293604210476142
17121	10283	7775	5	5184193	0.00293604210476142
17121	11113	10011	6	5884359	0.00293604210476142
17121	11695	12031	7	6173152	0.00293604210476142
17121	12599	13636	8	6508927	0.00293604210476142
17121	13551	14787	9	6787835	0.00293604210476142
17121	15057	15553	10	7663224	0.00293604210476142
17121	15545	16037	11	7835676	0.00293604210476142
17121	15907	16334	12	8133163	0.00293604210476142
17121	16518	16513	13	8404248	0.00293604210476142
17121	16668	16619	14	8552058	0.00293604210476142
17121	16952	16681	15	8637338	0.00293604210476142
17121	17090	16718	16	8711648	0.00293604210476142
17121	17066	16739	17	8765757	0.00293604210476142
17123	0	131	0	621	0.000902632699751677
17123	253	239	1	232567	0.000902632699751677
17123	1025	431	2	868167	0.000902632699751677
17123	2115	758	3	2184596	0.000902632699751677
17123	3582	1276	4	4022770	0.000902632699751677
17123	4152	2018	5	5184193	0.000902632699751677
17123	4581	2932	6	5884359	0.000902632699751677
17123	4814	3873	7	6173152	0.000902632699751677
17123	5084	4679	8	6508927	0.000902632699751677
17123	5283	5267	9	6787835	0.000902632699751677
17123	5883	5648	10	7663224	0.000902632699751677
17123	6067	5876	11	7835676	0.000902632699751677
17123	6167	6007	12	8133163	0.000902632699751677
17123	6460	6079	13	8404248	0.000902632699751677
17123	6466	6118	14	8552058	0.000902632699751677
17123	6524	6140	15	8637338	0.000902632699751677
17123	6589	6151	16	8711648	0.000902632699751677
17123	6613	6158	17	8765757	0.000902632699751677
17125	0	151	0	621	0.00105422890680037
17125	296	274	1	232567	0.00105422890680037
17125	950	489	2	868167	0.00105422890680037
17125	2688	851	3	2184596	0.00105422890680037
17125	4023	1419	4	4022770	0.00105422890680037
17125	4607	2222	5	5184193	0.00105422890680037
17125	4985	3204	6	5884359	0.00105422890680037
17125	5196	4213	7	6173152	0.00105422890680037
17125	5496	5080	8	6508927	0.00105422890680037
17125	5728	5717	9	6787835	0.00105422890680037
17125	6514	6134	10	7663224	0.00105422890680037
17125	6680	6386	11	7835676	0.00105422890680037
17125	6818	6531	12	8133163	0.00105422890680037
17125	6999	6612	13	8404248	0.00105422890680037
17125	7041	6657	14	8552058	0.00105422890680037
17125	7165	6682	15	8637338	0.00105422890680037
17125	7193	6696	16	8711648	0.00105422890680037
17125	7167	6703	17	8765757	0.00105422890680037
17127	0	460	0	621	0.001086820907587
17127	0	703	1	232567	0.001086820907587
17127	389	1047	2	868167	0.001086820907587
17127	1538	1510	3	2184596	0.001086820907587
17127	3054	2085	4	4022770	0.001086820907587
17127	3308	2737	5	5184193	0.001086820907587
17127	3549	3403	6	5884359	0.001086820907587
17127	3701	4012	7	6173152	0.001086820907587
17127	3966	4517	8	6508927	0.001086820907587
17127	4259	4903	9	6787835	0.001086820907587
17127	4926	5180	10	7663224	0.001086820907587
17127	5126	5369	11	7835676	0.001086820907587
17127	5237	5495	12	8133163	0.001086820907587
17127	5467	5576	13	8404248	0.001086820907587
17127	5553	5628	14	8552058	0.001086820907587
17127	5631	5661	15	8637338	0.001086820907587
17127	5672	5682	16	8711648	0.001086820907587
17127	5687	5695	17	8765757	0.001086820907587
17129	0	150	0	621	0.000962450463907279
17129	222	281	1	232567	0.000962450463907279
17129	1022	516	2	868167	0.000962450463907279
17129	2892	918	3	2184596	0.000962450463907279
17129	3991	1554	4	4022770	0.000962450463907279
17129	4652	2436	5	5184193	0.000962450463907279
17129	5039	3466	6	5884359	0.000962450463907279
17129	5283	4451	7	6173152	0.000962450463907279
17129	5599	5229	8	6508927	0.000962450463907279
17129	5916	5755	9	6787835	0.000962450463907279
17129	6372	6075	10	7663224	0.000962450463907279
17129	6499	6258	11	7835676	0.000962450463907279
17129	6614	6357	12	8133163	0.000962450463907279
17129	6886	6411	13	8404248	0.000962450463907279
17129	6909	6439	14	8552058	0.000962450463907279
17129	6967	6454	15	8637338	0.000962450463907279
17129	7004	6462	16	8711648	0.000962450463907279
17129	7013	6466	17	8765757	0.000962450463907279
17131	0	156	0	621	0.00121821480906335
17131	320	297	1	232567	0.00121821480906335
17131	1258	557	2	868167	0.00121821480906335
17131	3048	1017	3	2184596	0.00121821480906335
17131	5520	1772	4	4022770	0.00121821480906335
17131	6208	2878	5	5184193	0.00121821480906335
17131	6658	4248	6	5884359	0.00121821480906335
17131	6841	5633	7	6173152	0.00121821480906335
17131	7128	6774	8	6508927	0.00121821480906335
17131	7410	7567	9	6787835	0.00121821480906335
17131	8183	8053	10	7663224	0.00121821480906335
17131	8410	8330	11	7835676	0.00121821480906335
17131	8619	8481	12	8133163	0.00121821480906335
17131	9253	8561	13	8404248	0.00121821480906335
17131	9123	8603	14	8552058	0.00121821480906335
17131	9283	8625	15	8637338	0.00121821480906335
17131	9368	8636	16	8711648	0.00121821480906335
17131	9395	8642	17	8765757	0.00121821480906335
17133	0	408	0	621	0.00273338772698888
17133	483	779	1	232567	0.00273338772698888
17133	1800	1461	2	868167	0.00273338772698888
17133	6628	2655	3	2184596	0.00273338772698888
17133	12679	4573	4	4022770	0.00273338772698888
17133	14138	7268	5	5184193	0.00273338772698888
17133	15280	10421	6	5884359	0.00273338772698888
17133	15965	13405	7	6173152	0.00273338772698888
17133	16878	15714	8	6508927	0.00273338772698888
17133	17529	17239	9	6787835	0.00273338772698888
17133	19214	18142	10	7663224	0.00273338772698888
17133	19598	18643	11	7835676	0.00273338772698888
17133	20247	18912	12	8133163	0.00273338772698888
17133	21168	19052	13	8404248	0.00273338772698888
17133	21361	19125	14	8552058	0.00273338772698888
17133	21544	19163	15	8637338	0.00273338772698888
17133	21680	19182	16	8711648	0.00273338772698888
17133	21774	19192	17	8765757	0.00273338772698888
17135	0	316	0	621	0.0022422980880175
17135	370	556	1	232567	0.0022422980880175
17135	1827	966	2	868167	0.0022422980880175
17135	4461	1641	3	2184596	0.0022422980880175
17135	7505	2690	4	4022770	0.0022422980880175
17135	8757	4183	5	5184193	0.0022422980880175
17135	9630	6062	6	5884359	0.0022422980880175
17135	10111	8091	7	6173152	0.0022422980880175
17135	10769	9950	8	6508927	0.0022422980880175
17135	11349	11414	9	6787835	0.0022422980880175
17135	13367	12436	10	7663224	0.0022422980880175
17135	13672	13091	11	7835676	0.0022422980880175
17135	13884	13487	12	8133163	0.0022422980880175
17135	14311	13719	13	8404248	0.0022422980880175
17135	14438	13852	14	8552058	0.0022422980880175
17135	14632	13927	15	8637338	0.0022422980880175
17135	14727	13969	16	8711648	0.0022422980880175
17135	14743	13993	17	8765757	0.0022422980880175
17137	0	766	0	621	0.00265612969122591
17137	569	1299	1	232567	0.00265612969122591
17137	2750	2154	2	868167	0.00265612969122591
17137	6917	3449	3	2184596	0.00265612969122591
17137	10182	5253	4	4022770	0.00265612969122591
17137	11452	7487	5	5184193	0.00265612969122591
17137	12513	9888	6	5884359	0.00265612969122591
17137	13073	12104	7	6173152	0.00265612969122591
17137	13913	13880	8	6508927	0.00265612969122591
17137	14836	15148	9	6787835	0.00265612969122591
17137	16817	15982	10	7663224	0.00265612969122591
17137	17147	16500	11	7835676	0.00265612969122591
17137	17565	16811	12	8133163	0.00265612969122591
17137	18056	16994	13	8404248	0.00265612969122591
17137	18087	17101	14	8552058	0.00265612969122591
17137	18354	17162	15	8637338	0.00265612969122591
17137	18518	17197	16	8711648	0.00265612969122591
17137	18480	17217	17	8765757	0.00265612969122591
17139	0	169	0	621	0.00114435012931448
17139	326	301	1	232567	0.00114435012931448
17139	824	527	2	868167	0.00114435012931448
17139	2322	898	3	2184596	0.00114435012931448
17139	3602	1465	4	4022770	0.00114435012931448
17139	4057	2246	5	5184193	0.00114435012931448
17139	4380	3178	6	5884359	0.00114435012931448
17139	4585	4119	7	6173152	0.00114435012931448
17139	4890	4922	8	6508927	0.00114435012931448
17139	5183	5512	9	6787835	0.00114435012931448
17139	5703	5902	10	7663224	0.00114435012931448
17139	5905	6141	11	7835676	0.00114435012931448
17139	5958	6281	12	8133163	0.00114435012931448
17139	6203	6361	13	8404248	0.00114435012931448
17139	6264	6406	14	8552058	0.00114435012931448
17139	6376	6431	15	8637338	0.00114435012931448
17139	6411	6444	16	8711648	0.00114435012931448
17139	6420	6452	17	8765757	0.00114435012931448
17141	0	478	0	621	0.00399650531679701
17141	1042	894	1	232567	0.00399650531679701
17141	2961	1649	2	868167	0.00399650531679701
17141	7619	2968	3	2184596	0.00399650531679701
17141	15024	5133	4	4022770	0.00399650531679701
17141	18403	8334	5	5184193	0.00399650531679701
17141	20367	12413	6	5884359	0.00399650531679701
17141	21266	16724	7	6173152	0.00399650531679701
17141	22348	20469	8	6508927	0.00399650531679701
17141	23353	23207	9	6787835	0.00399650531679701
17141	26144	24966	10	7663224	0.00399650531679701
17141	26779	26005	11	7835676	0.00399650531679701
17141	27738	26588	12	8133163	0.00399650531679701
17141	28739	26905	13	8404248	0.00399650531679701
17141	28934	27076	14	8552058	0.00399650531679701
17141	29268	27166	15	8637338	0.00399650531679701
17141	29463	27214	16	8711648	0.00399650531679701
17141	29592	27240	17	8765757	0.00399650531679701
17143	0	1863	0	621	0.0141399566802593
17143	3252	3351	1	232567	0.0141399566802593
17143	22162	5961	2	868167	0.0141399566802593
17143	39193	10397	3	2184596	0.0141399566802593
17143	60131	17562	4	4022770	0.0141399566802593
17143	71543	28220	5	5184193	0.0141399566802593
17143	79020	42286	6	5884359	0.0141399566802593
17143	82179	58180	7	6173152	0.0141399566802593
17143	86600	73276	8	6508927	0.0141399566802593
17143	90743	85424	9	6787835	0.0141399566802593
17143	97943	93963	10	7663224	0.0141399566802593
17143	100246	99409	11	7835676	0.0141399566802593
17143	104066	102670	12	8133163	0.0141399566802593
17143	107909	104551	13	8404248	0.0141399566802593
17143	108771	105611	14	8552058	0.0141399566802593
17143	109737	106201	15	8637338	0.0141399566802593
17143	110486	106527	16	8711648	0.0141399566802593
17143	110634	106707	17	8765757	0.0141399566802593
17145	0	554	0	621	0.00165059149746512
17145	405	862	1	232567	0.00165059149746512
17145	1067	1319	2	868167	0.00165059149746512
17145	3607	1966	3	2184596	0.00165059149746512
17145	5111	2829	4	4022770	0.00165059149746512
17145	5640	3891	5	5184193	0.00165059149746512
17145	6033	5075	6	5884359	0.00165059149746512
17145	6298	6258	7	6173152	0.00165059149746512
17145	6794	7319	8	6508927	0.00165059149746512
17145	7484	8181	9	6787835	0.00165059149746512
17145	9314	8828	10	7663224	0.00165059149746512
17145	9565	9284	11	7835676	0.00165059149746512
17145	10086	9592	12	8133163	0.00165059149746512
17145	10389	9793	13	8404248	0.00165059149746512
17145	10436	9923	14	8552058	0.00165059149746512
17145	10576	10006	15	8637338	0.00165059149746512
17145	10695	10058	16	8711648	0.00165059149746512
17145	10742	10090	17	8765757	0.00165059149746512
17147	0	184	0	621	0.00128979094638411
17147	445	321	1	232567	0.00128979094638411
17147	1548	553	2	868167	0.00128979094638411
17147	4362	938	3	2184596	0.00128979094638411
17147	4990	1541	4	4022770	0.00128979094638411
17147	6131	2421	5	5184193	0.00128979094638411
17147	6759	3571	6	5884359	0.00128979094638411
17147	7054	4880	7	6173152	0.00128979094638411
17147	7461	6152	8	6508927	0.00128979094638411
17147	7843	7214	9	6787835	0.00128979094638411
17147	8542	7992	10	7663224	0.00128979094638411
17147	8874	8510	11	7835676	0.00128979094638411
17147	9441	8833	12	8133163	0.00128979094638411
17147	9813	9027	13	8404248	0.00128979094638411
17147	9909	9140	14	8552058	0.00128979094638411
17147	10112	9205	15	8637338	0.00128979094638411
17147	10210	9242	16	8711648	0.00128979094638411
17147	10237	9263	17	8765757	0.00128979094638411
17149	0	212	0	621	0.00122800030082496
17149	198	369	1	232567	0.00122800030082496
17149	1454	632	2	868167	0.00122800030082496
17149	3019	1049	3	2184596	0.00122800030082496
17149	3871	1664	4	4022770	0.00122800030082496
17149	4199	2473	5	5184193	0.00122800030082496
17149	4421	3398	6	5884359	0.00122800030082496
17149	4642	4297	7	6173152	0.00122800030082496
17149	5015	5042	8	6508927	0.00122800030082496
17149	5346	5584	9	6787835	0.00122800030082496
17149	5761	5941	10	7663224	0.00122800030082496
17149	5901	6161	11	7835676	0.00122800030082496
17149	6042	6291	12	8133163	0.00122800030082496
17149	6230	6367	13	8404248	0.00122800030082496
17149	6293	6409	14	8552058	0.00122800030082496
17149	6393	6434	15	8637338	0.00122800030082496
17149	6436	6447	16	8711648	0.00122800030082496
17149	6418	6455	17	8765757	0.00122800030082496
17151	0	51	0	621	0.000329629024904945
17151	0	84	1	232567	0.000329629024904945
17151	162	138	2	868167	0.000329629024904945
17151	519	221	3	2184596	0.000329629024904945
17151	795	344	4	4022770	0.000329629024904945
17151	885	510	5	5184193	0.000329629024904945
17151	944	712	6	5884359	0.000329629024904945
17151	979	928	7	6173152	0.000329629024904945
17151	1024	1130	8	6508927	0.000329629024904945
17151	1106	1297	9	6787835	0.000329629024904945
17151	1261	1419	10	7663224	0.000329629024904945
17151	1304	1503	11	7835676	0.000329629024904945
17151	1329	1557	12	8133163	0.000329629024904945
17151	1450	1591	13	8404248	0.000329629024904945
17151	1466	1611	14	8552058	0.000329629024904945
17151	1490	1623	15	8637338	0.000329629024904945
17151	1502	1631	16	8711648	0.000329629024904945
17151	1506	1635	17	8765757	0.000329629024904945
17153	0	106	0	621	0.000421012891517328
17153	0	171	1	232567	0.000421012891517328
17153	247	270	2	868167	0.000421012891517328
17153	813	416	3	2184596	0.000421012891517328
17153	1139	620	4	4022770	0.000421012891517328
17153	1243	880	5	5184193	0.000421012891517328
17153	1347	1179	6	5884359	0.000421012891517328
17153	1417	1484	7	6173152	0.000421012891517328
17153	1530	1758	8	6508927	0.000421012891517328
17153	1698	1980	9	6787835	0.000421012891517328
17153	1901	2143	10	7663224	0.000421012891517328
17153	1980	2256	11	7835676	0.000421012891517328
17153	2027	2330	12	8133163	0.000421012891517328
17153	2169	2377	13	8404248	0.000421012891517328
17153	2208	2406	14	8552058	0.000421012891517328
17153	2248	2424	15	8637338	0.000421012891517328
17153	2282	2435	16	8711648	0.000421012891517328
17153	2305	2442	17	8765757	0.000421012891517328
17155	0	76	0	621	0.000452894654998678
17155	0	147	1	232567	0.000452894654998678
17155	535	280	2	868167	0.000452894654998678
17155	1317	512	3	2184596	0.000452894654998678
17155	1867	878	4	4022770	0.000452894654998678
17155	2162	1370	5	5184193	0.000452894654998678
17155	2346	1907	6	5884359	0.000452894654998678
17155	2461	2375	7	6173152	0.000452894654998678
17155	2594	2710	8	6508927	0.000452894654998678
17155	2708	2916	9	6787835	0.000452894654998678
17155	2958	3032	10	7663224	0.000452894654998678
17155	3035	3094	11	7835676	0.000452894654998678
17155	3117	3126	12	8133163	0.000452894654998678
17155	3291	3142	13	8404248	0.000452894654998678
17155	3278	3150	14	8552058	0.000452894654998678
17155	3281	3155	15	8637338	0.000452894654998678
17155	3332	3157	16	8711648	0.000452894654998678
17155	3335	3158	17	8765757	0.000452894654998678
17157	0	411	0	621	0.0025080846707036
17157	576	686	1	232567	0.0025080846707036
17157	2664	1131	2	868167	0.0025080846707036
17157	5752	1829	3	2184596	0.0025080846707036
17157	8452	2872	4	4022770	0.0025080846707036
17157	9473	4323	5	5184193	0.0025080846707036
17157	10227	6150	6	5884359	0.0025080846707036
17157	10701	8186	7	6173152	0.0025080846707036
17157	11651	10166	8	6508927	0.0025080846707036
17157	12426	11852	9	6787835	0.0025080846707036
17157	14867	13134	10	7663224	0.0025080846707036
17157	15270	14026	11	7835676	0.0025080846707036
17157	15864	14610	12	8133163	0.0025080846707036
17157	16345	14977	13	8404248	0.0025080846707036
17157	16502	15201	14	8552058	0.0025080846707036
17157	16633	15337	15	8637338	0.0025080846707036
17157	16710	15417	16	8711648	0.0025080846707036
17157	16744	15465	17	8765757	0.0025080846707036
17159	0	201	0	621	0.00122421236853014
17159	354	354	1	232567	0.00122421236853014
17159	1168	615	2	868167	0.00122421236853014
17159	3189	1037	3	2184596	0.00122421236853014
17159	4388	1675	4	4022770	0.00122421236853014
17159	4774	2539	5	5184193	0.00122421236853014
17159	5156	3557	6	5884359	0.00122421236853014
17159	5346	4572	7	6173152	0.00122421236853014
17159	5721	5431	8	6508927	0.00122421236853014
17159	6169	6062	9	6787835	0.00122421236853014
17159	6548	6479	10	7663224	0.00122421236853014
17159	6728	6736	11	7835676	0.00122421236853014
17159	6945	6887	12	8133163	0.00122421236853014
17159	7278	6974	13	8404248	0.00122421236853014
17159	7343	7023	14	8552058	0.00122421236853014
17159	7431	7051	15	8637338	0.00122421236853014
17159	7464	7066	16	8711648	0.00122421236853014
17159	7494	7075	17	8765757	0.00122421236853014
17161	0	1312	0	621	0.0111964176261644
17161	1601	2361	1	232567	0.0111964176261644
17161	10345	4206	2	868167	0.0111964176261644
17161	26494	7361	3	2184596	0.0111964176261644
17161	44959	12512	4	4022770	0.0111964176261644
17161	52694	20312	5	5184193	0.0111964176261644
17161	57844	30870	6	5884359	0.0111964176261644
17161	60433	43189	7	6173152	0.0111964176261644
17161	63725	55298	8	6508927	0.0111964176261644
17161	66767	65352	9	6787835	0.0111964176261644
17161	68664	72595	10	7663224	0.0111964176261644
17161	79062	77296	11	7835676	0.0111964176261644
17161	79085	80144	12	8133163	0.0111964176261644
17161	83747	81797	13	8404248	0.0111964176261644
17161	81054	82734	14	8552058	0.0111964176261644
17161	81959	83257	15	8637338	0.0111964176261644
17161	83210	83547	16	8711648	0.0111964176261644
17161	83415	83707	17	8765757	0.0111964176261644
17163	0	2642	0	621	0.0204931872064796
17163	3982	4470	1	232567	0.0204931872064796
17163	16857	7499	2	868167	0.0204931872064796
17163	55746	12418	3	2184596	0.0204931872064796
17163	85406	20130	4	4022770	0.0204931872064796
17163	95583	31597	5	5184193	0.0204931872064796
17163	105793	47356	6	5884359	0.0204931872064796
17163	111838	66831	7	6173152	0.0204931872064796
17163	120154	87966	8	6508927	0.0204931872064796
17163	127149	107904	9	6787835	0.0204931872064796
17163	109164	124373	10	7663224	0.0204931872064796
17163	149045	136549	11	7835676	0.0204931872064796
17163	153704	144833	12	8133163	0.0204931872064796
17163	157628	150156	13	8404248	0.0204931872064796
17163	159377	153450	14	8552058	0.0204931872064796
17163	163619	155443	15	8637338	0.0204931872064796
17163	165075	156631	16	8711648	0.0204931872064796
17163	165500	157334	17	8765757	0.0204931872064796
17165	0	886	0	621	0.00185379828203066
17165	433	1354	1	232567	0.00185379828203066
17165	1884	2016	2	868167	0.00185379828203066
17165	4855	2900	3	2184596	0.00185379828203066
17165	6574	3991	4	4022770	0.00185379828203066
17165	7167	5211	5	5184193	0.00185379828203066
17165	7624	6438	6	5884359	0.00185379828203066
17165	7927	7544	7	6173152	0.00185379828203066
17165	8435	8449	8	6508927	0.00185379828203066
17165	9078	9132	9	6787835	0.00185379828203066
17165	10235	9616	10	7663224	0.00185379828203066
17165	10471	9944	11	7835676	0.00185379828203066
17165	10726	10160	12	8133163	0.00185379828203066
17165	11096	10299	13	8404248	0.00185379828203066
17165	11190	10388	14	8552058	0.00185379828203066
17165	11346	10444	15	8637338	0.00185379828203066
17165	11462	10480	16	8711648	0.00185379828203066
17165	11453	10502	17	8765757	0.00185379828203066
17167	0	1083	0	621	0.0153625907436666
17167	4313	2075	1	232567	0.0153625907436666
17167	21417	3946	2	868167	0.0153625907436666
17167	48905	7395	3	2184596	0.0153625907436666
17167	71655	13502	4	4022770	0.0153625907436666
17167	84019	23572	5	5184193	0.0153625907436666
17167	92566	38383	6	5884359	0.0153625907436666
17167	96546	56868	7	6173152	0.0153625907436666
17167	101632	75738	8	6508927	0.0153625907436666
17167	106215	91435	9	6787835	0.0153625907436666
17167	114697	102416	10	7663224	0.0153625907436666
17167	117154	109201	11	7835676	0.0153625907436666
17167	120163	113076	12	8133163	0.0153625907436666
17167	125282	115191	13	8404248	0.0153625907436666
17167	124982	116317	14	8552058	0.0153625907436666
17167	125939	116908	15	8637338	0.0153625907436666
17167	126854	117216	16	8711648	0.0153625907436666
17167	126174	117376	17	8765757	0.0153625907436666
17169	0	180	0	621	0.000534098453568749
17169	127	346	1	232567	0.000534098453568749
17169	996	634	2	868167	0.000534098453568749
17169	2016	1074	3	2184596	0.000534098453568749
17169	2495	1632	4	4022770	0.000534098453568749
17169	2780	2195	5	5184193	0.000534098453568749
17169	3012	2644	6	5884359	0.000534098453568749
17169	3117	2940	7	6173152	0.000534098453568749
17169	3226	3113	8	6508927	0.000534098453568749
17169	3321	3205	9	6787835	0.000534098453568749
17169	3157	3253	10	7663224	0.000534098453568749
17169	3247	3277	11	7835676	0.000534098453568749
17169	3299	3289	12	8133163	0.000534098453568749
17169	3721	3295	13	8404248	0.000534098453568749
17169	3718	3298	14	8552058	0.000534098453568749
17169	3770	3299	15	8637338	0.000534098453568749
17169	3793	3300	16	8711648	0.000534098453568749
17169	3778	3300	17	8765757	0.000534098453568749
17171	0	92	0	621	0.000390709433158818
17171	110	168	1	232567	0.000390709433158818
17171	362	296	2	868167	0.000390709433158818
17171	982	496	3	2184596	0.000390709433158818
17171	1243	776	4	4022770	0.000390709433158818
17171	1374	1107	5	5184193	0.000390709433158818
17171	1481	1431	6	5884359	0.000390709433158818
17171	1539	1694	7	6173152	0.000390709433158818
17171	1657	1877	8	6508927	0.000390709433158818
17171	1777	1992	9	6787835	0.000390709433158818
17171	1898	2058	10	7663224	0.000390709433158818
17171	1948	2096	11	7835676	0.000390709433158818
17171	1965	2116	12	8133163	0.000390709433158818
17171	2055	2127	13	8404248	0.000390709433158818
17171	2061	2133	14	8552058	0.000390709433158818
17171	2089	2136	15	8637338	0.000390709433158818
17171	2093	2138	16	8711648	0.000390709433158818
17171	2096	2138	17	8765757	0.000390709433158818
17173	0	398	0	621	0.00170725265137505
17173	264	712	1	232567	0.00170725265137505
17173	969	1241	2	868167	0.00170725265137505
17173	3410	2068	3	2184596	0.00170725265137505
17173	5103	3225	4	4022770	0.00170725265137505
17173	5778	4619	5	5184193	0.00170725265137505
17173	6201	6020	6	5884359	0.00170725265137505
17173	6455	7196	7	6173152	0.00170725265137505
17173	6881	8043	8	6508927	0.00170725265137505
17173	7395	8587	9	6787835	0.00170725265137505
17173	8160	8911	10	7663224	0.00170725265137505
17173	8415	9097	11	7835676	0.00170725265137505
17173	8602	9200	12	8133163	0.00170725265137505
17173	8899	9256	13	8404248	0.00170725265137505
17173	8984	9287	14	8552058	0.00170725265137505
17173	9051	9304	15	8637338	0.00170725265137505
17173	9114	9313	16	8711648	0.00170725265137505
17173	9105	9318	17	8765757	0.00170725265137505
17175	0	63	0	621	0.000421565298310322
17175	116	123	1	232567	0.000421565298310322
17175	382	236	2	868167	0.000421565298310322
17175	1024	434	3	2184596	0.000421565298310322
17175	1618	750	4	4022770	0.000421565298310322
17175	1979	1176	5	5184193	0.000421565298310322
17175	2156	1641	6	5884359	0.000421565298310322
17175	2238	2045	7	6173152	0.000421565298310322
17175	2338	2331	8	6508927	0.000421565298310322
17175	2424	2506	9	6787835	0.000421565298310322
17175	2546	2604	10	7663224	0.000421565298310322
17175	2628	2656	11	7835676	0.000421565298310322
17175	2677	2682	12	8133163	0.000421565298310322
17175	2796	2696	13	8404248	0.000421565298310322
17175	2799	2702	14	8552058	0.000421565298310322
17175	2841	2706	15	8637338	0.000421565298310322
17175	2863	2708	16	8711648	0.000421565298310322
17175	2861	2708	17	8765757	0.000421565298310322
17177	0	383	0	621	0.0035115710678047
17177	853	754	1	232567	0.0035115710678047
17177	3811	1466	2	868167	0.0035115710678047
17177	9127	2773	3	2184596	0.0035115710678047
17177	14756	4997	4	4022770	0.0035115710678047
17177	18172	8339	5	5184193	0.0035115710678047
17177	20012	12521	6	5884359	0.0035115710678047
17177	20759	16706	7	6173152	0.0035115710678047
17177	21710	20054	8	6508927	0.0035115710678047
17177	22497	22285	9	6787835	0.0035115710678047
17177	24292	23596	10	7663224	0.0035115710678047
17177	24899	24310	11	7835676	0.0035115710678047
17177	25514	24683	12	8133163	0.0035115710678047
17177	26373	24874	13	8404248	0.0035115710678047
17177	26765	24970	14	8552058	0.0035115710678047
17177	27030	25019	15	8637338	0.0035115710678047
17177	27228	25043	16	8711648	0.0035115710678047
17177	27374	25055	17	8765757	0.0035115710678047
17179	0	1339	0	621	0.010401267505278
17179	2428	2589	1	232567	0.010401267505278
17179	11880	4926	2	868167	0.010401267505278
17179	26955	9103	3	2184596	0.010401267505278
17179	43097	15996	4	4022770	0.010401267505278
17179	52059	26001	5	5184193	0.010401267505278
17179	57474	38118	6	5884359	0.010401267505278
17179	59843	49946	7	6173152	0.010401267505278
17179	62944	59298	8	6508927	0.010401267505278
17179	65748	65533	9	6787835	0.010401267505278
17179	71152	69233	10	7663224	0.010401267505278
17179	72586	71278	11	7835676	0.010401267505278
17179	74492	72365	12	8133163	0.010401267505278
17179	76815	72930	13	8404248	0.010401267505278
17179	77208	73220	14	8552058	0.010401267505278
17179	77854	73368	15	8637338	0.010401267505278
17179	78268	73444	16	8711648	0.010401267505278
17179	78339	73483	17	8765757	0.010401267505278
17181	0	440	0	621	0.00131417576053197
17181	298	722	1	232567	0.00131417576053197
17181	1768	1159	2	868167	0.00131417576053197
17181	4111	1799	3	2184596	0.00131417576053197
17181	5411	2665	4	4022770	0.00131417576053197
17181	5846	3717	5	5184193	0.00131417576053197
17181	6264	4839	6	5884359	0.00131417576053197
17181	6541	5884	7	6173152	0.00131417576053197
17181	7073	6740	8	6508927	0.00131417576053197
17181	7566	7370	9	6787835	0.00131417576053197
17181	8453	7798	10	7663224	0.00131417576053197
17181	8732	8074	11	7835676	0.00131417576053197
17181	8902	8246	12	8133163	0.00131417576053197
17181	9207	8350	13	8404248	0.00131417576053197
17181	9276	8413	14	8552058	0.00131417576053197
17181	9399	8450	15	8637338	0.00131417576053197
17181	9506	8472	16	8711648	0.00131417576053197
17181	9543	8485	17	8765757	0.00131417576053197
17183	0	1659	0	621	0.0059784619748022
17183	681	2484	1	232567	0.0059784619748022
17183	4195	3675	2	868167	0.0059784619748022
17183	11607	5346	3	2184596	0.0059784619748022
17183	17333	7595	4	4022770	0.0059784619748022
17183	18904	10462	5	5184193	0.0059784619748022
17183	20527	13875	6	5884359	0.0059784619748022
17183	21694	17618	7	6173152	0.0059784619748022
17183	23175	21375	8	6508927	0.0059784619748022
17183	24712	24824	9	6787835	0.0059784619748022
17183	31252	27740	10	7663224	0.0059784619748022
17183	32039	30038	11	7835676	0.0059784619748022
17183	32831	31752	12	8133163	0.0059784619748022
17183	33832	32978	13	8404248	0.0059784619748022
17183	34137	33829	14	8552058	0.0059784619748022
17183	34515	34407	15	8637338	0.0059784619748022
17183	34783	34795	16	8711648	0.0059784619748022
17183	34795	35052	17	8765757	0.0059784619748022
17185	0	152	0	621	0.000909103750755318
17185	203	277	1	232567	0.000909103750755318
17185	1001	496	2	868167	0.000909103750755318
17185	2540	859	3	2184596	0.000909103750755318
17185	3499	1409	4	4022770	0.000909103750755318
17185	3786	2141	5	5184193	0.000909103750755318
17185	4033	2962	6	5884359	0.000909103750755318
17185	4218	3725	7	6173152	0.000909103750755318
17185	4511	4319	8	6508927	0.000909103750755318
17185	4834	4721	9	6787835	0.000909103750755318
17185	5042	4968	10	7663224	0.000909103750755318
17185	5149	5110	11	7835676	0.000909103750755318
17185	5253	5190	12	8133163	0.000909103750755318
17185	5541	5233	13	8404248	0.000909103750755318
17185	5581	5257	14	8552058	0.000909103750755318
17185	5647	5270	15	8637338	0.000909103750755318
17185	5688	5276	16	8711648	0.000909103750755318
17185	5673	5280	17	8765757	0.000909103750755318
17187	0	310	0	621	0.00132924857445508
17187	297	566	1	232567	0.00132924857445508
17187	1120	1006	2	868167	0.00132924857445508
17187	3183	1713	3	2184596	0.00132924857445508
17187	4647	2735	4	4022770	0.00132924857445508
17187	5593	4005	5	5184193	0.00132924857445508
17187	6092	5316	6	5884359	0.00132924857445508
17187	6399	6435	7	6173152	0.00132924857445508
17187	6791	7245	8	6508927	0.00132924857445508
17187	7132	7764	9	6787835	0.00132924857445508
17187	7588	8071	10	7663224	0.00132924857445508
17187	7733	8245	11	7835676	0.00132924857445508
17187	7910	8340	12	8133163	0.00132924857445508
17187	8231	8391	13	8404248	0.00132924857445508
17187	8274	8419	14	8552058	0.00132924857445508
17187	8363	8434	15	8637338	0.00132924857445508
17187	8416	8441	16	8711648	0.00132924857445508
17187	8442	8446	17	8765757	0.00132924857445508
17189	0	298	0	621	0.00109589616204332
17189	231	533	1	232567	0.00109589616204332
17189	831	927	2	868167	0.00109589616204332
17189	3320	1544	3	2184596	0.00109589616204332
17189	4648	2410	4	4022770	0.00109589616204332
17189	5142	3457	5	5184193	0.00109589616204332
17189	5530	4516	6	5884359	0.00109589616204332
17189	5777	5410	7	6173152	0.00109589616204332
17189	6138	6058	8	6508927	0.00109589616204332
17189	6570	6477	9	6787835	0.00109589616204332
17189	7305	6728	10	7663224	0.00109589616204332
17189	7495	6872	11	7835676	0.00109589616204332
17189	7666	6952	12	8133163	0.00109589616204332
17189	7926	6996	13	8404248	0.00109589616204332
17189	7986	7020	14	8552058	0.00109589616204332
17189	8123	7033	15	8637338	0.00109589616204332
17189	8172	7040	16	8711648	0.00109589616204332
17189	8165	7044	17	8765757	0.00109589616204332
17191	0	244	0	621	0.00127961087834179
17191	326	438	1	232567	0.00127961087834179
17191	1210	769	2	868167	0.00127961087834179
17191	3332	1294	3	2184596	0.00127961087834179
17191	4070	2048	4	4022770	0.00127961087834179
17191	4395	2984	5	5184193	0.00127961087834179
17191	4671	3956	6	5884359	0.00127961087834179
17191	4845	4797	7	6173152	0.00127961087834179
17191	5186	5417	8	6508927	0.00127961087834179
17191	5571	5822	9	6787835	0.00127961087834179
17191	5867	6067	10	7663224	0.00127961087834179
17191	6052	6207	11	7835676	0.00127961087834179
17191	6120	6285	12	8133163	0.00127961087834179
17191	6285	6328	13	8404248	0.00127961087834179
17191	6339	6351	14	8552058	0.00127961087834179
17191	6382	6364	15	8637338	0.00127961087834179
17191	6406	6370	16	8711648	0.00127961087834179
17191	6343	6374	17	8765757	0.00127961087834179
17193	0	416	0	621	0.00106827582239364
17193	259	663	1	232567	0.00106827582239364
17193	1044	1033	2	868167	0.00106827582239364
17193	2663	1551	3	2184596	0.00106827582239364
17193	3790	2219	4	4022770	0.00106827582239364
17193	4254	2992	5	5184193	0.00106827582239364
17193	4578	3781	6	5884359	0.00106827582239364
17193	4755	4493	7	6173152	0.00106827582239364
17193	5096	5064	8	6508927	0.00106827582239364
17193	5463	5483	9	6787835	0.00106827582239364
17193	6013	5769	10	7663224	0.00106827582239364
17193	6234	5955	11	7835676	0.00106827582239364
17193	6419	6073	12	8133163	0.00106827582239364
17193	6798	6146	13	8404248	0.00106827582239364
17193	6852	6190	14	8552058	0.00106827582239364
17193	7014	6217	15	8637338	0.00106827582239364
17193	7066	6234	16	8711648	0.00106827582239364
17193	6918	6244	17	8765757	0.00106827582239364
17195	0	415	0	621	0.00435414925763235
17195	1276	810	1	232567	0.00435414925763235
17195	3904	1562	2	868167	0.00435414925763235
17195	8887	2944	3	2184596	0.00435414925763235
17195	16243	5328	4	4022770	0.00435414925763235
17195	20795	9022	5	5184193	0.00435414925763235
17195	23065	13889	6	5884359	0.00435414925763235
17195	23937	19098	7	6173152	0.00435414925763235
17195	24938	23567	8	6508927	0.00435414925763235
17195	25826	26729	9	6787835	0.00435414925763235
17195	29242	28674	10	7663224	0.00435414925763235
17195	29731	29769	11	7835676	0.00435414925763235
17195	30403	30355	12	8133163	0.00435414925763235
17195	31352	30661	13	8404248	0.00435414925763235
17195	31368	30817	14	8552058	0.00435414925763235
17195	31834	30897	15	8637338	0.00435414925763235
17195	32118	30937	16	8711648	0.00435414925763235
17195	32280	30958	17	8765757	0.00435414925763235
17197	0	4552	0	621	0.0545101607732622
17197	12460	8783	1	232567	0.0545101607732622
17197	35994	16795	2	868167	0.0545101607732622
17197	99141	31586	3	2184596	0.0545101607732622
17197	194530	57639	4	4022770	0.0545101607732622
17197	268487	99959	5	5184193	0.0545101607732622
17197	311314	160415	6	5884359	0.0545101607732622
17197	327787	232633	7	6173152	0.0545101607732622
17197	349245	302544	8	6508927	0.0545101607732622
17197	364691	357723	9	6787835	0.0545101607732622
17197	409452	394670	10	7663224	0.0545101607732622
17197	418726	416765	11	7835676	0.0545101607732622
17197	436922	429095	12	8133163	0.0545101607732622
17197	453163	435711	13	8404248	0.0545101607732622
17197	460775	439187	14	8552058	0.0545101607732622
17197	466821	440993	15	8637338	0.0545101607732622
17197	470755	441925	16	8711648	0.0545101607732622
17197	471766	442406	17	8765757	0.0545101607732622
17199	0	541	0	621	0.00525551931328575
17199	1580	916	1	232567	0.00525551931328575
17199	5209	1539	2	868167	0.00525551931328575
17199	14091	2553	3	2184596	0.00525551931328575
17199	19691	4153	4	4022770	0.00525551931328575
17199	21745	6554	5	5184193	0.00525551931328575
17199	23729	9895	6	5884359	0.00525551931328575
17199	24811	14093	7	6173152	0.00525551931328575
17199	26624	18738	8	6508927	0.00525551931328575
17199	28798	23208	9	6787835	0.00525551931328575
17199	33342	26967	10	7663224	0.00525551931328575
17199	34226	29786	11	7835676	0.00525551931328575
17199	34959	31723	12	8133163	0.00525551931328575
17199	36116	32977	13	8404248	0.00525551931328575
17199	36416	33756	14	8552058	0.00525551931328575
17199	36796	34229	15	8637338	0.00525551931328575
17199	37060	34511	16	8711648	0.00525551931328575
17199	37221	34678	17	8765757	0.00525551931328575
17201	0	2914	0	621	0.0222992417585444
17201	6469	5219	1	232567	0.0222992417585444
17201	11794	9240	2	868167	0.0222992417585444
17201	46461	16044	3	2184596	0.0222992417585444
17201	84983	26980	4	4022770	0.0222992417585444
17201	101245	43177	5	5184193	0.0222992417585444
17201	113100	64483	6	5884359	0.0222992417585444
17201	118323	88528	7	6173152	0.0222992417585444
17201	124432	111389	8	6508927	0.0222992417585444
17201	130047	129844	9	6787835	0.0222992417585444
17201	145667	142872	10	7663224	0.0222992417585444
17201	149199	151223	11	7835676	0.0222992417585444
17201	154089	156250	12	8133163	0.0222992417585444
17201	158994	159162	13	8404248	0.0222992417585444
17201	161421	160812	14	8552058	0.0222992417585444
17201	163632	161735	15	8637338	0.0222992417585444
17201	164849	162247	16	8711648	0.0222992417585444
17201	165251	162530	17	8765757	0.0222992417585444
17203	0	463	0	621	0.00303500183596343
17203	804	875	1	232567	0.00303500183596343
17203	3563	1624	2	868167	0.00303500183596343
17203	7561	2917	3	2184596	0.00303500183596343
17203	12056	4961	4	4022770	0.00303500183596343
17203	14202	7780	5	5184193	0.00303500183596343
17203	15594	11021	6	5884359	0.00303500183596343
17203	16195	14051	7	6173152	0.00303500183596343
17203	17022	16381	8	6508927	0.00303500183596343
17203	17743	17918	9	6787835	0.00303500183596343
17203	19286	18833	10	7663224	0.00303500183596343
17203	19654	19344	11	7835676	0.00303500183596343
17203	20159	19619	12	8133163	0.00303500183596343
17203	20699	19765	13	8404248	0.00303500183596343
17203	20807	19841	14	8552058	0.00303500183596343
17203	20984	19880	15	8637338	0.00303500183596343
17203	21095	19901	16	8711648	0.00303500183596343
17203	21120	19912	17	8765757	0.00303500183596343
