1656	6
18001	0	831	0	367	0.00531429533115307
18001	544	1539	1	134379	0.00531429533115307
18001	2890	2722	2	585916	0.00531429533115307
18001	5400	4478	3	1188662	0.00531429533115307
18001	7815	6673	4	1905050	0.00531429533115307
18001	8928	8898	5	2517863	0.00531429533115307
18001	9510	10721	6	2807799	0.00531429533115307
18001	9870	11973	7	2975344	0.00531429533115307
18001	10248	12731	8	3114094	0.00531429533115307
18001	10735	13155	9	3260132	0.00531429533115307
18001	10989	13383	10	3358967	0.00531429533115307
18001	11125	13502	11	3409055	0.00531429533115307
18001	11362	13564	12	3504434	0.00531429533115307
18001	11558	13596	13	3585903	0.00531429533115307
18001	11672	13612	14	3639521	0.00531429533115307
18001	11785	13620	15	3670123	0.00531429533115307
18001	11853	13625	16	3691239	0.00531429533115307
18001	11935	13627	17	3718651	0.00531429533115307
18003	0	4410	0	367	0.0563408587866794
18003	9176	8339	1	134379	0.0563408587866794
18003	33303	15495	2	585916	0.0563408587866794
18003	58052	27907	3	1188662	0.0563408587866794
18003	101704	47722	4	1905050	0.0563408587866794
18003	136425	75514	5	2517863	0.0563408587866794
18003	152572	108166	6	2807799	0.0563408587866794
18003	162175	139412	7	2975344	0.0563408587866794
18003	170305	163963	8	3114094	0.0563408587866794
18003	177354	180433	9	3260132	0.0563408587866794
18003	181775	190344	10	3358967	0.0563408587866794
18003	184308	195922	11	3409055	0.0563408587866794
18003	189337	198944	12	3504434	0.0563408587866794
18003	193186	200547	13	3585903	0.0563408587866794
18003	195980	201389	14	3639521	0.0563408587866794
18003	197841	201827	15	3670123	0.0563408587866794
18003	199016	202056	16	3691239	0.0563408587866794
18003	200820	202174	17	3718651	0.0563408587866794
18005	0	565	0	367	0.0124444852432757
18005	1971	1114	1	134379	0.0124444852432757
18005	7372	2172	2	585916	0.0124444852432757
18005	14698	4145	3	1188662	0.0124444852432757
18005	24581	7599	4	1905050	0.0124444852432757
18005	34548	13042	5	2517863	0.0124444852432757
18005	38277	20333	6	2807799	0.0124444852432757
18005	40350	28238	7	2975344	0.0124444852432757
18005	42024	35063	8	3114094	0.0124444852432757
18005	44070	39891	9	3260132	0.0124444852432757
18005	45295	42844	10	3358967	0.0124444852432757
18005	45825	44494	11	3409055	0.0124444852432757
18005	47227	45368	12	3504434	0.0124444852432757
18005	48659	45819	13	3585903	0.0124444852432757
18005	49352	46048	14	3639521	0.0124444852432757
18005	49771	46164	15	3670123	0.0124444852432757
18005	50065	46222	16	3691239	0.0124444852432757
18005	50462	46251	17	3718651	0.0124444852432757
18007	0	66	0	367	0.00129942296886064
18007	0	128	1	134379	0.00129942296886064
18007	578	243	2	585916	0.00129942296886064
18007	1119	448	3	1188662	0.00129942296886064
18007	1831	790	4	1905050	0.00129942296886064
18007	2467	1294	5	2517863	0.00129942296886064
18007	2846	1918	6	2807799	0.00129942296886064
18007	2998	2546	7	2975344	0.00129942296886064
18007	3125	3057	8	3114094	0.00129942296886064
18007	3304	3406	9	3260132	0.00129942296886064
18007	3393	3618	10	3358967	0.00129942296886064
18007	3429	3736	11	3409055	0.00129942296886064
18007	3497	3800	12	3504434	0.00129942296886064
18007	3574	3833	13	3585903	0.00129942296886064
18007	3621	3850	14	3639521	0.00129942296886064
18007	3652	3859	15	3670123	0.00129942296886064
18007	3673	3864	16	3691239	0.00129942296886064
18007	3688	3866	17	3718651	0.00129942296886064
18009	0	132	0	367	0.00174652666527931
18009	146	254	1	134379	0.00174652666527931
18009	930	478	2	585916	0.00174652666527931
18009	2183	865	3	1188662	0.00174652666527931
18009	2926	1473	4	1905050	0.00174652666527931
18009	3829	2292	5	2517863	0.00174652666527931
18009	4145	3196	6	2807799	0.00174652666527931
18009	4343	3996	7	2975344	0.00174652666527931
18009	4556	4580	8	3114094	0.00174652666527931
18009	4767	4947	9	3260132	0.00174652666527931
18009	4920	5157	10	3358967	0.00174652666527931
18009	5016	5271	11	3409055	0.00174652666527931
18009	5160	5331	12	3504434	0.00174652666527931
18009	5360	5362	13	3585903	0.00174652666527931
18009	5416	5378	14	3639521	0.00174652666527931
18009	5465	5386	15	3670123	0.00174652666527931
18009	5494	5390	16	3691239	0.00174652666527931
18009	5524	5392	17	3718651	0.00174652666527931
18011	0	673	0	367	0.0100773608226352
18011	2553	1385	1	134379	0.0100773608226352
18011	7956	2800	2	585916	0.0100773608226352
18011	15030	5467	3	1188662	0.0100773608226352
18011	24845	10026	4	1905050	0.0100773608226352
18011	32950	16654	5	2517863	0.0100773608226352
18011	37571	24333	6	2807799	0.0100773608226352
18011	39668	31202	7	2975344	0.0100773608226352
18011	41159	36062	8	3114094	0.0100773608226352
18011	42501	38958	9	3260132	0.0100773608226352
18011	43358	40511	10	3358967	0.0100773608226352
18011	44018	41297	11	3409055	0.0100773608226352
18011	45849	41683	12	3504434	0.0100773608226352
18011	47004	41870	13	3585903	0.0100773608226352
18011	47555	41960	14	3639521	0.0100773608226352
18011	47773	42003	15	3670123	0.0100773608226352
18011	47991	42024	16	3691239	0.0100773608226352
18011	48308	42033	17	3718651	0.0100773608226352
18013	0	152	0	367	0.00224175713832245
18013	205	311	1	134379	0.00224175713832245
18013	1390	623	2	585916	0.00224175713832245
18013	2947	1199	3	1188662	0.00224175713832245
18013	4379	2146	4	1905050	0.00224175713832245
18013	5598	3445	5	2517863	0.00224175713832245
18013	6099	4846	6	2807799	0.00224175713832245
18013	6354	6014	7	2975344	0.00224175713832245
18013	6576	6797	8	3114094	0.00224175713832245
18013	6862	7247	9	3260132	0.00224175713832245
18013	7054	7484	10	3358967	0.00224175713832245
18013	7110	7603	11	3409055	0.00224175713832245
18013	7260	7661	12	3504434	0.00224175713832245
18013	7496	7689	13	3585903	0.00224175713832245
18013	7596	7702	14	3639521	0.00224175713832245
18013	7636	7708	15	3670123	0.00224175713832245
18013	7691	7711	16	3691239	0.00224175713832245
18013	7739	7713	17	3718651	0.00224175713832245
18015	0	224	0	367	0.00300896331506744
18015	164	428	1	134379	0.00300896331506744
18015	1100	799	2	585916	0.00300896331506744
18015	2329	1433	3	1188662	0.00300896331506744
18015	3770	2409	4	1905050	0.00300896331506744
18015	4918	3695	5	2517863	0.00300896331506744
18015	5337	5080	6	2807799	0.00300896331506744
18015	5610	6283	7	2975344	0.00300896331506744
18015	5891	7147	8	3114094	0.00300896331506744
18015	6167	7688	9	3260132	0.00300896331506744
18015	6381	7996	10	3358967	0.00300896331506744
18015	6500	8164	11	3409055	0.00300896331506744
18015	6649	8252	12	3504434	0.00300896331506744
18015	7024	8298	13	3585903	0.00300896331506744
18015	7118	8321	14	3639521	0.00300896331506744
18015	7173	8333	15	3670123	0.00300896331506744
18015	7214	8340	16	3691239	0.00300896331506744
18015	7252	8343	17	3718651	0.00300896331506744
18017	0	852	0	367	0.00559830272901104
18017	551	1495	1	134379	0.00559830272901104
18017	2647	2548	2	585916	0.00559830272901104
18017	5549	4146	3	1188662	0.00559830272901104
18017	8809	6315	4	1905050	0.00559830272901104
18017	11192	8846	5	2517863	0.00559830272901104
18017	12250	11333	6	2807799	0.00559830272901104
18017	13126	13393	7	2975344	0.00559830272901104
18017	13858	14873	8	3114094	0.00559830272901104
18017	14786	15830	9	3260132	0.00559830272901104
18017	15551	16407	10	3358967	0.00559830272901104
18017	15876	16742	11	3409055	0.00559830272901104
18017	16264	16931	12	3504434	0.00559830272901104
18017	16650	17036	13	3585903	0.00559830272901104
18017	16922	17094	14	3639521	0.00559830272901104
18017	17120	17126	15	3670123	0.00559830272901104
18017	17222	17143	16	3691239	0.00559830272901104
18017	17343	17153	17	3718651	0.00559830272901104
18019	0	762	0	367	0.01757251212416
18019	3036	1518	1	134379	0.01757251212416
18019	12843	2992	2	585916	0.01757251212416
18019	28552	5770	3	1188662	0.01757251212416
18019	43606	10693	4	1905050	0.01757251212416
18019	50568	18533	5	2517863	0.01757251212416
18019	54860	29120	6	2807799	0.01757251212416
18019	57699	40630	7	2975344	0.01757251212416
18019	60655	50535	8	3114094	0.01757251212416
18019	63724	57485	9	3260132	0.01757251212416
18019	65322	61692	10	3358967	0.01757251212416
18019	66337	64015	11	3409055	0.01757251212416
18019	68027	65233	12	3504434	0.01757251212416
18019	69528	65854	13	3585903	0.01757251212416
18019	70522	66167	14	3639521	0.01757251212416
18019	70967	66323	15	3670123	0.01757251212416
18019	71379	66400	16	3691239	0.01757251212416
18019	71900	66439	17	3718651	0.01757251212416
18021	0	266	0	367	0.00389544665733542
18021	382	487	1	134379	0.00389544665733542
18021	2343	879	2	585916	0.00389544665733542
18021	5252	1547	3	1188662	0.00389544665733542
18021	7823	2613	4	1905050	0.00389544665733542
18021	9956	4147	5	2517863	0.00389544665733542
18021	10862	6056	6	2807799	0.00389544665733542
18021	11572	8044	7	2975344	0.00389544665733542
18021	12167	9765	8	3114094	0.00389544665733542
18021	13033	11032	9	3260132	0.00389544665733542
18021	13487	11858	10	3358967	0.00389544665733542
18021	13724	12355	11	3409055	0.00389544665733542
18021	13986	12639	12	3504434	0.00389544665733542
18021	14387	12797	13	3585903	0.00389544665733542
18021	14544	12884	14	3639521	0.00389544665733542
18021	14658	12930	15	3670123	0.00389544665733542
18021	14735	12956	16	3691239	0.00389544665733542
18021	14857	12969	17	3718651	0.00389544665733542
18023	0	798	0	367	0.00481252912301278
18023	334	1411	1	134379	0.00481252912301278
18023	2421	2414	2	585916	0.00481252912301278
18023	5277	3922	3	1188662	0.00481252912301278
18023	7913	5927	4	1905050	0.00481252912301278
18023	10384	8194	5	2517863	0.00481252912301278
18023	11354	10333	6	2807799	0.00481252912301278
18023	12240	12033	7	2975344	0.00481252912301278
18023	12899	13209	8	3114094	0.00481252912301278
18023	13585	13946	9	3260132	0.00481252912301278
18023	14090	14381	10	3358967	0.00481252912301278
18023	14369	14627	11	3409055	0.00481252912301278
18023	14769	14764	12	3504434	0.00481252912301278
18023	15122	14840	13	3585903	0.00481252912301278
18023	15444	14881	14	3639521	0.00481252912301278
18023	15573	14903	15	3670123	0.00481252912301278
18023	15656	14915	16	3691239	0.00481252912301278
18023	15768	14922	17	3718651	0.00481252912301278
18025	0	104	0	367	0.00157110159369444
18025	113	203	1	134379	0.00157110159369444
18025	661	388	2	585916	0.00157110159369444
18025	1489	713	3	1188662	0.00157110159369444
18025	2246	1228	4	1905050	0.00157110159369444
18025	2787	1922	5	2517863	0.00157110159369444
18025	3007	2681	6	2807799	0.00157110159369444
18025	3146	3340	7	2975344	0.00157110159369444
18025	3323	3809	8	3114094	0.00157110159369444
18025	3492	4096	9	3260132	0.00157110159369444
18025	3660	4257	10	3358967	0.00157110159369444
18025	3716	4342	11	3409055	0.00157110159369444
18025	3786	4386	12	3504434	0.00157110159369444
18025	3851	4408	13	3585903	0.00157110159369444
18025	3896	4419	14	3639521	0.00157110159369444
18025	3923	4425	15	3670123	0.00157110159369444
18025	3950	4427	16	3691239	0.00157110159369444
18025	3976	4429	17	3718651	0.00157110159369444
18027	0	871	0	367	0.00495393866420567
18027	491	1479	1	134379	0.00495393866420567
18027	2282	2422	2	585916	0.00495393866420567
18027	4477	3759	3	1188662	0.00495393866420567
18027	6315	5431	4	1905050	0.00495393866420567
18027	7533	7222	5	2517863	0.00495393866420567
18027	8131	8850	6	2807799	0.00495393866420567
18027	8701	10121	7	2975344	0.00495393866420567
18027	9141	11003	8	3114094	0.00495393866420567
18027	9669	11565	9	3260132	0.00495393866420567
18027	10120	11904	10	3358967	0.00495393866420567
18027	10373	12102	11	3409055	0.00495393866420567
18027	10592	12215	12	3504434	0.00495393866420567
18027	10796	12279	13	3585903	0.00495393866420567
18027	10931	12315	14	3639521	0.00495393866420567
18027	10991	12335	15	3670123	0.00495393866420567
18027	11052	12346	16	3691239	0.00495393866420567
18027	11090	12352	17	3718651	0.00495393866420567
18029	0	753	0	367	0.00734646332806464
18029	548	1310	1	134379	0.00734646332806464
18029	3805	2241	2	585916	0.00734646332806464
18029	8392	3737	3	1188662	0.00734646332806464
18029	13518	5984	4	1905050	0.00734646332806464
18029	17663	9045	5	2517863	0.00734646332806464
18029	19352	12702	6	2807799	0.00734646332806464
18029	20652	16444	7	2975344	0.00734646332806464
18029	21953	19712	8	3114094	0.00734646332806464
18029	26064	22195	9	3260132	0.00734646332806464
18029	27390	23888	10	3358967	0.00734646332806464
18029	28106	24960	11	3409055	0.00734646332806464
18029	28895	25606	12	3504434	0.00734646332806464
18029	29640	25985	13	3585903	0.00734646332806464
18029	30066	26203	14	3639521	0.00734646332806464
18029	30359	26327	15	3670123	0.00734646332806464
18029	30567	26398	16	3691239	0.00734646332806464
18029	30869	26438	17	3718651	0.00734646332806464
18031	0	528	0	367	0.00394505882830015
18031	515	1033	1	134379	0.00394505882830015
18031	2840	1938	2	585916	0.00394505882830015
18031	5533	3393	3	1188662	0.00394505882830015
18031	7721	5366	4	1905050	0.00394505882830015
18031	9269	7501	5	2517863	0.00394505882830015
18031	9977	9316	6	2807799	0.00394505882830015
18031	10473	10567	7	2975344	0.00394505882830015
18031	10840	11310	8	3114094	0.00394505882830015
18031	11382	11713	9	3260132	0.00394505882830015
18031	11746	11921	10	3358967	0.00394505882830015
18031	11935	12026	11	3409055	0.00394505882830015
18031	12235	12078	12	3504434	0.00394505882830015
18031	12477	12103	13	3585903	0.00394505882830015
18031	12668	12116	14	3639521	0.00394505882830015
18031	12746	12122	15	3670123	0.00394505882830015
18031	12800	12125	16	3691239	0.00394505882830015
18031	12876	12127	17	3718651	0.00394505882830015
18033	0	685	0	367	0.00645775189428627
18033	739	1391	1	134379	0.00645775189428627
18033	2980	2720	2	585916	0.00645775189428627
18033	6564	4966	3	1188662	0.00645775189428627
18033	9710	8158	4	1905050	0.00645775189428627
18033	13408	11729	5	2517863	0.00645775189428627
18033	14567	14798	6	2807799	0.00645775189428627
18033	15213	16892	7	2975344	0.00645775189428627
18033	15884	18106	8	3114094	0.00645775189428627
18033	16609	18743	9	3260132	0.00645775189428627
18033	17095	19062	10	3358967	0.00645775189428627
18033	17329	19216	11	3409055	0.00645775189428627
18033	17711	19290	12	3504434	0.00645775189428627
18033	18039	19325	13	3585903	0.00645775189428627
18033	18263	19342	14	3639521	0.00645775189428627
18033	18377	19350	15	3670123	0.00645775189428627
18033	18462	19354	16	3691239	0.00645775189428627
18033	18574	19356	17	3718651	0.00645775189428627
18035	0	1375	0	367	0.016953548302573
18035	2732	2580	1	134379	0.016953548302573
18035	11125	4751	2	585916	0.016953548302573
18035	20522	8473	3	1188662	0.016953548302573
18035	31969	14332	4	1905050	0.016953548302573
18035	38771	22419	5	2517863	0.016953548302573
18035	42851	31774	6	2807799	0.016953548302573
18035	45351	40619	7	2975344	0.016953548302573
18035	47323	47520	8	3114094	0.016953548302573
18035	49165	52143	9	3260132	0.016953548302573
18035	50605	54931	10	3358967	0.016953548302573
18035	51279	56508	11	3409055	0.016953548302573
18035	52765	57367	12	3504434	0.016953548302573
18035	53927	57826	13	3585903	0.016953548302573
18035	54654	58068	14	3639521	0.016953548302573
18035	55077	58195	15	3670123	0.016953548302573
18035	55374	58262	16	3691239	0.016953548302573
18035	55742	58297	17	3718651	0.016953548302573
18037	0	736	0	367	0.00634798125254095
18037	1443	1435	1	134379	0.00634798125254095
18037	5282	2714	2	585916	0.00634798125254095
18037	8911	4866	3	1188662	0.00634798125254095
18037	13532	8030	4	1905050	0.00634798125254095
18037	17083	11856	5	2517863	0.00634798125254095
18037	18636	15532	6	2807799	0.00634798125254095
18037	19562	18357	7	2975344	0.00634798125254095
18037	20431	20180	8	3114094	0.00634798125254095
18037	21622	21227	9	3260132	0.00634798125254095
18037	22427	21788	10	3358967	0.00634798125254095
18037	22803	22077	11	3409055	0.00634798125254095
18037	23448	22224	12	3504434	0.00634798125254095
18037	23972	22298	13	3585903	0.00634798125254095
18037	24284	22334	14	3639521	0.00634798125254095
18037	24412	22353	15	3670123	0.00634798125254095
18037	24511	22362	16	3691239	0.00634798125254095
18037	24639	22366	17	3718651	0.00634798125254095
18039	0	3966	0	367	0.030649775356387
18039	3518	6621	1	134379	0.030649775356387
18039	14652	10840	2	585916	0.030649775356387
18039	29254	17215	3	1188662	0.030649775356387
18039	43696	26154	4	1905050	0.030649775356387
18039	58170	37458	5	2517863	0.030649775356387
18039	65955	50022	6	2807799	0.030649775356387
18039	70217	62134	7	2975344	0.030649775356387
18039	73587	72310	8	3114094	0.030649775356387
18039	76978	79917	9	3260132	0.030649775356387
18039	79735	85120	10	3358967	0.030649775356387
18039	81092	88468	11	3409055	0.030649775356387
18039	83561	90537	12	3504434	0.030649775356387
18039	85515	91785	13	3585903	0.030649775356387
18039	87054	92526	14	3639521	0.030649775356387
18039	88239	92963	15	3670123	0.030649775356387
18039	88846	93218	16	3691239	0.030649775356387
18039	89606	93367	17	3718651	0.030649775356387
18041	0	610	0	367	0.0034315580048718
18041	245	1043	1	134379	0.0034315580048718
18041	2085	1725	2	585916	0.0034315580048718
18041	4198	2709	3	1188662	0.0034315580048718
18041	5576	3966	4	1905050	0.0034315580048718
18041	6266	5345	5	2517863	0.0034315580048718
18041	6742	6625	6	2807799	0.0034315580048718
18041	7120	7643	7	2975344	0.0034315580048718
18041	7435	8356	8	3114094	0.0034315580048718
18041	7900	8814	9	3260132	0.0034315580048718
18041	8296	9090	10	3358967	0.0034315580048718
18041	8460	9252	11	3409055	0.0034315580048718
18041	8685	9344	12	3504434	0.0034315580048718
18041	8901	9396	13	3585903	0.0034315580048718
18041	9035	9425	14	3639521	0.0034315580048718
18041	9193	9441	15	3670123	0.0034315580048718
18041	9262	9450	16	3691239	0.0034315580048718
18041	9333	9455	17	3718651	0.0034315580048718
18043	0	679	0	367	0.0116636134386003
18043	1918	1446	1	134379	0.0116636134386003
18043	8127	3019	2	585916	0.0116636134386003
18043	18299	6058	3	1188662	0.0116636134386003
18043	28053	11312	4	1905050	0.0116636134386003
18043	32890	18855	5	2517863	0.0116636134386003
18043	35221	27233	6	2807799	0.0116636134386003
18043	36872	34254	7	2975344	0.0116636134386003
18043	38561	38878	8	3114094	0.0116636134386003
18043	40272	41460	9	3260132	0.0116636134386003
18043	41304	42770	10	3358967	0.0116636134386003
18043	41896	43403	11	3409055	0.0116636134386003
18043	42863	43701	12	3504434	0.0116636134386003
18043	43578	43840	13	3585903	0.0116636134386003
18043	44041	43905	14	3639521	0.0116636134386003
18043	44253	43935	15	3670123	0.0116636134386003
18043	44451	43948	16	3691239	0.0116636134386003
18043	44754	43955	17	3718651	0.0116636134386003
18045	0	301	0	367	0.00242802558859122
18045	103	600	1	134379	0.00242802558859122
18045	1221	1149	2	585916	0.00242802558859122
18045	2753	2048	3	1188662	0.00242802558859122
18045	4666	3280	4	1905050	0.00242802558859122
18045	5471	4610	5	2517863	0.00242802558859122
18045	5819	5726	6	2807799	0.00242802558859122
18045	6081	6479	7	2975344	0.00242802558859122
18045	6392	6915	8	3114094	0.00242802558859122
18045	6757	7146	9	3260132	0.00242802558859122
18045	6980	7263	10	3358967	0.00242802558859122
18045	7063	7320	11	3409055	0.00242802558859122
18045	7243	7348	12	3504434	0.00242802558859122
18045	7461	7362	13	3585903	0.00242802558859122
18045	7571	7368	14	3639521	0.00242802558859122
18045	7622	7371	15	3670123	0.00242802558859122
18045	7663	7373	16	3691239	0.00242802558859122
18045	7717	7373	17	3718651	0.00242802558859122
18047	0	423	0	367	0.00338046043956681
18047	265	721	1	134379	0.00338046043956681
18047	1346	1202	2	585916	0.00338046043956681
18047	2572	1932	3	1188662	0.00338046043956681
18047	4136	2943	4	1905050	0.00338046043956681
18047	4915	4184	5	2517863	0.00338046043956681
18047	5307	5496	6	2807799	0.00338046043956681
18047	5647	6683	7	2975344	0.00338046043956681
18047	6018	7613	8	3114094	0.00338046043956681
18047	7328	8265	9	3260132	0.00338046043956681
18047	7705	8687	10	3358967	0.00338046043956681
18047	7937	8945	11	3409055	0.00338046043956681
18047	8170	9098	12	3504434	0.00338046043956681
18047	8376	9187	13	3585903	0.00338046043956681
18047	8477	9238	14	3639521	0.00338046043956681
18047	8544	9267	15	3670123	0.00338046043956681
18047	8615	9284	16	3691239	0.00338046043956681
18047	8702	9293	17	3718651	0.00338046043956681
18049	0	214	0	367	0.00296692665523804
18049	218	423	1	134379	0.00296692665523804
18049	1412	817	2	585916	0.00296692665523804
18049	2874	1506	3	1188662	0.00296692665523804
18049	4505	2583	4	1905050	0.00296692665523804
18049	5746	3989	5	2517863	0.00296692665523804
18049	6196	5454	6	2807799	0.00296692665523804
18049	6524	6660	7	2975344	0.00296692665523804
18049	6817	7476	8	3114094	0.00296692665523804
18049	7194	7956	9	3260132	0.00296692665523804
18049	7407	8217	10	3358967	0.00296692665523804
18049	7504	8352	11	3409055	0.00296692665523804
18049	7647	8420	12	3504434	0.00296692665523804
18049	7786	8454	13	3585903	0.00296692665523804
18049	7891	8471	14	3639521	0.00296692665523804
18049	7956	8479	15	3670123	0.00296692665523804
18049	7987	8484	16	3691239	0.00296692665523804
18049	8054	8486	17	3718651	0.00296692665523804
18051	0	403	0	367	0.00499968880988572
18051	617	759	1	134379	0.00499968880988572
18051	3579	1399	2	585916	0.00499968880988572
18051	6432	2489	3	1188662	0.00499968880988572
18051	9212	4174	4	1905050	0.00499968880988572
18051	10956	6431	5	2517863	0.00499968880988572
18051	11708	8935	6	2807799	0.00499968880988572
18051	12387	11194	7	2975344	0.00499968880988572
18051	13201	12883	8	3114094	0.00499968880988572
18051	14051	13976	9	3260132	0.00499968880988572
18051	14543	14619	10	3358967	0.00499968880988572
18051	14733	14977	11	3409055	0.00499968880988572
18051	15038	15169	12	3504434	0.00499968880988572
18051	15334	15270	13	3585903	0.00499968880988572
18051	15539	15323	14	3639521	0.00499968880988572
18051	15615	15351	15	3670123	0.00499968880988572
18051	15681	15366	16	3691239	0.00499968880988572
18051	15760	15373	17	3718651	0.00499968880988572
18053	0	1423	0	367	0.00976929003646495
18053	1196	2647	1	134379	0.00976929003646495
18053	5743	4742	2	585916	0.00976929003646495
18053	11359	7992	3	1188662	0.00976929003646495
18053	17088	12337	4	1905050	0.00976929003646495
18053	19918	17118	5	2517863	0.00976929003646495
18053	21545	21375	6	2807799	0.00976929003646495
18053	22575	24507	7	2975344	0.00976929003646495
18053	23526	26501	8	3114094	0.00976929003646495
18053	24640	27658	9	3260132	0.00976929003646495
18053	25423	28293	10	3358967	0.00976929003646495
18053	25759	28630	11	3409055	0.00976929003646495
18053	26331	28807	12	3504434	0.00976929003646495
18053	26820	28898	13	3585903	0.00976929003646495
18053	27262	28946	14	3639521	0.00976929003646495
18053	27512	28970	15	3670123	0.00976929003646495
18053	27654	28983	16	3691239	0.00976929003646495
18053	27822	28989	17	3718651	0.00976929003646495
18055	0	368	0	367	0.00474167581298232
18055	257	698	1	134379	0.00474167581298232
18055	2256	1296	2	585916	0.00474167581298232
18055	4949	2315	3	1188662	0.00474167581298232
18055	7158	3881	4	1905050	0.00474167581298232
18055	9112	5947	5	2517863	0.00474167581298232
18055	9884	8183	6	2807799	0.00474167581298232
18055	10357	10142	7	2975344	0.00474167581298232
18055	10853	11564	8	3114094	0.00474167581298232
18055	11542	12461	9	3260132	0.00474167581298232
18055	11961	12977	10	3358967	0.00474167581298232
18055	12204	13260	11	3409055	0.00474167581298232
18055	12467	13410	12	3504434	0.00474167581298232
18055	12859	13488	13	3585903	0.00474167581298232
18055	13043	13529	14	3639521	0.00474167581298232
18055	13142	13550	15	3670123	0.00474167581298232
18055	13199	13560	16	3691239	0.00474167581298232
18055	13275	13566	17	3718651	0.00474167581298232
18057	99	2830	0	367	0.0502079626346083
18057	10792	5998	1	134379	0.0502079626346083
18057	36479	12506	2	585916	0.0502079626346083
18057	69624	25228	3	1188662	0.0502079626346083
18057	121262	47847	4	1905050	0.0502079626346083
18057	166350	82024	5	2517863	0.0502079626346083
18057	189883	122782	6	2807799	0.0502079626346083
18057	200172	159649	7	2975344	0.0502079626346083
18057	208191	185540	8	3114094	0.0502079626346083
18057	214638	200663	9	3260132	0.0502079626346083
18057	218805	208564	10	3358967	0.0502079626346083
18057	221578	212451	11	3409055	0.0502079626346083
18057	230510	214307	12	3504434	0.0502079626346083
18057	236017	215181	13	3585903	0.0502079626346083
18057	238625	215589	14	3639521	0.0502079626346083
18057	239983	215780	15	3670123	0.0502079626346083
18057	241126	215868	16	3691239	0.0502079626346083
18057	242676	215910	17	3718651	0.0502079626346083
18059	0	974	0	367	0.011611030478955
18059	2511	1964	1	134379	0.011611030478955
18059	8691	3875	2	585916	0.011611030478955
18059	17156	7330	3	1188662	0.011611030478955
18059	28661	12907	4	1905050	0.011611030478955
18059	37725	20449	5	2517863	0.011611030478955
18059	41404	28528	6	2807799	0.011611030478955
18059	43644	35284	7	2975344	0.011611030478955
18059	45423	39859	8	3114094	0.011611030478955
18059	47138	42532	9	3260132	0.011611030478955
18059	48468	43961	10	3358967	0.011611030478955
18059	49076	44689	11	3409055	0.011611030478955
18059	50608	45050	12	3504434	0.011611030478955
18059	51779	45227	13	3585903	0.011611030478955
18059	52411	45314	14	3639521	0.011611030478955
18059	52764	45356	15	3670123	0.011611030478955
18059	52983	45376	16	3691239	0.011611030478955
18059	53245	45386	17	3718651	0.011611030478955
18061	0	507	0	367	0.0060180751695689
18061	760	998	1	134379	0.0060180751695689
18061	3797	1917	2	585916	0.0060180751695689
18061	8245	3526	3	1188662	0.0060180751695689
18061	12590	6033	4	1905050	0.0060180751695689
18061	14845	9310	5	2517863	0.0060180751695689
18061	15837	12734	6	2807799	0.0060180751695689
18061	16589	15569	7	2975344	0.0060180751695689
18061	17369	17498	8	3114094	0.0060180751695689
18061	18411	18641	9	3260132	0.0060180751695689
18061	18961	19264	10	3358967	0.0060180751695689
18061	19216	19589	11	3409055	0.0060180751695689
18061	19671	19753	12	3504434	0.0060180751695689
18061	20094	19836	13	3585903	0.0060180751695689
18061	20323	19877	14	3639521	0.0060180751695689
18061	20430	19897	15	3670123	0.0060180751695689
18061	20644	19907	16	3691239	0.0060180751695689
18061	20773	19912	17	3718651	0.0060180751695689
18063	0	1813	0	367	0.0252978995484253
18063	4900	3704	1	134379	0.0252978995484253
18063	16715	7426	2	585916	0.0252978995484253
18063	37772	14358	3	1188662	0.0252978995484253
18063	62616	26039	4	1905050	0.0252978995484253
18063	84104	42755	5	2517863	0.0252978995484253
18063	93547	61828	6	2807799	0.0252978995484253
18063	99550	78699	7	2975344	0.0252978995484253
18063	104088	90575	8	3114094	0.0252978995484253
18063	108799	97657	9	3260132	0.0252978995484253
18063	111702	101469	10	3358967	0.0252978995484253
18063	113253	103409	11	3409055	0.0252978995484253
18063	116754	104368	12	3504434	0.0252978995484253
18063	119343	104835	13	3585903	0.0252978995484253
18063	121162	105061	14	3639521	0.0252978995484253
18063	122024	105170	15	3670123	0.0252978995484253
18063	122628	105222	16	3691239	0.0252978995484253
18063	123601	105247	17	3718651	0.0252978995484253
18065	0	560	0	367	0.0071257337291018
18065	995	1095	1	134379	0.0071257337291018
18065	4476	2094	2	585916	0.0071257337291018
18065	8825	3845	3	1188662	0.0071257337291018
18065	13469	6605	4	1905050	0.0071257337291018
18065	17941	10295	5	2517863	0.0071257337291018
18065	19280	14280	6	2807799	0.0071257337291018
18065	20170	17702	7	2975344	0.0071257337291018
18065	21096	20108	8	3114094	0.0071257337291018
18065	22262	21572	9	3260132	0.0071257337291018
18065	23059	22387	10	3358967	0.0071257337291018
18065	23395	22817	11	3409055	0.0071257337291018
18065	23944	23038	12	3504434	0.0071257337291018
18065	24411	23150	13	3585903	0.0071257337291018
18065	24736	23206	14	3639521	0.0071257337291018
18065	24940	23235	15	3670123	0.0071257337291018
18065	25057	23249	16	3691239	0.0071257337291018
18065	25204	23256	17	3718651	0.0071257337291018
18067	0	553	0	367	0.0122610390422534
18067	913	1069	1	134379	0.0122610390422534
18067	5997	2041	2	585916	0.0122610390422534
18067	12526	3809	3	1188662	0.0122610390422534
18067	20585	6838	4	1905050	0.0122610390422534
18067	26640	11516	5	2517863	0.0122610390422534
18067	29295	17704	6	2807799	0.0122610390422534
18067	31300	24404	7	2975344	0.0122610390422534
18067	33035	30255	8	3114094	0.0122610390422534
18067	34647	34478	9	3260132	0.0122610390422534
18067	35910	37126	10	3358967	0.0122610390422534
18067	36452	38642	11	3409055	0.0122610390422534
18067	37299	39466	12	3504434	0.0122610390422534
18067	38095	39900	13	3585903	0.0122610390422534
18067	38601	40126	14	3639521	0.0122610390422534
18067	38919	40242	15	3670123	0.0122610390422534
18067	39153	40302	16	3691239	0.0122610390422534
18067	39487	40333	17	3718651	0.0122610390422534
18069	0	646	0	367	0.00542466013063449
18069	528	1319	1	134379	0.00542466013063449
18069	3128	2586	2	585916	0.00542466013063449
18069	7227	4715	3	1188662	0.00542466013063449
18069	10399	7692	4	1905050	0.00542466013063449
18069	13474	10938	5	2517863	0.00542466013063449
18069	14600	13645	6	2807799	0.00542466013063449
18069	15358	15441	7	2975344	0.00542466013063449
18069	16001	16459	8	3114094	0.00542466013063449
18069	16677	16986	9	3260132	0.00542466013063449
18069	17024	17245	10	3358967	0.00542466013063449
18069	17214	17370	11	3409055	0.00542466013063449
18069	17603	17429	12	3504434	0.00542466013063449
18069	17942	17457	13	3585903	0.00542466013063449
18069	18181	17470	14	3639521	0.00542466013063449
18069	18349	17476	15	3670123	0.00542466013063449
18069	18423	17479	16	3691239	0.00542466013063449
18069	18552	17481	17	3718651	0.00542466013063449
18071	0	1237	0	367	0.00657004770641003
18071	850	2154	1	134379	0.00657004770641003
18071	3375	3626	2	585916	0.00657004770641003
18071	7291	5795	3	1188662	0.00657004770641003
18071	11301	8615	4	1905050	0.00657004770641003
18071	15185	11746	5	2517863	0.00657004770641003
18071	16915	14664	6	2807799	0.00657004770641003
18071	18312	16972	7	2975344	0.00657004770641003
18071	19388	18573	8	3114094	0.00657004770641003
18071	20621	19585	9	3260132	0.00657004770641003
18071	21392	20187	10	3358967	0.00657004770641003
18071	21670	20533	11	3409055	0.00657004770641003
18071	22340	20727	12	3504434	0.00657004770641003
18071	22820	20835	13	3585903	0.00657004770641003
18071	23201	20895	14	3639521	0.00657004770641003
18071	23391	20927	15	3670123	0.00657004770641003
18071	23512	20945	16	3691239	0.00657004770641003
18071	23717	20955	17	3718651	0.00657004770641003
18073	0	277	0	367	0.00498528048478518
18073	309	516	1	134379	0.00498528048478518
18073	2116	948	2	585916	0.00498528048478518
18073	5014	1703	3	1188662	0.00498528048478518
18073	7337	2940	4	1905050	0.00498528048478518
18073	10442	4767	5	2517863	0.00498528048478518
18073	11702	7095	6	2807799	0.00498528048478518
18073	12484	9563	7	2975344	0.00498528048478518
18073	13125	11715	8	3114094	0.00498528048478518
18073	13783	13295	9	3260132	0.00498528048478518
18073	14337	14315	10	3358967	0.00498528048478518
18073	14632	14919	11	3409055	0.00498528048478518
18073	15005	15260	12	3504434	0.00498528048478518
18073	15421	15446	13	3585903	0.00498528048478518
18073	15689	15546	14	3639521	0.00498528048478518
18073	15818	15599	15	3670123	0.00498528048478518
18073	15935	15628	16	3691239	0.00498528048478518
18073	16036	15643	17	3718651	0.00498528048478518
18075	0	502	0	367	0.00303555187375812
18075	204	896	1	134379	0.00303555187375812
18075	1361	1540	2	585916	0.00303555187375812
18075	3209	2491	3	1188662	0.00303555187375812
18075	4870	3709	4	1905050	0.00303555187375812
18075	5528	5013	5	2517863	0.00303555187375812
18075	5939	6166	6	2807799	0.00303555187375812
18075	6215	7025	7	2975344	0.00303555187375812
18075	6521	7587	8	3114094	0.00303555187375812
18075	6937	7924	9	3260132	0.00303555187375812
18075	7205	8116	10	3358967	0.00303555187375812
18075	7318	8222	11	3409055	0.00303555187375812
18075	7501	8279	12	3504434	0.00303555187375812
18075	7688	8310	13	3585903	0.00303555187375812
18075	7800	8327	14	3639521	0.00303555187375812
18075	7888	8335	15	3670123	0.00303555187375812
18075	7938	8340	16	3691239	0.00303555187375812
18075	7983	8343	17	3718651	0.00303555187375812
18077	0	335	0	367	0.00479901203451641
18077	590	673	1	134379	0.00479901203451641
18077	2997	1323	2	585916	0.00479901203451641
18077	6465	2505	3	1188662	0.00479901203451641
18077	10070	4437	4	1905050	0.00479901203451641
18077	12830	7115	5	2517863	0.00479901203451641
18077	13931	10086	6	2807799	0.00479901203451641
18077	14678	12667	7	2975344	0.00479901203451641
18077	15432	14475	8	3114094	0.00479901203451641
18077	16257	15558	9	3260132	0.00479901203451641
18077	16607	16148	10	3358967	0.00479901203451641
18077	16803	16452	11	3409055	0.00479901203451641
18077	17190	16605	12	3504434	0.00479901203451641
18077	17653	16681	13	3585903	0.00479901203451641
18077	17858	16718	14	3639521	0.00479901203451641
18077	17988	16736	15	3670123	0.00479901203451641
18077	18111	16745	16	3691239	0.00479901203451641
18077	18200	16749	17	3718651	0.00479901203451641
18079	0	332	0	367	0.00411974120271489
18079	341	625	1	134379	0.00411974120271489
18079	1584	1148	2	585916	0.00411974120271489
18079	3927	2027	3	1188662	0.00411974120271489
18079	5900	3363	4	1905050	0.00411974120271489
18079	7554	5107	5	2517863	0.00411974120271489
18079	8263	6982	6	2807799	0.00411974120271489
18079	8810	8623	7	2975344	0.00411974120271489
18079	9236	9819	8	3114094	0.00411974120271489
18079	9811	10579	9	3260132	0.00411974120271489
18079	10228	11022	10	3358967	0.00411974120271489
18079	10361	11265	11	3409055	0.00411974120271489
18079	10596	11396	12	3504434	0.00411974120271489
18079	10867	11465	13	3585903	0.00411974120271489
18079	11053	11501	14	3639521	0.00411974120271489
18079	11194	11520	15	3670123	0.00411974120271489
18079	11270	11530	16	3691239	0.00411974120271489
18079	11341	11535	17	3718651	0.00411974120271489
18081	0	1737	0	367	0.0234940366616119
18081	3024	3420	1	134379	0.0234940366616119
18081	14730	6603	2	585916	0.0234940366616119
18081	27782	12308	3	1188662	0.0234940366616119
18081	44289	21600	4	1905050	0.0234940366616119
18081	60031	34607	5	2517863	0.0234940366616119
18081	70054	49426	6	2807799	0.0234940366616119
18081	74959	62819	7	2975344	0.0234940366616119
18081	78454	72617	8	3114094	0.0234940366616119
18081	81931	78730	9	3260132	0.0234940366616119
18081	84313	82175	10	3358967	0.0234940366616119
18081	85536	84005	11	3409055	0.0234940366616119
18081	88308	84946	12	3504434	0.0234940366616119
18081	90054	85423	13	3585903	0.0234940366616119
18081	91432	85663	14	3639521	0.0234940366616119
18081	92148	85782	15	3670123	0.0234940366616119
18081	92613	85842	16	3691239	0.0234940366616119
18081	93306	85872	17	3718651	0.0234940366616119
18083	0	1016	0	367	0.00543565204875242
18083	2076	1816	1	134379	0.00543565204875242
18083	5276	3123	2	585916	0.00543565204875242
18083	9465	5058	3	1188662	0.00543565204875242
18083	12119	7540	4	1905050	0.00543565204875242
18083	13475	10199	5	2517863	0.00543565204875242
18083	14197	12552	6	2807799	0.00543565204875242
18083	14762	14305	7	2975344	0.00543565204875242
18083	15380	15452	8	3114094	0.00543565204875242
18083	16362	16140	9	3260132	0.00543565204875242
18083	16849	16531	10	3358967	0.00543565204875242
18083	17067	16746	11	3409055	0.00543565204875242
18083	17373	16863	12	3504434	0.00543565204875242
18083	17747	16926	13	3585903	0.00543565204875242
18083	17911	16959	14	3639521	0.00543565204875242
18083	17981	16977	15	3670123	0.00543565204875242
18083	18057	16987	16	3691239	0.00543565204875242
18083	18161	16992	17	3718651	0.00543565204875242
18085	0	861	0	367	0.0118023492699807
18085	1070	1701	1	134379	0.0118023492699807
18085	4547	3280	2	585916	0.0118023492699807
18085	10754	6048	3	1188662	0.0118023492699807
18085	17416	10365	4	1905050	0.0118023492699807
18085	22819	15997	5	2517863	0.0118023492699807
18085	25012	21855	6	2807799	0.0118023492699807
18085	26331	26673	7	2975344	0.0118023492699807
18085	27622	29927	8	3114094	0.0118023492699807
18085	28915	31844	9	3260132	0.0118023492699807
18085	29754	32883	10	3358967	0.0118023492699807
18085	30185	33421	11	3409055	0.0118023492699807
18085	30901	33693	12	3504434	0.0118023492699807
18085	31520	33829	13	3585903	0.0118023492699807
18085	31947	33896	14	3639521	0.0118023492699807
18085	32190	33929	15	3670123	0.0118023492699807
18085	32369	33946	16	3691239	0.0118023492699807
18085	32590	33954	17	3718651	0.0118023492699807
18087	0	364	0	367	0.00588424113951136
18087	303	735	1	134379	0.00588424113951136
18087	1718	1441	2	585916	0.00588424113951136
18087	3784	2677	3	1188662	0.00588424113951136
18087	5781	4555	4	1905050	0.00588424113951136
18087	6755	6871	5	2517863	0.00588424113951136
18087	7147	9094	6	2807799	0.00588424113951136
18087	7435	10768	7	2975344	0.00588424113951136
18087	7685	11813	8	3114094	0.00588424113951136
18087	7909	12391	9	3260132	0.00588424113951136
18087	8409	12690	10	3358967	0.00588424113951136
18087	8516	12839	11	3409055	0.00588424113951136
18087	8649	12911	12	3504434	0.00588424113951136
18087	8757	12946	13	3585903	0.00588424113951136
18087	8848	12963	14	3639521	0.00588424113951136
18087	8892	12972	15	3670123	0.00588424113951136
18087	8939	12976	16	3691239	0.00588424113951136
18087	8979	12977	17	3718651	0.00588424113951136
18089	0	4077	0	367	0.0721148554436509
18089	8889	7890	1	134379	0.0721148554436509
18089	36845	15077	2	585916	0.0721148554436509
18089	75091	28141	3	1188662	0.0721148554436509
18089	125726	50400	4	1905050	0.0721148554436509
18089	179469	84442	5	2517863	0.0721148554436509
18089	205327	128771	6	2807799	0.0721148554436509
18089	218006	175813	7	2975344	0.0721148554436509
18089	229569	216037	8	3114094	0.0721148554436509
18089	239098	244555	9	3260132	0.0721148554436509
18089	246795	262195	10	3358967	0.0721148554436509
18089	250550	272202	11	3409055	0.0721148554436509
18089	257545	277603	12	3504434	0.0721148554436509
18089	264631	280438	13	3585903	0.0721148554436509
18089	270353	281906	14	3639521	0.0721148554436509
18089	273323	282660	15	3670123	0.0721148554436509
18089	275153	283046	16	3691239	0.0721148554436509
18089	277334	283243	17	3718651	0.0721148554436509
18091	0	1232	0	367	0.016322701326264
18091	1580	2397	1	134379	0.016322701326264
18091	8491	4578	2	585916	0.016322701326264
18091	19782	8457	3	1188662	0.016322701326264
18091	31434	14760	4	1905050	0.016322701326264
18091	43171	23644	5	2517863	0.016322701326264
18091	48557	33944	6	2807799	0.016322701326264
18091	51013	43494	7	2975344	0.016322701326264
18091	53080	50683	8	3114094	0.016322701326264
18091	54975	55289	9	3260132	0.016322701326264
18091	56647	57944	10	3358967	0.016322701326264
18091	57439	59381	11	3409055	0.016322701326264
18091	58588	60133	12	3504434	0.016322701326264
18091	60013	60520	13	3585903	0.016322701326264
18091	60935	60716	14	3639521	0.016322701326264
18091	61379	60816	15	3670123	0.016322701326264
18091	61733	60866	16	3691239	0.016322701326264
18091	62194	60892	17	3718651	0.016322701326264
18093	0	555	0	367	0.0067392341217658
18093	536	1065	1	134379	0.0067392341217658
18093	3870	1997	2	585916	0.0067392341217658
18093	8252	3599	3	1188662	0.0067392341217658
18093	11965	6080	4	1905050	0.0067392341217658
18093	15509	9363	5	2517863	0.0067392341217658
18093	17062	12906	6	2807799	0.0067392341217658
18093	17982	15981	7	2975344	0.0067392341217658
18093	18788	18185	8	3114094	0.0067392341217658
18093	19840	19556	9	3260132	0.0067392341217658
18093	20557	20335	10	3358967	0.0067392341217658
18093	20986	20756	11	3409055	0.0067392341217658
18093	21423	20977	12	3504434	0.0067392341217658
18093	21903	21091	13	3585903	0.0067392341217658
18093	22178	21149	14	3639521	0.0067392341217658
18093	22347	21179	15	3670123	0.0067392341217658
18093	22439	21195	16	3691239	0.0067392341217658
18093	22598	21202	17	3718651	0.0067392341217658
18095	0	1790	0	367	0.0192461059273324
18095	3019	3277	1	134379	0.0192461059273324
18095	10389	5888	2	585916	0.0192461059273324
18095	23437	10245	3	1188662	0.0192461059273324
18095	36479	16933	4	1905050	0.0192461059273324
18095	46215	25987	5	2517863	0.0192461059273324
18095	50906	36368	6	2807799	0.0192461059273324
18095	53970	46225	7	2975344	0.0192461059273324
18095	57277	54044	8	3114094	0.0192461059273324
18095	60136	59407	9	3260132	0.0192461059273324
18095	62087	62730	10	3358967	0.0192461059273324
18095	63055	64661	11	3409055	0.0192461059273324
18095	64637	65741	12	3504434	0.0192461059273324
18095	66171	66333	13	3585903	0.0192461059273324
18095	67117	66653	14	3639521	0.0192461059273324
18095	67679	66825	15	3670123	0.0192461059273324
18095	68059	66917	16	3691239	0.0192461059273324
18095	68546	66967	17	3718651	0.0192461059273324
18097	0	9521	0	367	0.143278464351798
18097	17564	17276	1	134379	0.143278464351798
18097	71377	30995	2	585916	0.143278464351798
18097	146281	54524	3	1188662	0.143278464351798
18097	245592	92819	4	1905050	0.143278464351798
18097	341043	150116	5	2517863	0.143278464351798
18097	393320	225899	6	2807799	0.143278464351798
18097	426257	311308	7	2975344	0.143278464351798
18097	447344	391815	8	3114094	0.143278464351798
18097	469839	455887	9	3260132	0.143278464351798
18097	484785	500352	10	3358967	0.143278464351798
18097	492566	528359	11	3409055	0.143278464351798
18097	506994	544936	12	3504434	0.143278464351798
18097	520887	554388	13	3585903	0.143278464351798
18097	530630	559664	14	3639521	0.143278464351798
18097	536451	562573	15	3670123	0.143278464351798
18097	540052	564167	16	3691239	0.143278464351798
18097	545294	565037	17	3718651	0.143278464351798
18099	0	1040	0	367	0.006871137139181
18099	643	1890	1	134379	0.006871137139181
18099	3768	3318	2	585916	0.006871137139181
18099	7160	5514	3	1188662	0.006871137139181
18099	11479	8466	4	1905050	0.006871137139181
18099	14157	11791	5	2517863	0.006871137139181
18099	15806	14866	6	2807799	0.006871137139181
18099	16620	17234	7	2975344	0.006871137139181
18099	17516	18812	8	3114094	0.006871137139181
18099	18427	19765	9	3260132	0.006871137139181
18099	18938	20307	10	3358967	0.006871137139181
18099	19183	20605	11	3409055	0.006871137139181
18099	19705	20765	12	3504434	0.006871137139181
18099	20170	20851	13	3585903	0.006871137139181
18099	20427	20896	14	3639521	0.006871137139181
18099	20598	20920	15	3670123	0.006871137139181
18099	20712	20933	16	3691239	0.006871137139181
18099	20843	20939	17	3718651	0.006871137139181
18101	0	197	0	367	0.00152327189593803
18101	163	395	1	134379	0.00152327189593803
18101	827	760	2	585916	0.00152327189593803
18101	1874	1353	3	1188662	0.00152327189593803
18101	2813	2151	4	1905050	0.00152327189593803
18101	3509	2988	5	2517863	0.00152327189593803
18101	3773	3666	6	2807799	0.00152327189593803
18101	3949	4109	7	2975344	0.00152327189593803
18101	4124	4359	8	3114094	0.00152327189593803
18101	4397	4489	9	3260132	0.00152327189593803
18101	4590	4553	10	3358967	0.00152327189593803
18101	4758	4584	11	3409055	0.00152327189593803
18101	4863	4599	12	3504434	0.00152327189593803
18101	4544	4607	13	3585903	0.00152327189593803
18101	4601	4610	14	3639521	0.00152327189593803
18101	4626	4612	15	3670123	0.00152327189593803
18101	4643	4612	16	3691239	0.00152327189593803
18101	4668	4613	17	3718651	0.00152327189593803
18103	0	873	0	367	0.00527552653887225
18103	257	1554	1	134379	0.00527552653887225
18103	2180	2667	2	585916	0.00527552653887225
18103	5150	4318	3	1188662	0.00527552653887225
18103	7607	6449	4	1905050	0.00527552653887225
18103	9696	8756	5	2517863	0.00527552653887225
18103	10909	10824	6	2807799	0.00527552653887225
18103	11537	12387	7	2975344	0.00527552653887225
18103	12108	13421	8	3114094	0.00527552653887225
18103	12890	14047	9	3260132	0.00527552653887225
18103	13529	14406	10	3358967	0.00527552653887225
18103	13852	14605	11	3409055	0.00527552653887225
18103	14142	14714	12	3504434	0.00527552653887225
18103	13903	14773	13	3585903	0.00527552653887225
18103	14095	14804	14	3639521	0.00527552653887225
18103	14225	14821	15	3670123	0.00527552653887225
18103	14317	14830	16	3691239	0.00527552653887225
18103	14408	14835	17	3718651	0.00527552653887225
18105	0	453	0	367	0.0220478567319334
18105	2212	1061	1	134379	0.0220478567319334
18105	12200	2461	2	585916	0.0220478567319334
18105	22916	5595	3	1188662	0.0220478567319334
18105	44903	12177	4	1905050	0.0220478567319334
18105	65312	24318	5	2517863	0.0220478567319334
18105	73057	42154	6	2807799	0.0220478567319334
18105	76435	61207	7	2975344	0.0220478567319334
18105	78164	75732	8	3114094	0.0220478567319334
18105	79826	84214	9	3260132	0.0220478567319334
18105	81055	88416	10	3358967	0.0220478567319334
18105	81761	90329	11	3409055	0.0220478567319334
18105	84108	91166	12	3504434	0.0220478567319334
18105	85698	91526	13	3585903	0.0220478567319334
18105	86464	91679	14	3639521	0.0220478567319334
18105	86889	91745	15	3670123	0.0220478567319334
18105	87329	91772	16	3691239	0.0220478567319334
18105	87873	91784	17	3718651	0.0220478567319334
18107	0	431	0	367	0.00569470482169401
18107	286	848	1	134379	0.00569470482169401
18107	2409	1629	2	585916	0.00569470482169401
18107	5777	3000	3	1188662	0.00569470482169401
18107	9071	5145	4	1905050	0.00569470482169401
18107	12224	7969	5	2517863	0.00569470482169401
18107	13378	10946	6	2807799	0.00569470482169401
18107	14169	13432	7	2975344	0.00569470482169401
18107	14943	15136	8	3114094	0.00569470482169401
18107	15649	16151	9	3260132	0.00569470482169401
18107	16119	16707	10	3358967	0.00569470482169401
18107	16374	16996	11	3409055	0.00569470482169401
18107	16753	17143	12	3504434	0.00569470482169401
18107	17109	17217	13	3585903	0.00569470482169401
18107	17338	17254	14	3639521	0.00569470482169401
18107	17465	17273	15	3670123	0.00569470482169401
18107	17522	17282	16	3691239	0.00569470482169401
18107	17652	17286	17	3718651	0.00569470482169401
18109	0	958	0	367	0.0104703961650683
18109	873	1858	1	134379	0.0104703961650683
18109	5208	3515	2	585916	0.0104703961650683
18109	11657	6366	3	1188662	0.0104703961650683
18109	19112	10737	4	1905050	0.0104703961650683
18109	25576	16384	5	2517863	0.0104703961650683
18109	28885	22262	6	2807799	0.0104703961650683
18109	30682	27154	7	2975344	0.0104703961650683
18109	32157	30520	8	3114094	0.0104703961650683
18109	33778	32545	9	3260132	0.0104703961650683
18109	34892	33667	10	3358967	0.0104703961650683
18109	35433	34260	11	3409055	0.0104703961650683
18109	36188	34566	12	3504434	0.0104703961650683
18109	36967	34721	13	3585903	0.0104703961650683
18109	37592	34800	14	3639521	0.0104703961650683
18109	37906	34839	15	3670123	0.0104703961650683
18109	38113	34859	16	3691239	0.0104703961650683
18109	38391	34869	17	3718651	0.0104703961650683
18111	0	103	0	367	0.00207717544542149
18111	0	190	1	134379	0.00207717544542149
18111	869	346	2	585916	0.00207717544542149
18111	1471	614	3	1188662	0.00207717544542149
18111	2247	1049	4	1905050	0.00207717544542149
18111	3006	1683	5	2517863	0.00207717544542149
18111	3299	2485	6	2807799	0.00207717544542149
18111	3490	3331	7	2975344	0.00207717544542149
18111	3673	4070	8	3114094	0.00207717544542149
18111	3896	4616	9	3260132	0.00207717544542149
18111	4059	4971	10	3358967	0.00207717544542149
18111	4129	5184	11	3409055	0.00207717544542149
18111	4226	5305	12	3504434	0.00207717544542149
18111	4332	5372	13	3585903	0.00207717544542149
18111	4407	5409	14	3639521	0.00207717544542149
18111	4439	5428	15	3670123	0.00207717544542149
18111	4464	5439	16	3691239	0.00207717544542149
18111	4499	5444	17	3718651	0.00207717544542149
18113	0	513	0	367	0.00709186673814384
18113	612	1006	1	134379	0.00709186673814384
18113	3009	1926	2	585916	0.00709186673814384
18113	6663	3529	3	1188662	0.00709186673814384
18113	10092	6020	4	1905050	0.00709186673814384
18113	13086	9278	5	2517863	0.00709186673814384
18113	14308	12693	6	2807799	0.00709186673814384
18113	15142	15535	7	2975344	0.00709186673814384
18113	15771	17482	8	3114094	0.00709186673814384
18113	16515	18644	9	3260132	0.00709186673814384
18113	17052	19281	10	3358967	0.00709186673814384
18113	17295	19614	11	3409055	0.00709186673814384
18113	17609	19784	12	3504434	0.00709186673814384
18113	17945	19869	13	3585903	0.00709186673814384
18113	18228	19912	14	3639521	0.00709186673814384
18113	18376	19934	15	3670123	0.00709186673814384
18113	18472	19944	16	3691239	0.00709186673814384
18113	18585	19950	17	3718651	0.00709186673814384
18115	0	78	0	367	0.00087266917490355
18115	91	153	1	134379	0.00087266917490355
18115	700	296	2	585916	0.00087266917490355
18115	1553	550	3	1188662	0.00087266917490355
18115	2598	961	4	1905050	0.00087266917490355
18115	3108	1527	5	2517863	0.00087266917490355
18115	3280	2159	6	2807799	0.00087266917490355
18115	3494	2718	7	2975344	0.00087266917490355
18115	3667	3119	8	3114094	0.00087266917490355
18115	3950	3367	9	3260132	0.00087266917490355
18115	4097	3505	10	3358967	0.00087266917490355
18115	4155	3578	11	3409055	0.00087266917490355
18115	4252	3615	12	3504434	0.00087266917490355
18115	4330	3634	13	3585903	0.00087266917490355
18115	4385	3644	14	3639521	0.00087266917490355
18115	4420	3649	15	3670123	0.00087266917490355
18115	4442	3651	16	3691239	0.00087266917490355
18115	4468	3652	17	3718651	0.00087266917490355
18117	0	548	0	367	0.00291820572087747
18117	438	992	1	134379	0.00291820572087747
18117	2392	1727	2	585916	0.00291820572087747
18117	4689	2829	3	1188662	0.00291820572087747
18117	6795	4257	4	1905050	0.00291820572087747
18117	7862	5794	5	2517863	0.00291820572087747
18117	8461	7151	6	2807799	0.00291820572087747
18117	8836	8154	7	2975344	0.00291820572087747
18117	9220	8803	8	3114094	0.00291820572087747
18117	9737	9187	9	3260132	0.00291820572087747
18117	10099	9403	10	3358967	0.00291820572087747
18117	10244	9520	11	3409055	0.00291820572087747
18117	10465	9583	12	3504434	0.00291820572087747
18117	10678	9617	13	3585903	0.00291820572087747
18117	10797	9634	14	3639521	0.00291820572087747
18117	10879	9644	15	3670123	0.00291820572087747
18117	10939	9649	16	3691239	0.00291820572087747
18117	10971	9651	17	3718651	0.00291820572087747
18119	0	162	0	367	0.0030894716883096
18119	163	315	1	134379	0.0030894716883096
18119	1235	604	2	585916	0.0030894716883096
18119	2909	1125	3	1188662	0.0030894716883096
18119	4635	1991	4	1905050	0.0030894716883096
18119	6237	3257	5	2517863	0.0030894716883096
18119	6902	4795	6	2807799	0.0030894716883096
18119	7271	6297	7	2975344	0.0030894716883096
18119	7603	7480	8	3114094	0.0030894716883096
18119	7975	8264	9	3260132	0.0030894716883096
18119	8209	8726	10	3358967	0.0030894716883096
18119	8306	8979	11	3409055	0.0030894716883096
18119	8483	9113	12	3504434	0.0030894716883096
18119	8638	9181	13	3585903	0.0030894716883096
18119	8751	9217	14	3639521	0.0030894716883096
18119	8823	9235	15	3670123	0.0030894716883096
18119	8865	9244	16	3691239	0.0030894716883096
18119	8915	9248	17	3718651	0.0030894716883096
18121	0	425	0	367	0.00251581239410067
18121	105	754	1	134379	0.00251581239410067
18121	983	1288	2	585916	0.00251581239410067
18121	2428	2073	3	1188662	0.00251581239410067
18121	3398	3077	4	1905050	0.00251581239410067
18121	4493	4153	5	2517863	0.00251581239410067
18121	5165	5108	6	2807799	0.00251581239410067
18121	5410	5825	7	2975344	0.00251581239410067
18121	5668	6299	8	3114094	0.00251581239410067
18121	6037	6585	9	3260132	0.00251581239410067
18121	6247	6749	10	3358967	0.00251581239410067
18121	6329	6840	11	3409055	0.00251581239410067
18121	6441	6890	12	3504434	0.00251581239410067
18121	6586	6917	13	3585903	0.00251581239410067
18121	6651	6932	14	3639521	0.00251581239410067
18121	6687	6940	15	3670123	0.00251581239410067
18121	6703	6944	16	3691239	0.00251581239410067
18121	6746	6946	17	3718651	0.00251581239410067
18123	0	179	0	367	0.002847352410847
18123	309	356	1	134379	0.002847352410847
18123	2006	695	2	585916	0.002847352410847
18123	3727	1316	3	1188662	0.002847352410847
18123	5708	2354	4	1905050	0.002847352410847
18123	7563	3858	5	2517863	0.002847352410847
18123	8300	5637	6	2807799	0.002847352410847
18123	8674	7300	7	2975344	0.002847352410847
18123	9171	8546	8	3114094	0.002847352410847
18123	9820	9334	9	3260132	0.002847352410847
18123	10057	9779	10	3358967	0.002847352410847
18123	10185	10015	11	3409055	0.002847352410847
18123	10438	10136	12	3504434	0.002847352410847
18123	10634	10196	13	3585903	0.002847352410847
18123	10759	10227	14	3639521	0.002847352410847
18123	10827	10242	15	3670123	0.002847352410847
18123	10876	10249	16	3691239	0.002847352410847
18123	10963	10253	17	3718651	0.002847352410847
18125	0	254	0	367	0.0018402550481498
18125	268	494	1	134379	0.0018402550481498
18125	1584	928	2	585916	0.0018402550481498
18125	3012	1635	3	1188662	0.0018402550481498
18125	4375	2616	4	1905050	0.0018402550481498
18125	5125	3715	5	2517863	0.0018402550481498
18125	5461	4686	6	2807799	0.0018402550481498
18125	5751	5378	7	2975344	0.0018402550481498
18125	5998	5800	8	3114094	0.0018402550481498
18125	6397	6034	9	3260132	0.0018402550481498
18125	6635	6156	10	3358967	0.0018402550481498
18125	6731	6218	11	3409055	0.0018402550481498
18125	6847	6249	12	3504434	0.0018402550481498
18125	6964	6264	13	3585903	0.0018402550481498
18125	7065	6272	14	3639521	0.0018402550481498
18125	7114	6275	15	3670123	0.0018402550481498
18125	7150	6277	16	3691239	0.0018402550481498
18125	7196	6278	17	3718651	0.0018402550481498
18127	0	1275	0	367	0.0253094856242793
18127	3439	2677	1	134379	0.0253094856242793
18127	14343	5530	2	585916	0.0253094856242793
18127	30933	11071	3	1188662	0.0253094856242793
18127	46886	20903	4	1905050	0.0253094856242793
18127	66388	35851	5	2517863	0.0253094856242793
18127	75534	53970	6	2807799	0.0253094856242793
18127	79885	70761	7	2975344	0.0253094856242793
18127	83511	82865	8	3114094	0.0253094856242793
18127	86708	90100	9	3260132	0.0253094856242793
18127	88951	93952	10	3358967	0.0253094856242793
18127	90032	95876	11	3409055	0.0253094856242793
18127	92204	96807	12	3504434	0.0253094856242793
18127	94215	97250	13	3585903	0.0253094856242793
18127	95840	97459	14	3639521	0.0253094856242793
18127	96590	97558	15	3670123	0.0253094856242793
18127	97160	97604	16	3691239	0.0253094856242793
18127	97815	97626	17	3718651	0.0253094856242793
18129	0	298	0	367	0.00377691218898256
18129	537	583	1	134379	0.00377691218898256
18129	2946	1116	2	585916	0.00377691218898256
18129	5417	2049	3	1188662	0.00377691218898256
18129	7634	3516	4	1905050	0.00377691218898256
18129	8803	5472	5	2517863	0.00377691218898256
18129	9329	7574	6	2807799	0.00377691218898256
18129	9697	9372	7	2975344	0.00377691218898256
18129	10213	10632	8	3114094	0.00377691218898256
18129	10840	11396	9	3260132	0.00377691218898256
18129	11188	11820	10	3358967	0.00377691218898256
18129	11327	12044	11	3409055	0.00377691218898256
18129	11588	12159	12	3504434	0.00377691218898256
18129	11807	12217	13	3585903	0.00377691218898256
18129	11959	12246	14	3639521	0.00377691218898256
18129	12022	12261	15	3670123	0.00377691218898256
18129	12070	12268	16	3691239	0.00377691218898256
18129	12120	12272	17	3718651	0.00377691218898256
18131	0	213	0	367	0.00183490762852486
18131	201	419	1	134379	0.00183490762852486
18131	1330	793	2	585916	0.00183490762852486
18131	2339	1411	3	1188662	0.00183490762852486
18131	3360	2285	4	1905050	0.00183490762852486
18131	4013	3281	5	2517863	0.00183490762852486
18131	4313	4174	6	2807799	0.00183490762852486
18131	4517	4817	7	2975344	0.00183490762852486
18131	4720	5210	8	3114094	0.00183490762852486
18131	4979	5428	9	3260132	0.00183490762852486
18131	5137	5541	10	3358967	0.00183490762852486
18131	5185	5599	11	3409055	0.00183490762852486
18131	5303	5627	12	3504434	0.00183490762852486
18131	5442	5642	13	3585903	0.00183490762852486
18131	5552	5648	14	3639521	0.00183490762852486
18131	5595	5652	15	3670123	0.00183490762852486
18131	5616	5654	16	3691239	0.00183490762852486
18131	5645	5654	17	3718651	0.00183490762852486
18133	0	299	0	367	0.00558151777296609
18133	357	574	1	134379	0.00558151777296609
18133	2222	1087	2	585916	0.00558151777296609
18133	5096	1999	3	1188662	0.00558151777296609
18133	9057	3505	4	1905050	0.00558151777296609
18133	11016	5704	5	2517863	0.00558151777296609
18133	12215	8399	6	2807799	0.00558151777296609
18133	13001	11076	7	2975344	0.00558151777296609
18133	13519	13234	8	3114094	0.00558151777296609
18133	14283	14700	9	3260132	0.00558151777296609
18133	14755	15583	10	3358967	0.00558151777296609
18133	14964	16077	11	3409055	0.00558151777296609
18133	15370	16342	12	3504434	0.00558151777296609
18133	15664	16481	13	3585903	0.00558151777296609
18133	15847	16553	14	3639521	0.00558151777296609
18133	15952	16590	15	3670123	0.00558151777296609
18133	16042	16609	16	3691239	0.00558151777296609
18133	16130	16619	17	3718651	0.00558151777296609
18135	0	309	0	367	0.00366372514025465
18135	333	568	1	134379	0.00366372514025465
18135	2453	1024	2	585916	0.00366372514025465
18135	4892	1784	3	1188662	0.00366372514025465
18135	6714	2941	4	1905050	0.00366372514025465
18135	7627	4484	5	2517863	0.00366372514025465
18135	8189	6211	6	2807799	0.00366372514025465
18135	8623	7807	7	2975344	0.00366372514025465
18135	9038	9038	8	3114094	0.00366372514025465
18135	9652	9863	9	3260132	0.00366372514025465
18135	10172	10365	10	3358967	0.00366372514025465
18135	10386	10652	11	3409055	0.00366372514025465
18135	10646	10811	12	3504434	0.00366372514025465
18135	10902	10897	13	3585903	0.00366372514025465
18135	11046	10944	14	3639521	0.00366372514025465
18135	11173	10968	15	3670123	0.00366372514025465
18135	11248	10982	16	3691239	0.00366372514025465
18135	11316	10989	17	3718651	0.00366372514025465
18137	0	399	0	367	0.00420723092935628
18137	649	735	1	134379	0.00420723092935628
18137	3162	1322	2	585916	0.00420723092935628
18137	5400	2287	3	1188662	0.00420723092935628
18137	8227	3727	4	1905050	0.00420723092935628
18137	9468	5584	5	2517863	0.00420723092935628
18137	10154	7580	6	2807799	0.00420723092935628
18137	10655	9345	7	2975344	0.00420723092935628
18137	11116	10657	8	3114094	0.00420723092935628
18137	11913	11510	9	3260132	0.00420723092935628
18137	12358	12019	10	3358967	0.00420723092935628
18137	12597	12307	11	3409055	0.00420723092935628
18137	12970	12465	12	3504434	0.00420723092935628
18137	13302	12550	13	3585903	0.00420723092935628
18137	13485	12595	14	3639521	0.00420723092935628
18137	13590	12619	15	3670123	0.00420723092935628
18137	13658	12632	16	3691239	0.00420723092935628
18137	13745	12639	17	3718651	0.00420723092935628
18139	0	219	0	367	0.00246293235558736
18139	412	423	1	134379	0.00246293235558736
18139	2144	798	2	585916	0.00246293235558736
18139	3692	1437	3	1188662	0.00246293235558736
18139	4992	2403	4	1905050	0.00246293235558736
18139	5771	3627	5	2517863	0.00246293235558736
18139	6149	4873	6	2807799	0.00246293235558736
18139	6397	5889	7	2975344	0.00246293235558736
18139	6643	6578	8	3114094	0.00246293235558736
18139	6960	6988	9	3260132	0.00246293235558736
18139	7198	7214	10	3358967	0.00246293235558736
18139	7292	7333	11	3409055	0.00246293235558736
18139	7445	7395	12	3504434	0.00246293235558736
18139	7636	7426	13	3585903	0.00246293235558736
18139	7704	7442	14	3639521	0.00246293235558736
18139	7756	7449	15	3670123	0.00246293235558736
18139	7779	7453	16	3691239	0.00246293235558736
18139	7818	7455	17	3718651	0.00246293235558736
18141	0	2637	0	367	0.0403768801935885
18141	4491	5262	1	134379	0.0403768801935885
18141	22554	10327	2	585916	0.0403768801935885
18141	54418	19641	3	1188662	0.0403768801935885
18141	84253	35338	4	1905050	0.0403768801935885
18141	113727	58283	5	2517863	0.0403768801935885
18141	125610	85687	6	2807799	0.0403768801935885
18141	132010	111515	7	2975344	0.0403768801935885
18141	136847	130959	8	3114094	0.0403768801935885
18141	141234	143263	9	3260132	0.0403768801935885
18141	145477	150214	10	3358967	0.0403768801935885
18141	147382	153893	11	3409055	0.0403768801935885
18141	151362	155772	12	3504434	0.0403768801935885
18141	154537	156714	13	3585903	0.0403768801935885
18141	156631	157182	14	3639521	0.0403768801935885
18141	158097	157414	15	3670123	0.0403768801935885
18141	158995	157529	16	3691239	0.0403768801935885
18141	160128	157585	17	3718651	0.0403768801935885
18143	0	187	0	367	0.00354608190850595
18143	295	354	1	134379	0.00354608190850595
18143	1547	662	2	585916	0.00354608190850595
18143	3730	1207	3	1188662	0.00354608190850595
18143	5624	2109	4	1905050	0.00354608190850595
18143	7270	3444	5	2517863	0.00354608190850595
18143	7867	5127	6	2807799	0.00354608190850595
18143	8354	6869	7	2975344	0.00354608190850595
18143	8957	8339	8	3114094	0.00354608190850595
18143	9471	9381	9	3260132	0.00354608190850595
18143	9719	10031	10	3358967	0.00354608190850595
18143	9835	10405	11	3409055	0.00354608190850595
18143	10048	10611	12	3504434	0.00354608190850595
18143	10246	10720	13	3585903	0.00354608190850595
18143	10369	10778	14	3639521	0.00354608190850595
18143	10454	10809	15	3670123	0.00354608190850595
18143	10517	10824	16	3691239	0.00354608190850595
18143	10566	10833	17	3718651	0.00354608190850595
18145	0	597	0	367	0.00664402034455504
18145	804	1149	1	134379	0.00664402034455504
18145	4474	2163	2	585916	0.00664402034455504
18145	8571	3915	3	1188662	0.00664402034455504
18145	13867	6640	4	1905050	0.00664402034455504
18145	17827	10261	5	2517863	0.00664402034455504
18145	19553	14180	6	2807799	0.00664402034455504
18145	20639	17585	7	2975344	0.00664402034455504
18145	21604	20023	8	3114094	0.00664402034455504
18145	22722	21536	9	3260132	0.00664402034455504
18145	23621	22393	10	3358967	0.00664402034455504
18145	24023	22855	11	3409055	0.00664402034455504
18145	24586	23096	12	3504434	0.00664402034455504
18145	25138	23220	13	3585903	0.00664402034455504
18145	25586	23284	14	3639521	0.00664402034455504
18145	25792	23316	15	3670123	0.00664402034455504
18145	25909	23333	16	3691239	0.00664402034455504
18145	26125	23341	17	3718651	0.00664402034455504
18147	0	304	0	367	0.00301193410374796
18147	348	619	1	134379	0.00301193410374796
18147	1795	1214	2	585916	0.00301193410374796
18147	3659	2237	3	1188662	0.00301193410374796
18147	5594	3731	4	1905050	0.00301193410374796
18147	6524	5466	5	2517863	0.00301193410374796
18147	6981	7016	6	2807799	0.00301193410374796
18147	7282	8108	7	2975344	0.00301193410374796
18147	7578	8756	8	3114094	0.00301193410374796
18147	8097	9102	9	3260132	0.00301193410374796
18147	8338	9276	10	3358967	0.00301193410374796
18147	8471	9361	11	3409055	0.00301193410374796
18147	8649	9402	12	3504434	0.00301193410374796
18147	8818	9421	13	3585903	0.00301193410374796
18147	8903	9431	14	3639521	0.00301193410374796
18147	8975	9435	15	3670123	0.00301193410374796
18147	9027	9437	16	3691239	0.00301193410374796
18147	9090	9438	17	3718651	0.00301193410374796
18149	0	234	0	367	0.003415664285431
18149	156	457	1	134379	0.003415664285431
18149	1314	873	2	585916	0.003415664285431
18149	3082	1601	3	1188662	0.003415664285431
18149	4687	2741	4	1905050	0.003415664285431
18149	5911	4255	5	2517863	0.003415664285431
18149	6494	5877	6	2807799	0.003415664285431
18149	6884	7259	7	2975344	0.003415664285431
18149	7157	8225	8	3114094	0.003415664285431
18149	7463	8810	9	3260132	0.003415664285431
18149	7736	9135	10	3358967	0.003415664285431
18149	7873	9306	11	3409055	0.003415664285431
18149	8054	9394	12	3504434	0.003415664285431
18149	8280	9439	13	3585903	0.003415664285431
18149	8435	9461	14	3639521	0.003415664285431
18149	8518	9473	15	3670123	0.003415664285431
18149	8581	9478	16	3691239	0.003415664285431
18149	8630	9481	17	3718651	0.003415664285431
18151	0	387	0	367	0.00513857318070015
18151	746	802	1	134379	0.00513857318070015
18151	3984	1616	2	585916	0.00513857318070015
18151	7997	3089	3	1188662	0.00513857318070015
18151	11051	5406	4	1905050	0.00513857318070015
18151	12533	8346	5	2517863	0.00513857318070015
18151	13337	11212	6	2807799	0.00513857318070015
18151	13795	13370	7	2975344	0.00513857318070015
18151	14320	14700	8	3114094	0.00513857318070015
18151	14832	15420	9	3260132	0.00513857318070015
18151	15297	15784	10	3358967	0.00513857318070015
18151	15461	15960	11	3409055	0.00513857318070015
18151	15766	16045	12	3504434	0.00513857318070015
18151	16084	16085	13	3585903	0.00513857318070015
18151	16231	16104	14	3639521	0.00513857318070015
18151	16342	16113	15	3670123	0.00513857318070015
18151	16430	16117	16	3691239	0.00513857318070015
18151	16536	16119	17	3718651	0.00513857318070015
18153	0	401	0	367	0.00307016156188621
18153	273	690	1	134379	0.00307016156188621
18153	1681	1163	2	585916	0.00307016156188621
18153	3573	1891	3	1188662	0.00307016156188621
18153	5194	2919	4	1905050	0.00307016156188621
18153	6668	4205	5	2517863	0.00307016156188621
18153	7616	5590	6	2807799	0.00307016156188621
18153	7977	6860	7	2975344	0.00307016156188621
18153	8342	7865	8	3114094	0.00307016156188621
18153	9083	8570	9	3260132	0.00307016156188621
18153	9454	9026	10	3358967	0.00307016156188621
18153	9592	9304	11	3409055	0.00307016156188621
18153	9827	9468	12	3504434	0.00307016156188621
18153	10023	9563	13	3585903	0.00307016156188621
18153	10133	9617	14	3639521	0.00307016156188621
18153	10195	9648	15	3670123	0.00307016156188621
18153	10228	9665	16	3691239	0.00307016156188621
18153	10309	9675	17	3718651	0.00307016156188621
18155	0	237	0	367	0.00159694745521499
18155	91	421	1	134379	0.00159694745521499
18155	466	720	2	585916	0.00159694745521499
18155	1254	1162	3	1188662	0.00159694745521499
18155	1896	1732	4	1905050	0.00159694745521499
18155	2294	2349	5	2517863	0.00159694745521499
18155	2480	2904	6	2807799	0.00159694745521499
18155	2626	3324	7	2975344	0.00159694745521499
18155	2773	3603	8	3114094	0.00159694745521499
18155	2963	3773	9	3260132	0.00159694745521499
18155	3074	3871	10	3358967	0.00159694745521499
18155	3121	3925	11	3409055	0.00159694745521499
18155	3186	3955	12	3504434	0.00159694745521499
18155	3250	3971	13	3585903	0.00159694745521499
18155	3287	3980	14	3639521	0.00159694745521499
18155	3319	3985	15	3670123	0.00159694745521499
18155	3341	3987	16	3691239	0.00159694745521499
18155	3357	3989	17	3718651	0.00159694745521499
18157	0	837	0	367	0.0290739205008037
18157	2720	1859	1	134379	0.0290739205008037
18157	12683	4087	2	585916	0.0290739205008037
18157	25479	8772	3	1188662	0.0290739205008037
18157	53255	17944	4	1905050	0.0290739205008037
18157	81780	33606	5	2517863	0.0290739205008037
18157	90126	55012	6	2807799	0.0290739205008037
18157	94461	76829	7	2975344	0.0290739205008037
18157	97907	93330	8	3114094	0.0290739205008037
18157	101261	103212	9	3260132	0.0290739205008037
18157	103442	108326	10	3358967	0.0290739205008037
18157	104661	110772	11	3409055	0.0290739205008037
18157	107750	111899	12	3504434	0.0290739205008037
18157	109923	112408	13	3585903	0.0290739205008037
18157	111316	112637	14	3639521	0.0290739205008037
18157	112017	112739	15	3670123	0.0290739205008037
18157	112564	112785	16	3691239	0.0290739205008037
18157	113387	112805	17	3718651	0.0290739205008037
18159	0	262	0	367	0.00225007534662791
18159	275	519	1	134379	0.00225007534662791
18159	1125	990	2	585916	0.00225007534662791
18159	2319	1769	3	1188662	0.00225007534662791
18159	3502	2860	4	1905050	0.00225007534662791
18159	4813	4083	5	2517863	0.00225007534662791
18159	5290	5151	6	2807799	0.00225007534662791
18159	5593	5900	7	2975344	0.00225007534662791
18159	5888	6348	8	3114094	0.00225007534662791
18159	6158	6591	9	3260132	0.00225007534662791
18159	6350	6716	10	3358967	0.00225007534662791
18159	6442	6778	11	3409055	0.00225007534662791
18159	6576	6809	12	3504434	0.00225007534662791
18159	6685	6824	13	3585903	0.00225007534662791
18159	6762	6831	14	3639521	0.00225007534662791
18159	6812	6834	15	3670123	0.00225007534662791
18159	6852	6836	16	3691239	0.00225007534662791
18159	6899	6837	17	3718651	0.00225007534662791
18161	0	100	0	367	0.00104779716762036
18161	0	180	1	134379	0.00104779716762036
18161	570	316	2	585916	0.00104779716762036
18161	1417	538	3	1188662	0.00104779716762036
18161	2000	872	4	1905050	0.00104779716762036
18161	2283	1315	5	2517863	0.00104779716762036
18161	2453	1817	6	2807799	0.00104779716762036
18161	2564	2294	7	2975344	0.00104779716762036
18161	2686	2677	8	3114094	0.00104779716762036
18161	3044	2944	9	3260132	0.00104779716762036
18161	3180	3113	10	3358967	0.00104779716762036
18161	3237	3213	11	3409055	0.00104779716762036
18161	3333	3270	12	3504434	0.00104779716762036
18161	3417	3302	13	3585903	0.00104779716762036
18161	3457	3320	14	3639521	0.00104779716762036
18161	3491	3330	15	3670123	0.00104779716762036
18161	3510	3335	16	3691239	0.00104779716762036
18161	3538	3338	17	3718651	0.00104779716762036
18163	0	2322	0	367	0.0269526288434764
18163	5719	4295	1	134379	0.0269526288434764
18163	26491	7812	2	585916	0.0269526288434764
18163	45206	13800	3	1188662	0.0269526288434764
18163	61924	23235	4	1905050	0.0269526288434764
18163	75091	36430	5	2517863	0.0269526288434764
18163	80819	52110	6	2807799	0.0269526288434764
18163	84472	67502	7	2975344	0.0269526288434764
18163	89086	80026	8	3114094	0.0269526288434764
18163	93942	88750	9	3260132	0.0269526288434764
18163	96688	94190	10	3358967	0.0269526288434764
18163	97788	97351	11	3409055	0.0269526288434764
18163	99967	99113	12	3504434	0.0269526288434764
18163	101860	100073	13	3585903	0.0269526288434764
18163	103019	100589	14	3639521	0.0269526288434764
18163	103668	100865	15	3670123	0.0269526288434764
18163	104216	101012	16	3691239	0.0269526288434764
18163	104925	101089	17	3718651	0.0269526288434764
18165	0	117	0	367	0.00230206414853706
18165	144	223	1	134379	0.00230206414853706
18165	1126	419	2	585916	0.00230206414853706
18165	2708	767	3	1188662	0.00230206414853706
18165	4128	1349	4	1905050	0.00230206414853706
18165	5033	2223	5	2517863	0.00230206414853706
18165	5440	3347	6	2807799	0.00230206414853706
18165	5715	4536	7	2975344	0.00230206414853706
18165	5996	5559	8	3114094	0.00230206414853706
18165	6384	6296	9	3260132	0.00230206414853706
18165	6690	6760	10	3358967	0.00230206414853706
18165	6799	7029	11	3409055	0.00230206414853706
18165	6945	7176	12	3504434	0.00230206414853706
18165	7092	7255	13	3585903	0.00230206414853706
18165	7173	7297	14	3639521	0.00230206414853706
18165	7225	7319	15	3670123	0.00230206414853706
18165	7275	7330	16	3691239	0.00230206414853706
18165	7333	7336	17	3718651	0.00230206414853706
18167	0	1326	0	367	0.0158993639392896
18167	2272	2487	1	134379	0.0158993639392896
18167	9462	4580	2	585916	0.0158993639392896
18167	21609	8160	3	1188662	0.0158993639392896
18167	30806	13779	4	1905050	0.0158993639392896
18167	37940	21502	5	2517863	0.0158993639392896
18167	41210	30385	6	2807799	0.0158993639392896
18167	43430	38731	7	2975344	0.0158993639392896
18167	45292	45209	8	3114094	0.0158993639392896
18167	47538	49529	9	3260132	0.0158993639392896
18167	49376	52128	10	3358967	0.0158993639392896
18167	50177	53595	11	3409055	0.0158993639392896
18167	51267	54393	12	3504434	0.0158993639392896
18167	52012	54819	13	3585903	0.0158993639392896
18167	52618	55044	14	3639521	0.0158993639392896
18167	52944	55162	15	3670123	0.0158993639392896
18167	53219	55224	16	3691239	0.0158993639392896
18167	53618	55256	17	3718651	0.0158993639392896
18169	0	349	0	367	0.00460412829707412
18169	361	708	1	134379	0.00460412829707412
18169	2497	1398	2	585916	0.00460412829707412
18169	5818	2619	3	1188662	0.00460412829707412
18169	8094	4505	4	1905050	0.00460412829707412
18169	9596	6874	5	2517863	0.00460412829707412
18169	10296	9189	6	2807799	0.00460412829707412
18169	10716	10956	7	2975344	0.00460412829707412
18169	11198	12067	8	3114094	0.00460412829707412
18169	11657	12683	9	3260132	0.00460412829707412
18169	11953	13001	10	3358967	0.00460412829707412
18169	12084	13159	11	3409055	0.00460412829707412
18169	12305	13236	12	3504434	0.00460412829707412
18169	12478	13273	13	3585903	0.00460412829707412
18169	12627	13291	14	3639521	0.00460412829707412
18169	12720	13299	15	3670123	0.00460412829707412
18169	12794	13304	16	3691239	0.00460412829707412
18169	12875	13306	17	3718651	0.00460412829707412
18171	0	149	0	367	0.00122767842222601
18171	0	297	1	134379	0.00122767842222601
18171	742	569	2	585916	0.00122767842222601
18171	1351	1016	3	1188662	0.00122767842222601
18171	2265	1635	4	1905050	0.00122767842222601
18171	2676	2309	5	2517863	0.00122767842222601
18171	2927	2879	6	2807799	0.00122767842222601
18171	3055	3266	7	2975344	0.00122767842222601
18171	3176	3491	8	3114094	0.00122767842222601
18171	3348	3611	9	3260132	0.00122767842222601
18171	3459	3672	10	3358967	0.00122767842222601
18171	3512	3701	11	3409055	0.00122767842222601
18171	3597	3716	12	3504434	0.00122767842222601
18171	3698	3723	13	3585903	0.00122767842222601
18171	3736	3726	14	3639521	0.00122767842222601
18171	3765	3728	15	3670123	0.00122767842222601
18171	3785	3729	16	3691239	0.00122767842222601
18171	3809	3729	17	3718651	0.00122767842222601
18173	0	706	0	367	0.00935768726477852
18173	2804	1404	1	134379	0.00935768726477852
18173	9442	2739	2	585916	0.00935768726477852
18173	16027	5152	3	1188662	0.00935768726477852
18173	23355	9106	4	1905050	0.00935768726477852
18173	28738	14648	5	2517863	0.00935768726477852
18173	31059	20927	6	2807799	0.00935768726477852
18173	32402	26532	7	2975344	0.00935768726477852
18173	33924	30568	8	3114094	0.00935768726477852
18173	35502	33045	9	3260132	0.00935768726477852
18173	36497	34421	10	3358967	0.00935768726477852
18173	36907	35142	11	3409055	0.00935768726477852
18173	37895	35508	12	3504434	0.00935768726477852
18173	38561	35692	13	3585903	0.00935768726477852
18173	38967	35783	14	3639521	0.00935768726477852
18173	39205	35828	15	3670123	0.00935768726477852
18173	39371	35850	16	3691239	0.00935768726477852
18173	39624	35861	17	3718651	0.00935768726477852
18175	0	230	0	367	0.00416445157235675
18175	423	431	1	134379	0.00416445157235675
18175	1964	794	2	585916	0.00416445157235675
18175	4302	1426	3	1188662	0.00416445157235675
18175	6225	2452	4	1905050	0.00416445157235675
18175	7924	3941	5	2517863	0.00416445157235675
18175	8562	5786	6	2807799	0.00416445157235675
18175	9040	7673	7	2975344	0.00416445157235675
18175	9494	9260	8	3114094	0.00416445157235675
18175	10124	10389	9	3260132	0.00416445157235675
18175	10424	11100	10	3358967	0.00416445157235675
18175	10575	11513	11	3409055	0.00416445157235675
18175	10819	11743	12	3504434	0.00416445157235675
18175	10993	11868	13	3585903	0.00416445157235675
18175	11127	11934	14	3639521	0.00416445157235675
18175	11187	11969	15	3670123	0.00416445157235675
18175	11246	11988	16	3691239	0.00416445157235675
18175	11309	11998	17	3718651	0.00416445157235675
18177	0	1404	0	367	0.00978637207137795
18177	787	2505	1	134379	0.00978637207137795
18177	7989	4348	2	585916	0.00978637207137795
18177	14594	7217	3	1188662	0.00978637207137795
18177	20145	11216	4	1905050	0.00978637207137795
18177	22425	16012	5	2517863	0.00978637207137795
18177	23972	20824	6	2807799	0.00978637207137795
18177	25233	24861	7	2975344	0.00978637207137795
18177	26480	27770	8	3114094	0.00978637207137795
18177	28217	29645	9	3260132	0.00978637207137795
18177	29536	30768	10	3358967	0.00978637207137795
18177	30080	31410	11	3409055	0.00978637207137795
18177	30914	31769	12	3504434	0.00978637207137795
18177	31718	31966	13	3585903	0.00978637207137795
18177	32223	32074	14	3639521	0.00978637207137795
18177	32646	32132	15	3670123	0.00978637207137795
18177	32871	32164	16	3691239	0.00978637207137795
18177	33162	32181	17	3718651	0.00978637207137795
18179	0	364	0	367	0.00420307182520355
18179	316	725	1	134379	0.00420307182520355
18179	2094	1401	2	585916	0.00420307182520355
18179	4861	2569	3	1188662	0.00420307182520355
18179	6888	4326	4	1905050	0.00420307182520355
18179	8721	6484	5	2517863	0.00420307182520355
18179	9397	8564	6	2807799	0.00420307182520355
18179	9821	10150	7	2975344	0.00420307182520355
18179	10218	11156	8	3114094	0.00420307182520355
18179	10670	11722	9	3260132	0.00420307182520355
18179	10933	12018	10	3358967	0.00420307182520355
18179	11066	12168	11	3409055	0.00420307182520355
18179	11297	12243	12	3504434	0.00420307182520355
18179	11504	12279	13	3585903	0.00420307182520355
18179	11642	12297	14	3639521	0.00420307182520355
18179	11758	12306	15	3670123	0.00420307182520355
18179	11816	12310	16	3691239	0.00420307182520355
18179	11887	12312	17	3718651	0.00420307182520355
18181	0	412	0	367	0.00358009743889793
18181	300	838	1	134379	0.00358009743889793
18181	2151	1642	2	585916	0.00358009743889793
18181	4748	3011	3	1188662	0.00358009743889793
18181	6950	4981	4	1905050	0.00358009743889793
18181	9388	7224	5	2517863	0.00358009743889793
18181	10266	9185	6	2807799	0.00358009743889793
18181	10872	10543	7	2975344	0.00358009743889793
18181	11299	11338	8	3114094	0.00358009743889793
18181	11806	11759	9	3260132	0.00358009743889793
18181	12126	11970	10	3358967	0.00358009743889793
18181	12302	12072	11	3409055	0.00358009743889793
18181	12523	12122	12	3504434	0.00358009743889793
18181	12797	12145	13	3585903	0.00358009743889793
18181	13009	12156	14	3639521	0.00358009743889793
18181	13113	12162	15	3670123	0.00358009743889793
18181	13181	12164	16	3691239	0.00358009743889793
18181	13274	12165	17	3718651	0.00358009743889793
18183	0	414	0	367	0.00504499333726369
18183	664	829	1	134379	0.00504499333726369
18183	2642	1617	2	585916	0.00504499333726369
18183	6136	3005	3	1188662	0.00504499333726369
18183	9055	5158	4	1905050	0.00504499333726369
18183	11756	7916	5	2517863	0.00504499333726369
18183	12697	10696	6	2807799	0.00504499333726369
18183	13398	12899	7	2975344	0.00504499333726369
18183	14031	14334	8	3114094	0.00504499333726369
18183	14584	15154	9	3260132	0.00504499333726369
18183	14941	15587	10	3358967	0.00504499333726369
18183	15135	15807	11	3409055	0.00504499333726369
18183	15458	15916	12	3504434	0.00504499333726369
18183	15668	15970	13	3585903	0.00504499333726369
18183	15838	15996	14	3639521	0.00504499333726369
18183	15933	16009	15	3670123	0.00504499333726369
18183	15990	16015	16	3691239	0.00504499333726369
18183	16117	16018	17	3718651	0.00504499333726369
