1890	6
20001	0	136	0	25	0.00424568034890849
20001	103	253	1	54094	0.00424568034890849
20001	477	462	2	217807	0.00424568034890849
20001	1933	818	3	524410	0.00424568034890849
20001	3218	1375	4	941055	0.00424568034890849
20001	3715	2144	5	1130404	0.00424568034890849
20001	3937	3037	6	1228689	0.00424568034890849
20001	4183	3888	7	1320386	0.00424568034890849
20001	4496	4560	8	1409536	0.00424568034890849
20001	4793	5016	9	1492281	0.00424568034890849
20001	4994	5295	10	1552013	0.00424568034890849
20001	5141	5454	11	1594930	0.00424568034890849
20001	5274	5542	12	1663083	0.00424568034890849
20001	5560	5589	13	1722231	0.00424568034890849
20001	5657	5614	14	1751920	0.00424568034890849
20001	5696	5627	15	1771960	0.00424568034890849
20001	5744	5634	16	1789503	0.00424568034890849
20001	5769	5638	17	1803248	0.00424568034890849
20003	0	143	0	25	0.00269727190409273
20003	78	270	1	54094	0.00269727190409273
20003	376	494	2	217807	0.00269727190409273
20003	1256	854	3	524410	0.00269727190409273
20003	2067	1355	4	941055	0.00269727190409273
20003	2305	1929	5	1130404	0.00269727190409273
20003	2388	2457	6	1228689	0.00269727190409273
20003	2547	2853	7	1320386	0.00269727190409273
20003	2721	3108	8	1409536	0.00269727190409273
20003	2929	3256	9	1492281	0.00269727190409273
20003	3046	3336	10	1552013	0.00269727190409273
20003	3148	3378	11	1594930	0.00269727190409273
20003	3214	3400	12	1663083	0.00269727190409273
20003	3302	3412	13	1722231	0.00269727190409273
20003	3349	3417	14	1751920	0.00269727190409273
20003	3385	3420	15	1771960	0.00269727190409273
20003	3409	3422	16	1789503	0.00269727190409273
20003	3430	3422	17	1803248	0.00269727190409273
20005	0	156	0	25	0.00551708466715225
20005	356	279	1	54094	0.00551708466715225
20005	1102	493	2	217807	0.00551708466715225
20005	2264	852	3	524410	0.00551708466715225
20005	3848	1422	4	941055	0.00551708466715225
20005	4560	2246	5	1130404	0.00551708466715225
20005	4870	3296	6	1228689	0.00551708466715225
20005	5269	4436	7	1320386	0.00551708466715225
20005	5733	5477	8	1409536	0.00551708466715225
20005	6237	6287	9	1492281	0.00551708466715225
20005	6471	6844	10	1552013	0.00551708466715225
20005	6661	7194	11	1594930	0.00551708466715225
20005	6979	7402	12	1663083	0.00551708466715225
20005	7286	7522	13	1722231	0.00551708466715225
20005	7376	7589	14	1751920	0.00551708466715225
20005	7450	7627	15	1771960	0.00551708466715225
20005	7505	7647	16	1789503	0.00551708466715225
20005	7552	7659	17	1803248	0.00551708466715225
20007	0	78	0	25	0.00151957530152946
20007	187	144	1	54094	0.00151957530152946
20007	781	255	2	217807	0.00151957530152946
20007	1191	432	3	524410	0.00151957530152946
20007	1466	679	4	941055	0.00151957530152946
20007	1528	972	5	1130404	0.00151957530152946
20007	1584	1257	6	1228689	0.00151957530152946
20007	1623	1486	7	1320386	0.00151957530152946
20007	1702	1643	8	1409536	0.00151957530152946
20007	1820	1740	9	1492281	0.00151957530152946
20007	1906	1796	10	1552013	0.00151957530152946
20007	1941	1827	11	1594930	0.00151957530152946
20007	1995	1843	12	1663083	0.00151957530152946
20007	2031	1852	13	1722231	0.00151957530152946
20007	2057	1857	14	1751920	0.00151957530152946
20007	2073	1860	15	1771960	0.00151957530152946
20007	2083	1861	16	1789503	0.00151957530152946
20007	2092	1862	17	1803248	0.00151957530152946
20009	0	709	0	25	0.0088486857235437
20009	358	1205	1	54094	0.0088486857235437
20009	1790	1980	2	217807	0.0088486857235437
20009	4608	3095	3	524410	0.0088486857235437
20009	6544	4520	4	941055	0.0088486857235437
20009	7404	6091	5	1130404	0.0088486857235437
20009	7968	7562	6	1228689	0.0088486857235437
20009	8333	8745	7	1320386	0.0088486857235437
20009	8939	9585	8	1409536	0.0088486857235437
20009	9581	10129	9	1492281	0.0088486857235437
20009	9997	10462	10	1552013	0.0088486857235437
20009	10234	10658	11	1594930	0.0088486857235437
20009	10546	10772	12	1663083	0.0088486857235437
20009	10829	10836	13	1722231	0.0088486857235437
20009	11004	10872	14	1751920	0.0088486857235437
20009	11105	10893	15	1771960	0.0088486857235437
20009	11180	10904	16	1789503	0.0088486857235437
20009	11239	10911	17	1803248	0.0088486857235437
20011	0	340	0	25	0.00498882029194244
20011	109	603	1	54094	0.00498882029194244
20011	403	1031	2	217807	0.00498882029194244
20011	1852	1665	3	524410	0.00498882029194244
20011	3100	2486	4	941055	0.00498882029194244
20011	3528	3382	5	1130404	0.00498882029194244
20011	3816	4192	6	1228689	0.00498882029194244
20011	4024	4811	7	1320386	0.00498882029194244
20011	4440	5225	8	1409536	0.00498882029194244
20011	4715	5479	9	1492281	0.00498882029194244
20011	4883	5625	10	1552013	0.00498882029194244
20011	4987	5707	11	1594930	0.00498882029194244
20011	5110	5752	12	1663083	0.00498882029194244
20011	5228	5776	13	1722231	0.00498882029194244
20011	5293	5789	14	1751920	0.00498882029194244
20011	5324	5796	15	1771960	0.00498882029194244
20011	5358	5800	16	1789503	0.00498882029194244
20011	5385	5802	17	1803248	0.00498882029194244
20013	0	130	0	25	0.00328285931416936
20013	373	239	1	54094	0.00328285931416936
20013	1014	430	2	217807	0.00328285931416936
20013	2320	751	3	524410	0.00328285931416936
20013	3435	1245	4	941055	0.00328285931416936
20013	3869	1916	5	1130404	0.00328285931416936
20013	4164	2688	6	1228689	0.00328285931416936
20013	4375	3422	7	1320386	0.00328285931416936
20013	4677	4005	8	1409536	0.00328285931416936
20013	4995	4404	9	1492281	0.00328285931416936
20013	5156	4650	10	1552013	0.00328285931416936
20013	5274	4793	11	1594930	0.00328285931416936
20013	5464	4873	12	1663083	0.00328285931416936
20013	5631	4917	13	1722231	0.00328285931416936
20013	5726	4940	14	1751920	0.00328285931416936
20013	5809	4953	15	1771960	0.00328285931416936
20013	5843	4960	16	1789503	0.00328285931416936
20013	5874	4963	17	1803248	0.00328285931416936
20015	0	511	0	25	0.0229673148860713
20015	841	926	1	54094	0.0229673148860713
20015	3008	1660	2	217807	0.0229673148860713
20015	8869	2922	3	524410	0.0229673148860713
20015	16964	4984	4	941055	0.0229673148860713
20015	20246	8098	5	1130404	0.0229673148860713
20015	22188	12277	6	1228689	0.0229673148860713
20015	23295	17078	7	1320386	0.0229673148860713
20015	25185	21702	8	1409536	0.0229673148860713
20015	27016	25456	9	1492281	0.0229673148860713
20015	28159	28105	10	1552013	0.0229673148860713
20015	29142	29793	11	1594930	0.0229673148860713
20015	30302	30802	12	1663083	0.0229673148860713
20015	31524	31380	13	1722231	0.0229673148860713
20015	31950	31704	14	1751920	0.0229673148860713
20015	32433	31884	15	1771960	0.0229673148860713
20015	32636	31983	16	1789503	0.0229673148860713
20015	32770	32037	17	1803248	0.0229673148860713
20017	0	32	0	25	0.000908930516930204
20017	0	65	1	54094	0.000908930516930204
20017	161	126	2	217807	0.000908930516930204
20017	590	233	3	524410	0.000908930516930204
20017	800	397	4	941055	0.000908930516930204
20017	871	602	5	1130404	0.000908930516930204
20017	918	803	6	1228689	0.000908930516930204
20017	940	959	7	1320386	0.000908930516930204
20017	987	1058	8	1409536	0.000908930516930204
20017	1045	1114	9	1492281	0.000908930516930204
20017	1086	1143	10	1552013	0.000908930516930204
20017	1112	1158	11	1594930	0.000908930516930204
20017	1144	1165	12	1663083	0.000908930516930204
20017	1197	1169	13	1722231	0.000908930516930204
20017	1211	1171	14	1751920	0.000908930516930204
20017	1222	1172	15	1771960	0.000908930516930204
20017	1229	1172	16	1789503	0.000908930516930204
20017	1238	1172	17	1803248	0.000908930516930204
20019	0	105	0	25	0.00111556804381539
20019	65	191	1	54094	0.00111556804381539
20019	247	328	2	217807	0.00111556804381539
20019	748	516	3	524410	0.00111556804381539
20019	950	728	4	941055	0.00111556804381539
20019	989	920	5	1130404	0.00111556804381539
20019	1026	1063	6	1228689	0.00111556804381539
20019	1060	1153	7	1320386	0.00111556804381539
20019	1126	1205	8	1409536	0.00111556804381539
20019	1175	1234	9	1492281	0.00111556804381539
20019	1214	1249	10	1552013	0.00111556804381539
20019	1242	1256	11	1594930	0.00111556804381539
20019	1279	1260	12	1663083	0.00111556804381539
20019	1309	1262	13	1722231	0.00111556804381539
20019	1329	1263	14	1751920	0.00111556804381539
20019	1338	1264	15	1771960	0.00111556804381539
20019	1342	1264	16	1789503	0.00111556804381539
20019	1348	1264	17	1803248	0.00111556804381539
20021	0	237	0	25	0.00684409576173389
20021	335	422	1	54094	0.00684409576173389
20021	1353	738	2	217807	0.00684409576173389
20021	3048	1256	3	524410	0.00684409576173389
20021	5000	2049	4	941055	0.00684409576173389
20021	5539	3140	5	1130404	0.00684409576173389
20021	5983	4444	6	1228689	0.00684409576173389
20021	6474	5761	7	1320386	0.00684409576173389
20021	7417	6884	8	1409536	0.00684409576173389
20021	7946	7712	9	1492281	0.00684409576173389
20021	8245	8260	10	1552013	0.00684409576173389
20021	8438	8596	11	1594930	0.00684409576173389
20021	8630	8793	12	1663083	0.00684409576173389
20021	8902	8905	13	1722231	0.00684409576173389
20021	9014	8969	14	1751920	0.00684409576173389
20021	9070	9004	15	1771960	0.00684409576173389
20021	9186	9023	16	1789503	0.00684409576173389
20021	9269	9034	17	1803248	0.00684409576173389
20023	0	58	0	25	0.000912019782282308
20023	59	111	1	54094	0.000912019782282308
20023	158	202	2	217807	0.000912019782282308
20023	641	342	3	524410	0.000912019782282308
20023	749	527	4	941055	0.000912019782282308
20023	857	721	5	1130404	0.000912019782282308
20023	906	885	6	1228689	0.000912019782282308
20023	941	999	7	1320386	0.000912019782282308
20023	1002	1068	8	1409536	0.000912019782282308
20023	1046	1106	9	1492281	0.000912019782282308
20023	1091	1126	10	1552013	0.000912019782282308
20023	1109	1136	11	1594930	0.000912019782282308
20023	1149	1141	12	1663083	0.000912019782282308
20023	1191	1144	13	1722231	0.000912019782282308
20023	1204	1145	14	1751920	0.000912019782282308
20023	1215	1146	15	1771960	0.000912019782282308
20023	1220	1146	16	1789503	0.000912019782282308
20023	1227	1146	17	1803248	0.000912019782282308
20025	0	33	0	25	0.000684443901343968
20025	68	64	1	54094	0.000684443901343968
20025	297	120	2	217807	0.000684443901343968
20025	515	212	3	524410	0.000684443901343968
20025	650	340	4	941055	0.000684443901343968
20025	707	487	5	1130404	0.000684443901343968
20025	735	618	6	1228689	0.000684443901343968
20025	756	713	7	1320386	0.000684443901343968
20025	782	772	8	1409536	0.000684443901343968
20025	823	805	9	1492281	0.000684443901343968
20025	856	823	10	1552013	0.000684443901343968
20025	865	832	11	1594930	0.000684443901343968
20025	881	836	12	1663083	0.000684443901343968
20025	901	838	13	1722231	0.000684443901343968
20025	911	840	14	1751920	0.000684443901343968
20025	922	840	15	1771960	0.000684443901343968
20025	927	840	16	1789503	0.000684443901343968
20025	928	841	17	1803248	0.000684443901343968
20027	0	167	0	25	0.00274670014972639
20027	174	303	1	54094	0.00274670014972639
20027	649	534	2	217807	0.00274670014972639
20027	1678	900	3	524410	0.00274670014972639
20027	2790	1419	4	941055	0.00274670014972639
20027	3072	2047	5	1130404	0.00274670014972639
20027	3302	2679	6	1228689	0.00274670014972639
20027	3449	3206	7	1320386	0.00274670014972639
20027	3752	3582	8	1409536	0.00274670014972639
20027	3994	3820	9	1492281	0.00274670014972639
20027	4150	3961	10	1552013	0.00274670014972639
20027	4279	4040	11	1594930	0.00274670014972639
20027	4415	4083	12	1663083	0.00274670014972639
20027	4709	4107	13	1722231	0.00274670014972639
20027	4776	4119	14	1751920	0.00274670014972639
20027	4818	4126	15	1771960	0.00274670014972639
20027	4846	4130	16	1789503	0.00274670014972639
20027	4863	4132	17	1803248	0.00274670014972639
20029	0	112	0	25	0.00301580948706525
20029	176	210	1	54094	0.00301580948706525
20029	477	384	2	217807	0.00301580948706525
20029	1604	678	3	524410	0.00301580948706525
20029	2600	1125	4	941055	0.00301580948706525
20029	2853	1714	5	1130404	0.00301580948706525
20029	3029	2356	6	1228689	0.00301580948706525
20029	3152	2927	7	1320386	0.00301580948706525
20029	3357	3349	8	1409536	0.00301580948706525
20029	3617	3620	9	1492281	0.00301580948706525
20029	3773	3780	10	1552013	0.00301580948706525
20029	3874	3869	11	1594930	0.00301580948706525
20029	4007	3917	12	1663083	0.00301580948706525
20029	4104	3942	13	1722231	0.00301580948706525
20029	4153	3955	14	1751920	0.00301580948706525
20029	4190	3962	15	1771960	0.00301580948706525
20029	4215	3966	16	1789503	0.00301580948706525
20029	4237	3968	17	1803248	0.00301580948706525
20031	0	159	0	25	0.00280745570165111
20031	121	295	1	54094	0.00280745570165111
20031	435	531	2	217807	0.00280745570165111
20031	1322	910	3	524410	0.00280745570165111
20031	2429	1446	4	941055	0.00280745570165111
20031	2847	2082	5	1130404	0.00280745570165111
20031	3017	2699	6	1228689	0.00280745570165111
20031	3198	3189	7	1320386	0.00280745570165111
20031	3401	3522	8	1409536	0.00280745570165111
20031	3662	3723	9	1492281	0.00280745570165111
20031	3920	3837	10	1552013	0.00280745570165111
20031	4034	3899	11	1594930	0.00280745570165111
20031	4156	3932	12	1663083	0.00280745570165111
20031	4244	3950	13	1722231	0.00280745570165111
20031	4318	3959	14	1751920	0.00280745570165111
20031	4353	3964	15	1771960	0.00280745570165111
20031	4375	3966	16	1789503	0.00280745570165111
20031	4391	3967	17	1803248	0.00280745570165111
20033	0	41	0	25	0.000583527899841898
20033	64	80	1	54094	0.000583527899841898
20033	299	148	2	217807	0.000583527899841898
20033	504	253	3	524410	0.000583527899841898
20033	563	383	4	941055	0.000583527899841898
20033	580	509	5	1130404	0.000583527899841898
20033	605	604	6	1228689	0.000583527899841898
20033	617	664	7	1320386	0.000583527899841898
20033	664	697	8	1409536	0.000583527899841898
20033	704	714	9	1492281	0.000583527899841898
20033	725	723	10	1552013	0.000583527899841898
20033	741	727	11	1594930	0.000583527899841898
20033	749	729	12	1663083	0.000583527899841898
20033	761	730	13	1722231	0.000583527899841898
20033	772	731	14	1751920	0.000583527899841898
20033	777	731	15	1771960	0.000583527899841898
20033	784	731	16	1789503	0.000583527899841898
20033	785	731	17	1803248	0.000583527899841898
20035	0	776	0	25	0.0119822305456947
20035	258	1402	1	54094	0.0119822305456947
20035	1855	2453	2	217807	0.0119822305456947
20035	5858	4077	3	524410	0.0119822305456947
20035	10078	6290	4	941055	0.0119822305456947
20035	11346	8840	5	1130404	0.0119822305456947
20035	12004	11268	6	1228689	0.0119822305456947
20035	12668	13194	7	1320386	0.0119822305456947
20035	13497	14512	8	1409536	0.0119822305456947
20035	14305	15326	9	1492281	0.0119822305456947
20035	14774	15796	10	1552013	0.0119822305456947
20035	15297	16059	11	1594930	0.0119822305456947
20035	15867	16201	12	1663083	0.0119822305456947
20035	16318	16278	13	1722231	0.0119822305456947
20035	16587	16320	14	1751920	0.0119822305456947
20035	16768	16342	15	1771960	0.0119822305456947
20035	16914	16353	16	1789503	0.0119822305456947
20035	16988	16359	17	1803248	0.0119822305456947
20037	0	716	0	25	0.0133243447153311
20037	790	1312	1	54094	0.0133243447153311
20037	2645	2343	2	217807	0.0133243447153311
20037	5734	3999	3	524410	0.0133243447153311
20037	10958	6376	4	941055	0.0133243447153311
20037	12102	9288	5	1130404	0.0133243447153311
20037	13166	12235	6	1228689	0.0133243447153311
20037	13986	14694	7	1320386	0.0133243447153311
20037	15231	16436	8	1409536	0.0133243447153311
20037	16149	17533	9	1492281	0.0133243447153311
20037	16665	18172	10	1552013	0.0133243447153311
20037	17029	18528	11	1594930	0.0133243447153311
20037	17497	18722	12	1663083	0.0133243447153311
20037	17863	18826	13	1722231	0.0133243447153311
20037	18090	18881	14	1751920	0.0133243447153311
20037	18200	18910	15	1771960	0.0133243447153311
20037	18313	18926	16	1789503	0.0133243447153311
20037	18387	18934	17	1803248	0.0133243447153311
20039	0	60	0	25	0.000970372572266498
20039	0	118	1	54094	0.000970372572266498
20039	203	221	2	217807	0.000970372572266498
20039	582	380	3	524410	0.000970372572266498
20039	736	581	4	941055	0.000970372572266498
20039	839	780	5	1130404	0.000970372572266498
20039	877	932	6	1228689	0.000970372572266498
20039	891	1028	7	1320386	0.000970372572266498
20039	940	1082	8	1409536	0.000970372572266498
20039	1000	1110	9	1492281	0.000970372572266498
20039	1044	1123	10	1552013	0.000970372572266498
20039	1073	1130	11	1594930	0.000970372572266498
20039	1098	1133	12	1663083	0.000970372572266498
20039	1119	1135	13	1722231	0.000970372572266498
20039	1127	1136	14	1751920	0.000970372572266498
20039	1135	1136	15	1771960	0.000970372572266498
20039	1144	1136	16	1789503	0.000970372572266498
20039	1148	1136	17	1803248	0.000970372572266498
20041	0	255	0	25	0.00633848599910617
20041	336	461	1	54094	0.00633848599910617
20041	1119	817	2	217807	0.00633848599910617
20041	3740	1405	3	524410	0.00633848599910617
20041	5785	2297	4	941055	0.00633848599910617
20041	6741	3494	5	1130404	0.00633848599910617
20041	7175	4864	6	1228689	0.00633848599910617
20041	7547	6172	7	1320386	0.00633848599910617
20041	8006	7220	8	1409536	0.00633848599910617
20041	8490	7949	9	1492281	0.00633848599910617
20041	8813	8407	10	1552013	0.00633848599910617
20041	9086	8678	11	1594930	0.00633848599910617
20041	9351	8831	12	1663083	0.00633848599910617
20041	9996	8917	13	1722231	0.00633848599910617
20041	10274	8963	14	1751920	0.00633848599910617
20041	10353	8989	15	1771960	0.00633848599910617
20041	10435	9002	16	1789503	0.00633848599910617
20041	10575	9010	17	1803248	0.00633848599910617
20043	0	115	0	25	0.00260871296399907
20043	101	198	1	54094	0.00260871296399907
20043	486	334	2	217807	0.00260871296399907
20043	1375	548	3	524410	0.00260871296399907
20043	1964	864	4	941055	0.00260871296399907
20043	2205	1282	5	1130404	0.00260871296399907
20043	2327	1768	6	1228689	0.00260871296399907
20043	2492	2254	7	1320386	0.00260871296399907
20043	2805	2670	8	1409536	0.00260871296399907
20043	3179	2983	9	1492281	0.00260871296399907
20043	3307	3196	10	1552013	0.00260871296399907
20043	3374	3331	11	1594930	0.00260871296399907
20043	3479	3413	12	1663083	0.00260871296399907
20043	3573	3461	13	1722231	0.00260871296399907
20043	3624	3489	14	1751920	0.00260871296399907
20043	3656	3505	15	1771960	0.00260871296399907
20043	3682	3514	16	1789503	0.00260871296399907
20043	3702	3519	17	1803248	0.00260871296399907
20045	0	517	0	25	0.0419656102981004
20045	2835	1184	1	54094	0.0419656102981004
20045	10468	2683	2	217807	0.0419656102981004
20045	24202	5937	3	524410	0.0419656102981004
20045	44006	12491	4	941055	0.0419656102981004
20045	53513	23914	5	1130404	0.0419656102981004
20045	57598	39577	6	1228689	0.0419656102981004
20045	61245	55232	7	1320386	0.0419656102981004
20045	63480	66638	8	1409536	0.0419656102981004
20045	65367	73177	9	1492281	0.0419656102981004
20045	67214	76422	10	1552013	0.0419656102981004
20045	68436	77918	11	1594930	0.0419656102981004
20045	71615	78583	12	1663083	0.0419656102981004
20045	73257	78875	13	1722231	0.0419656102981004
20045	74111	79002	14	1751920	0.0419656102981004
20045	74793	79057	15	1771960	0.0419656102981004
20045	76016	79080	16	1789503	0.0419656102981004
20045	76794	79091	17	1803248	0.0419656102981004
20047	0	40	0	25	0.000960418272798607
20047	0	75	1	54094	0.000960418272798607
20047	231	136	2	217807	0.000960418272798607
20047	630	237	3	524410	0.000960418272798607
20047	885	387	4	941055	0.000960418272798607
20047	921	577	5	1130404	0.000960418272798607
20047	988	777	6	1228689	0.000960418272798607
20047	1027	947	7	1320386	0.000960418272798607
20047	1102	1069	8	1409536	0.000960418272798607
20047	1166	1147	9	1492281	0.000960418272798607
20047	1220	1191	10	1552013	0.000960418272798607
20047	1247	1216	11	1594930	0.000960418272798607
20047	1296	1229	12	1663083	0.000960418272798607
20047	1317	1236	13	1722231	0.000960418272798607
20047	1343	1240	14	1751920	0.000960418272798607
20047	1356	1242	15	1771960	0.000960418272798607
20047	1364	1243	16	1789503	0.000960418272798607
20047	1367	1244	17	1803248	0.000960418272798607
20049	0	34	0	25	0.00086842681564706
20049	29	61	1	54094	0.00086842681564706
20049	149	108	2	217807	0.00086842681564706
20049	371	184	3	524410	0.00086842681564706
20049	532	293	4	941055	0.00086842681564706
20049	582	430	5	1130404	0.00086842681564706
20049	625	573	6	1228689	0.00086842681564706
20049	648	697	7	1320386	0.00086842681564706
20049	687	789	8	1409536	0.00086842681564706
20049	733	849	9	1492281	0.00086842681564706
20049	770	885	10	1552013	0.00086842681564706
20049	794	906	11	1594930	0.00086842681564706
20049	816	917	12	1663083	0.00086842681564706
20049	831	924	13	1722231	0.00086842681564706
20049	847	927	14	1751920	0.00086842681564706
20049	856	929	15	1771960	0.00086842681564706
20049	862	930	16	1789503	0.00086842681564706
20049	866	930	17	1803248	0.00086842681564706
20051	0	473	0	25	0.00980086595540336
20051	400	925	1	54094	0.00980086595540336
20051	2189	1754	2	217807	0.00980086595540336
20051	5019	3142	3	524410	0.00980086595540336
20051	8927	5157	4	941055	0.00980086595540336
20051	9870	7541	5	1130404	0.00980086595540336
20051	10321	9770	6	1228689	0.00980086595540336
20051	10724	11437	7	1320386	0.00980086595540336
20051	11359	12489	8	1409536	0.00980086595540336
20051	12177	13083	9	1492281	0.00980086595540336
20051	12851	13397	10	1552013	0.00980086595540336
20051	13099	13557	11	1594930	0.00980086595540336
20051	13488	13638	12	1663083	0.00980086595540336
20051	13875	13678	13	1722231	0.00980086595540336
20051	14056	13698	14	1751920	0.00980086595540336
20051	14149	13708	15	1771960	0.00980086595540336
20051	14214	13713	16	1789503	0.00980086595540336
20051	14285	13715	17	1803248	0.00980086595540336
20053	0	80	0	25	0.00209452190872663
20053	78	158	1	54094	0.00209452190872663
20053	291	305	2	217807	0.00209452190872663
20053	1281	562	3	524410	0.00209452190872663
20053	2118	958	4	941055	0.00209452190872663
20053	2318	1464	5	1130404	0.00209452190872663
20053	2596	1977	6	1228689	0.00209452190872663
20053	2683	2388	7	1320386	0.00209452190872663
20053	2820	2658	8	1409536	0.00209452190872663
20053	2970	2815	9	1492281	0.00209452190872663
20053	3050	2899	10	1552013	0.00209452190872663
20053	3110	2941	11	1594930	0.00209452190872663
20053	3210	2963	12	1663083	0.00209452190872663
20053	3259	2974	13	1722231	0.00209452190872663
20053	3370	2979	14	1751920	0.00209452190872663
20053	3437	2982	15	1771960	0.00209452190872663
20053	3452	2983	16	1789503	0.00209452190872663
20053	3464	2983	17	1803248	0.00209452190872663
20055	0	950	0	25	0.0125173599550203
20055	456	1471	1	54094	0.0125173599550203
20055	1312	2237	2	217807	0.0125173599550203
20055	3767	3321	3	524410	0.0125173599550203
20055	7049	4764	4	941055	0.0125173599550203
20055	8696	6543	5	1130404	0.0125173599550203
20055	9676	8540	6	1228689	0.0125173599550203
20055	10436	10555	7	1320386	0.0125173599550203
20055	11429	12384	8	1409536	0.0125173599550203
20055	12965	13889	9	1492281	0.0125173599550203
20055	14232	15033	10	1552013	0.0125173599550203
20055	14841	15850	11	1594930	0.0125173599550203
20055	15667	16408	12	1663083	0.0125173599550203
20055	16366	16777	13	1722231	0.0125173599550203
20055	16782	17017	14	1751920	0.0125173599550203
20055	16970	17171	15	1771960	0.0125173599550203
20055	17118	17268	16	1789503	0.0125173599550203
20055	17322	17330	17	1803248	0.0125173599550203
20057	0	977	0	25	0.0115397790969322
20057	510	1517	1	54094	0.0115397790969322
20057	1931	2307	2	217807	0.0115397790969322
20057	4728	3407	3	524410	0.0115397790969322
20057	7824	4837	4	941055	0.0115397790969322
20057	8762	6534	5	1130404	0.0115397790969322
20057	9498	8350	6	1228689	0.0115397790969322
20057	10212	10087	7	1320386	0.0115397790969322
20057	11009	11578	8	1409536	0.0115397790969322
20057	12024	12746	9	1492281	0.0115397790969322
20057	12707	13596	10	1552013	0.0115397790969322
20057	13060	14182	11	1594930	0.0115397790969322
20057	13863	14570	12	1663083	0.0115397790969322
20057	14327	14822	13	1722231	0.0115397790969322
20057	14778	14982	14	1751920	0.0115397790969322
20057	15053	15084	15	1771960	0.0115397790969322
20057	15198	15147	16	1789503	0.0115397790969322
20057	15279	15186	17	1803248	0.0115397790969322
20059	0	391	0	25	0.00876802157268321
20059	348	744	1	54094	0.00876802157268321
20059	1529	1378	2	217807	0.00876802157268321
20059	3973	2444	3	524410	0.00876802157268321
20059	6552	4040	4	941055	0.00876802157268321
20059	8378	6068	5	1130404	0.00876802157268321
20059	8973	8161	6	1228689	0.00876802157268321
20059	9637	9908	7	1320386	0.00876802157268321
20059	10479	11126	8	1409536	0.00876802157268321
20059	11190	11873	9	1492281	0.00876802157268321
20059	11680	12294	10	1552013	0.00876802157268321
20059	12018	12521	11	1594930	0.00876802157268321
20059	12399	12641	12	1663083	0.00876802157268321
20059	12715	12703	13	1722231	0.00876802157268321
20059	12914	12735	14	1751920	0.00876802157268321
20059	13021	12751	15	1771960	0.00876802157268321
20059	13123	12759	16	1789503	0.00876802157268321
20059	13219	12764	17	1803248	0.00876802157268321
20061	0	763	0	25	0.0108707815223488
20061	614	1191	1	54094	0.0108707815223488
20061	1449	1841	2	217807	0.0108707815223488
20061	4327	2807	3	524410	0.0108707815223488
20061	7454	4192	4	941055	0.0108707815223488
20061	9393	6083	5	1130404	0.0108707815223488
20061	12553	8497	6	1228689	0.0108707815223488
20061	14492	11330	7	1320386	0.0108707815223488
20061	16311	14341	8	1409536	0.0108707815223488
20061	17677	17225	9	1492281	0.0108707815223488
20061	18560	19724	10	1552013	0.0108707815223488
20061	19170	21708	11	1594930	0.0108707815223488
20061	19837	23176	12	1663083	0.0108707815223488
20061	26772	24208	13	1722231	0.0108707815223488
20061	27949	24906	14	1751920	0.0108707815223488
20061	28212	25367	15	1771960	0.0108707815223488
20061	28475	25666	16	1789503	0.0108707815223488
20061	28652	25858	17	1803248	0.0108707815223488
20063	0	69	0	25	0.000904811496460732
20063	67	139	1	54094	0.000904811496460732
20063	378	265	2	217807	0.000904811496460732
20063	796	452	3	524410	0.000904811496460732
20063	919	668	4	941055	0.000904811496460732
20063	969	856	5	1130404	0.000904811496460732
20063	989	983	6	1228689	0.000904811496460732
20063	1037	1055	7	1320386	0.000904811496460732
20063	1087	1092	8	1409536	0.000904811496460732
20063	1134	1109	9	1492281	0.000904811496460732
20063	1173	1118	10	1552013	0.000904811496460732
20063	1194	1122	11	1594930	0.000904811496460732
20063	1214	1123	12	1663083	0.000904811496460732
20063	1247	1124	13	1722231	0.000904811496460732
20063	1263	1125	14	1751920	0.000904811496460732
20063	1267	1125	15	1771960	0.000904811496460732
20063	1271	1125	16	1789503	0.000904811496460732
20063	1274	1125	17	1803248	0.000904811496460732
20065	0	52	0	25	0.000851950733769171
20065	61	134	1	54094	0.000851950733769171
20065	383	311	2	217807	0.000851950733769171
20065	747	599	3	524410	0.000851950733769171
20065	1328	902	4	941055	0.000851950733769171
20065	1454	1103	5	1130404	0.000851950733769171
20065	1493	1201	6	1228689	0.000851950733769171
20065	1526	1240	7	1320386	0.000851950733769171
20065	1577	1255	8	1409536	0.000851950733769171
20065	1638	1261	9	1492281	0.000851950733769171
20065	1662	1263	10	1552013	0.000851950733769171
20065	1676	1263	11	1594930	0.000851950733769171
20065	1719	1264	12	1663083	0.000851950733769171
20065	1192	1264	13	1722231	0.000851950733769171
20065	1203	1264	14	1751920	0.000851950733769171
20065	1219	1264	15	1771960	0.000851950733769171
20065	1226	1264	16	1789503	0.000851950733769171
20065	1230	1264	17	1803248	0.000851950733769171
20067	0	96	0	25	0.00245424969639387
20067	174	166	1	54094	0.00245424969639387
20067	506	284	2	217807	0.00245424969639387
20067	1345	471	3	524410	0.00245424969639387
20067	1919	750	4	941055	0.00245424969639387
20067	2126	1127	5	1130404	0.00245424969639387
20067	2254	1573	6	1228689	0.00245424969639387
20067	2354	2027	7	1320386	0.00245424969639387
20067	2616	2420	8	1409536	0.00245424969639387
20067	2872	2717	9	1492281	0.00245424969639387
20067	2998	2920	10	1552013	0.00245424969639387
20067	3089	3048	11	1594930	0.00245424969639387
20067	3169	3125	12	1663083	0.00245424969639387
20067	3293	3171	13	1722231	0.00245424969639387
20067	3352	3197	14	1751920	0.00245424969639387
20067	3388	3212	15	1771960	0.00245424969639387
20067	3402	3221	16	1789503	0.00245424969639387
20067	3418	3226	17	1803248	0.00245424969639387
20069	0	92	0	25	0.00205539121426664
20069	119	153	1	54094	0.00205539121426664
20069	394	250	2	217807	0.00205539121426664
20069	1116	398	3	524410	0.00205539121426664
20069	1477	612	4	941055	0.00205539121426664
20069	1628	893	5	1130404	0.00205539121426664
20069	1701	1223	6	1228689	0.00205539121426664
20069	1772	1562	7	1320386	0.00205539121426664
20069	2109	1865	8	1409536	0.00205539121426664
20069	2271	2105	9	1492281	0.00205539121426664
20069	2385	2277	10	1552013	0.00205539121426664
20069	2460	2392	11	1594930	0.00205539121426664
20069	2567	2464	12	1663083	0.00205539121426664
20069	2646	2509	13	1722231	0.00205539121426664
20069	2698	2536	14	1751920	0.00205539121426664
20069	2740	2553	15	1771960	0.00205539121426664
20069	2764	2562	16	1789503	0.00205539121426664
20069	2777	2568	17	1803248	0.00205539121426664
20071	0	46	0	25	0.000422886101532482
20071	0	81	1	54094	0.000422886101532482
20071	159	136	2	217807	0.000422886101532482
20071	369	211	3	524410	0.000422886101532482
20071	436	296	4	941055	0.000422886101532482
20071	466	376	5	1130404	0.000422886101532482
20071	473	438	6	1228689	0.000422886101532482
20071	488	479	7	1320386	0.000422886101532482
20071	521	504	8	1409536	0.000422886101532482
20071	559	518	9	1492281	0.000422886101532482
20071	584	526	10	1552013	0.000422886101532482
20071	598	530	11	1594930	0.000422886101532482
20071	613	532	12	1663083	0.000422886101532482
20071	623	533	13	1722231	0.000422886101532482
20071	627	534	14	1751920	0.000422886101532482
20071	632	534	15	1771960	0.000422886101532482
20071	634	534	16	1789503	0.000422886101532482
20071	634	534	17	1803248	0.000422886101532482
20073	0	120	0	25	0.0020533317040319
20073	123	244	1	54094	0.0020533317040319
20073	421	470	2	217807	0.0020533317040319
20073	1154	837	3	524410	0.0020533317040319
20073	1930	1322	4	941055	0.0020533317040319
20073	2183	1819	5	1130404	0.0020533317040319
20073	2275	2210	6	1228689	0.0020533317040319
20073	2371	2459	7	1320386	0.0020533317040319
20073	2498	2596	8	1409536	0.0020533317040319
20073	2627	2667	9	1492281	0.0020533317040319
20073	2713	2701	10	1552013	0.0020533317040319
20073	2775	2717	11	1594930	0.0020533317040319
20073	2832	2725	12	1663083	0.0020533317040319
20073	2880	2729	13	1722231	0.0020533317040319
20073	2927	2731	14	1751920	0.0020533317040319
20073	2949	2732	15	1771960	0.0020533317040319
20073	2965	2732	16	1789503	0.0020533317040319
20073	2977	2732	17	1803248	0.0020533317040319
20075	0	35	0	25	0.000871516080999165
20075	0	58	1	54094	0.000871516080999165
20075	161	96	2	217807	0.000871516080999165
20075	438	154	3	524410	0.000871516080999165
20075	525	239	4	941055	0.000871516080999165
20075	613	352	5	1130404	0.000871516080999165
20075	678	487	6	1228689	0.000871516080999165
20075	719	627	7	1320386	0.000871516080999165
20075	772	754	8	1409536	0.000871516080999165
20075	832	855	9	1492281	0.000871516080999165
20075	881	927	10	1552013	0.000871516080999165
20075	936	975	11	1594930	0.000871516080999165
20075	983	1006	12	1663083	0.000871516080999165
20075	1011	1024	13	1722231	0.000871516080999165
20075	1032	1035	14	1751920	0.000871516080999165
20075	1048	1042	15	1771960	0.000871516080999165
20075	1057	1046	16	1789503	0.000871516080999165
20075	1064	1048	17	1803248	0.000871516080999165
20077	0	77	0	25	0.00186591627267092
20077	100	148	1	54094	0.00186591627267092
20077	242	276	2	217807	0.00186591627267092
20077	1048	490	3	524410	0.00186591627267092
20077	1678	808	4	941055	0.00186591627267092
20077	1837	1199	5	1130404	0.00186591627267092
20077	1915	1589	6	1228689	0.00186591627267092
20077	1971	1901	7	1320386	0.00186591627267092
20077	2066	2110	8	1409536	0.00186591627267092
20077	2231	2234	9	1492281	0.00186591627267092
20077	2314	2303	10	1552013	0.00186591627267092
20077	2381	2339	11	1594930	0.00186591627267092
20077	2441	2358	12	1663083	0.00186591627267092
20077	2467	2367	13	1722231	0.00186591627267092
20077	2592	2372	14	1751920	0.00186591627267092
20077	2615	2375	15	1771960	0.00186591627267092
20077	2622	2376	16	1789503	0.00186591627267092
20077	2653	2377	17	1803248	0.00186591627267092
20079	0	202	0	25	0.0118178129786216
20079	863	379	1	54094	0.0118178129786216
20079	2447	705	2	217807	0.0118178129786216
20079	5663	1291	3	524410	0.0118178129786216
20079	9363	2295	4	941055	0.0118178129786216
20079	10720	3891	5	1130404	0.0118178129786216
20079	11585	6139	6	1228689	0.0118178129786216
20079	12078	8827	7	1320386	0.0118178129786216
20079	12824	11473	8	1409536	0.0118178129786216
20079	13667	13624	9	1492281	0.0118178129786216
20079	14243	15118	10	1552013	0.0118178129786216
20079	14676	16044	11	1594930	0.0118178129786216
20079	15206	16580	12	1663083	0.0118178129786216
20079	15611	16877	13	1722231	0.0118178129786216
20079	15829	17037	14	1751920	0.0118178129786216
20079	15970	17123	15	1771960	0.0118178129786216
20079	16083	17169	16	1789503	0.0118178129786216
20079	16171	17193	17	1803248	0.0118178129786216
20081	0	53	0	25	0.00136202276857215
20081	99	91	1	54094	0.00136202276857215
20081	349	152	2	217807	0.00136202276857215
20081	811	249	3	524410	0.00136202276857215
20081	942	390	4	941055	0.00136202276857215
20081	1013	576	5	1130404	0.00136202276857215
20081	1068	794	6	1228689	0.00136202276857215
20081	1086	1013	7	1320386	0.00136202276857215
20081	1161	1203	8	1409536	0.00136202276857215
20081	1275	1348	9	1492281	0.00136202276857215
20081	1376	1448	10	1552013	0.00136202276857215
20081	1402	1512	11	1594930	0.00136202276857215
20081	1465	1551	12	1663083	0.00136202276857215
20081	1486	1574	13	1722231	0.00136202276857215
20081	1526	1588	14	1751920	0.00136202276857215
20081	1550	1596	15	1771960	0.00136202276857215
20081	1555	1600	16	1789503	0.00136202276857215
20081	1565	1603	17	1803248	0.00136202276857215
20083	0	40	0	25	0.000615793560186097
20083	0	83	1	54094	0.000615793560186097
20083	194	161	2	217807	0.000615793560186097
20083	471	283	3	524410	0.000615793560186097
20083	565	430	4	941055	0.000615793560186097
20083	596	564	5	1130404	0.000615793560186097
20083	629	656	6	1228689	0.000615793560186097
20083	659	709	7	1320386	0.000615793560186097
20083	682	736	8	1409536	0.000615793560186097
20083	720	749	9	1492281	0.000615793560186097
20083	748	755	10	1552013	0.000615793560186097
20083	761	758	11	1594930	0.000615793560186097
20083	775	759	12	1663083	0.000615793560186097
20083	789	759	13	1722231	0.000615793560186097
20083	795	760	14	1751920	0.000615793560186097
20083	799	760	15	1771960	0.000615793560186097
20083	799	760	16	1789503	0.000615793560186097
20083	801	760	17	1803248	0.000615793560186097
20085	0	117	0	25	0.00452096821695155
20085	468	215	1	54094	0.00452096821695155
20085	1500	392	2	217807	0.00452096821695155
20085	3265	700	3	524410	0.00452096821695155
20085	4945	1207	4	941055	0.00452096821695155
20085	5515	1972	5	1130404	0.00452096821695155
20085	6280	2984	6	1228689	0.00452096821695155
20085	6544	4115	7	1320386	0.00452096821695155
20085	6960	5162	8	1409536	0.00452096821695155
20085	7338	5976	9	1492281	0.00452096821695155
20085	7569	6527	10	1552013	0.00452096821695155
20085	7725	6866	11	1594930	0.00452096821695155
20085	8003	7063	12	1663083	0.00452096821695155
20085	8242	7173	13	1722231	0.00452096821695155
20085	8355	7233	14	1751920	0.00452096821695155
20085	8417	7266	15	1771960	0.00452096821695155
20085	8473	7283	16	1789503	0.00452096821695155
20085	8508	7293	17	1803248	0.00452096821695155
20087	0	201	0	25	0.00653654223334663
20087	411	396	1	54094	0.00653654223334663
20087	1408	766	2	217807	0.00653654223334663
20087	3468	1430	3	524410	0.00653654223334663
20087	6369	2513	4	941055	0.00653654223334663
20087	7117	4030	5	1130404	0.00653654223334663
20087	7595	5759	6	1228689	0.00653654223334663
20087	8020	7321	7	1320386	0.00653654223334663
20087	8502	8461	8	1409536	0.00653654223334663
20087	9000	9171	9	1492281	0.00653654223334663
20087	9322	9570	10	1552013	0.00653654223334663
20087	9522	9782	11	1594930	0.00653654223334663
20087	9836	9890	12	1663083	0.00653654223334663
20087	10142	9945	13	1722231	0.00653654223334663
20087	10266	9973	14	1751920	0.00653654223334663
20087	10317	9987	15	1771960	0.00653654223334663
20087	10386	9994	16	1789503	0.00653654223334663
20087	10427	9997	17	1803248	0.00653654223334663
20089	0	66	0	25	0.000988221660967544
20089	80	133	1	54094	0.000988221660967544
20089	211	253	2	217807	0.000988221660967544
20089	664	437	3	524410	0.000988221660967544
20089	907	665	4	941055	0.000988221660967544
20089	1004	879	5	1130404	0.000988221660967544
20089	1052	1035	6	1228689	0.000988221660967544
20089	1080	1129	7	1320386	0.000988221660967544
20089	1125	1179	8	1409536	0.000988221660967544
20089	1176	1204	9	1492281	0.000988221660967544
20089	1212	1216	10	1552013	0.000988221660967544
20089	1242	1222	11	1594930	0.000988221660967544
20089	1288	1225	12	1663083	0.000988221660967544
20089	1313	1226	13	1722231	0.000988221660967544
20089	1334	1227	14	1751920	0.000988221660967544
20089	1340	1227	15	1771960	0.000988221660967544
20089	1345	1227	16	1789503	0.000988221660967544
20089	1347	1227	17	1803248	0.000988221660967544
20091	0	4261	0	25	0.206775170819211
20091	11807	8622	1	54094	0.206775170819211
20091	57033	17255	2	217807	0.206775170819211
20091	124237	33795	3	524410	0.206775170819211
20091	223070	63596	4	941055	0.206775170819211
20091	290038	111782	5	1130404	0.206775170819211
20091	313893	177542	6	1228689	0.206775170819211
20091	351323	249209	7	1320386	0.206775170819211
20091	369083	310475	8	1409536	0.206775170819211
20091	383712	352883	9	1492281	0.206775170819211
20091	396107	378132	10	1552013	0.206775170819211
20091	404437	391837	11	1594930	0.206775170819211
20091	426247	398904	12	1663083	0.206775170819211
20091	440140	402453	13	1722231	0.206775170819211
20091	446717	404211	14	1751920	0.206775170819211
20091	449656	405075	15	1771960	0.206775170819211
20091	456454	405500	16	1789503	0.206775170819211
20091	462268	405707	17	1803248	0.206775170819211
20093	0	59	0	25	0.00131740004681953
20093	131	101	1	54094	0.00131740004681953
20093	363	169	2	217807	0.00131740004681953
20093	826	275	3	524410	0.00131740004681953
20093	1209	431	4	941055	0.00131740004681953
20093	1309	638	5	1130404	0.00131740004681953
20093	1368	882	6	1228689	0.00131740004681953
20093	1424	1130	7	1320386	0.00131740004681953
20093	1541	1347	8	1409536	0.00131740004681953
20093	1699	1514	9	1492281	0.00131740004681953
20093	1810	1630	10	1552013	0.00131740004681953
20093	1875	1705	11	1594930	0.00131740004681953
20093	1936	1751	12	1663083	0.00131740004681953
20093	1991	1779	13	1722231	0.00131740004681953
20093	2029	1795	14	1751920	0.00131740004681953
20093	2048	1805	15	1771960	0.00131740004681953
20093	2063	1810	16	1789503	0.00131740004681953
20093	2072	1813	17	1803248	0.00131740004681953
20095	0	105	0	25	0.00245493619980544
20095	111	198	1	54094	0.00245493619980544
20095	513	365	2	217807	0.00245493619980544
20095	1474	643	3	524410	0.00245493619980544
20095	2192	1054	4	941055	0.00245493619980544
20095	2353	1571	5	1130404	0.00245493619980544
20095	2509	2099	6	1228689	0.00245493619980544
20095	2576	2536	7	1320386	0.00245493619980544
20095	2742	2839	8	1409536	0.00245493619980544
20095	2986	3025	9	1492281	0.00245493619980544
20095	3087	3130	10	1552013	0.00245493619980544
20095	3177	3186	11	1594930	0.00245493619980544
20095	3246	3216	12	1663083	0.00245493619980544
20095	3298	3232	13	1722231	0.00245493619980544
20095	3328	3240	14	1751920	0.00245493619980544
20095	3350	3244	15	1771960	0.00245493619980544
20095	3370	3246	16	1789503	0.00245493619980544
20095	3387	3247	17	1803248	0.00245493619980544
20097	0	42	0	25	0.000849547971828646
20097	50	72	1	54094	0.000849547971828646
20097	314	120	2	217807	0.000849547971828646
20097	630	195	3	524410	0.000849547971828646
20097	741	303	4	941055	0.000849547971828646
20097	823	441	5	1130404	0.000849547971828646
20097	866	596	6	1228689	0.000849547971828646
20097	918	745	7	1320386	0.000849547971828646
20097	989	868	8	1409536	0.000849547971828646
20097	1090	959	9	1492281	0.000849547971828646
20097	1149	1020	10	1552013	0.000849547971828646
20097	1171	1058	11	1594930	0.000849547971828646
20097	1203	1081	12	1663083	0.000849547971828646
20097	1231	1094	13	1722231	0.000849547971828646
20097	1252	1102	14	1751920	0.000849547971828646
20097	1263	1106	15	1771960	0.000849547971828646
20097	1268	1109	16	1789503	0.000849547971828646
20097	1273	1111	17	1803248	0.000849547971828646
20099	0	448	0	25	0.00673391196417551
20099	430	774	1	54094	0.00673391196417551
20099	1731	1305	2	217807	0.00673391196417551
20099	3658	2112	3	524410	0.00673391196417551
20099	5498	3220	4	941055	0.00673391196417551
20099	6213	4550	5	1130404	0.00673391196417551
20099	6734	5909	6	1228689	0.00673391196417551
20099	7156	7088	7	1320386	0.00673391196417551
20099	8019	7975	8	1409536	0.00673391196417551
20099	8520	8572	9	1492281	0.00673391196417551
20099	8808	8945	10	1552013	0.00673391196417551
20099	9004	9167	11	1594930	0.00673391196417551
20099	9253	9296	12	1663083	0.00673391196417551
20099	9490	9369	13	1722231	0.00673391196417551
20099	9579	9410	14	1751920	0.00673391196417551
20099	9662	9434	15	1771960	0.00673391196417551
20099	9725	9447	16	1789503	0.00673391196417551
20099	9766	9454	17	1803248	0.00673391196417551
20101	0	36	0	25	0.000526891368386655
20101	35	67	1	54094	0.000526891368386655
20101	166	121	2	217807	0.000526891368386655
20101	384	201	3	524410	0.000526891368386655
20101	424	304	4	941055	0.000526891368386655
20101	472	409	5	1130404	0.000526891368386655
20101	497	495	6	1228689	0.000526891368386655
20101	520	554	7	1320386	0.000526891368386655
20101	547	589	8	1409536	0.000526891368386655
20101	571	609	9	1492281	0.000526891368386655
20101	591	619	10	1552013	0.000526891368386655
20101	605	625	11	1594930	0.000526891368386655
20101	626	627	12	1663083	0.000526891368386655
20101	640	629	13	1722231	0.000526891368386655
20101	650	630	14	1751920	0.000526891368386655
20101	658	630	15	1771960	0.000526891368386655
20101	660	630	16	1789503	0.000526891368386655
20101	662	630	17	1803248	0.000526891368386655
20103	0	765	0	25	0.0280635729619258
20103	1124	1523	1	54094	0.0280635729619258
20103	5807	2983	2	217807	0.0280635729619258
20103	15268	5663	3	524410	0.0280635729619258
20103	27385	10183	4	941055	0.0280635729619258
20103	31871	16808	5	1130404	0.0280635729619258
20103	34659	24768	6	1228689	0.0280635729619258
20103	37341	32330	7	1320386	0.0280635729619258
20103	40214	38071	8	1409536	0.0280635729619258
20103	42436	41731	9	1492281	0.0280635729619258
20103	44238	43811	10	1552013	0.0280635729619258
20103	45079	44917	11	1594930	0.0280635729619258
20103	46738	45485	12	1663083	0.0280635729619258
20103	46458	45770	13	1722231	0.0280635729619258
20103	47408	45912	14	1751920	0.0280635729619258
20103	47704	45983	15	1771960	0.0280635729619258
20103	48196	46018	16	1789503	0.0280635729619258
20103	48519	46035	17	1803248	0.0280635729619258
20105	0	60	0	25	0.00101671155254806
20105	62	120	1	54094	0.00101671155254806
20105	142	229	2	217807	0.00101671155254806
20105	627	403	3	524410	0.00101671155254806
20105	814	629	4	941055	0.00101671155254806
20105	964	856	5	1130404	0.00101671155254806
20105	1011	1032	6	1228689	0.00101671155254806
20105	1048	1144	7	1320386	0.00101671155254806
20105	1112	1205	8	1409536	0.00101671155254806
20105	1159	1236	9	1492281	0.00101671155254806
20105	1201	1252	10	1552013	0.00101671155254806
20105	1227	1259	11	1594930	0.00101671155254806
20105	1251	1263	12	1663083	0.00101671155254806
20105	1272	1264	13	1722231	0.00101671155254806
20105	1288	1265	14	1751920	0.00101671155254806
20105	1298	1265	15	1771960	0.00101671155254806
20105	1302	1266	16	1789503	0.00101671155254806
20105	1310	1266	17	1803248	0.00101671155254806
20107	0	83	0	25	0.00333057130127408
20107	0	155	1	54094	0.00333057130127408
20107	246	285	2	217807	0.00333057130127408
20107	1225	510	3	524410	0.00333057130127408
20107	2009	868	4	941055	0.00333057130127408
20107	2334	1373	5	1130404	0.00333057130127408
20107	2501	1973	6	1228689	0.00333057130127408
20107	2640	2557	7	1320386	0.00333057130127408
20107	2828	3027	8	1409536	0.00333057130127408
20107	3021	3349	9	1492281	0.00333057130127408
20107	3128	3547	10	1552013	0.00333057130127408
20107	3209	3659	11	1594930	0.00333057130127408
20107	3279	3721	12	1663083	0.00333057130127408
20107	3335	3755	13	1722231	0.00333057130127408
20107	3383	3772	14	1751920	0.00333057130127408
20107	3419	3782	15	1771960	0.00333057130127408
20107	3445	3787	16	1789503	0.00333057130127408
20107	3470	3789	17	1803248	0.00333057130127408
20109	0	67	0	25	0.000959045265975449
20109	49	132	1	54094	0.000959045265975449
20109	307	244	2	217807	0.000959045265975449
20109	705	415	3	524410	0.000959045265975449
20109	902	626	4	941055	0.000959045265975449
20109	964	830	5	1130404	0.000959045265975449
20109	1003	985	6	1228689	0.000959045265975449
20109	1052	1082	7	1320386	0.000959045265975449
20109	1096	1136	8	1409536	0.000959045265975449
20109	1152	1164	9	1492281	0.000959045265975449
20109	1188	1178	10	1552013	0.000959045265975449
20109	1216	1185	11	1594930	0.000959045265975449
20109	1262	1189	12	1663083	0.000959045265975449
20109	1289	1190	13	1722231	0.000959045265975449
20109	1299	1191	14	1751920	0.000959045265975449
20109	1306	1191	15	1771960	0.000959045265975449
20109	1311	1191	16	1789503	0.000959045265975449
20109	1315	1192	17	1803248	0.000959045265975449
20111	0	575	0	25	0.0113942403736775
20111	453	1052	1	54094	0.0113942403736775
20111	2709	1881	2	217807	0.0113942403736775
20111	7552	3241	3	524410	0.0113942403736775
20111	10380	5269	4	941055	0.0113942403736775
20111	12601	7896	5	1130404	0.0113942403736775
20111	13529	10749	6	1228689	0.0113942403736775
20111	14279	13308	7	1320386	0.0113942403736775
20111	15351	15239	8	1409536	0.0113942403736775
20111	16419	16514	9	1492281	0.0113942403736775
20111	16955	17283	10	1552013	0.0113942403736775
20111	17310	17723	11	1594930	0.0113942403736775
20111	18100	17966	12	1663083	0.0113942403736775
20111	18493	18098	13	1722231	0.0113942403736775
20111	18762	18169	14	1751920	0.0113942403736775
20111	18992	18207	15	1771960	0.0113942403736775
20111	19135	18227	16	1789503	0.0113942403736775
20111	19324	18238	17	1803248	0.0113942403736775
20113	0	479	0	25	0.00979709018663968
20113	632	927	1	54094	0.00979709018663968
20113	2225	1741	2	217807	0.00979709018663968
20113	5986	3110	3	524410	0.00979709018663968
20113	9552	5127	4	941055	0.00979709018663968
20113	10807	7591	5	1130404	0.00979709018663968
20113	11563	9997	6	1228689	0.00979709018663968
20113	11986	11882	7	1320386	0.00979709018663968
20113	12689	13121	8	1409536	0.00979709018663968
20113	13348	13843	9	1492281	0.00979709018663968
20113	14278	14236	10	1552013	0.00979709018663968
20113	14806	14441	11	1594930	0.00979709018663968
20113	15221	14545	12	1663083	0.00979709018663968
20113	15492	14599	13	1722231	0.00979709018663968
20113	15671	14625	14	1751920	0.00979709018663968
20113	15792	14639	15	1771960	0.00979709018663968
20113	15875	14645	16	1789503	0.00979709018663968
20113	15940	14649	17	1803248	0.00979709018663968
20115	0	207	0	25	0.00407920327160066
20115	193	409	1	54094	0.00407920327160066
20115	814	781	2	217807	0.00407920327160066
20115	2230	1399	3	524410	0.00407920327160066
20115	3666	2277	4	941055	0.00407920327160066
20115	4076	3276	5	1130404	0.00407920327160066
20115	4350	4166	6	1228689	0.00407920327160066
20115	4489	4800	7	1320386	0.00407920327160066
20115	4710	5183	8	1409536	0.00407920327160066
20115	4996	5393	9	1492281	0.00407920327160066
20115	5219	5502	10	1552013	0.00407920327160066
20115	5384	5556	11	1594930	0.00407920327160066
20115	5549	5583	12	1663083	0.00407920327160066
20115	5701	5596	13	1722231	0.00407920327160066
20115	5756	5602	14	1751920	0.00407920327160066
20115	5807	5605	15	1771960	0.00407920327160066
20115	5833	5607	16	1789503	0.00407920327160066
20115	5866	5608	17	1803248	0.00407920327160066
20117	0	189	0	25	0.00333194430809724
20117	296	388	1	54094	0.00333194430809724
20117	888	765	2	217807	0.00333194430809724
20117	1984	1401	3	524410	0.00333194430809724
20117	4191	2295	4	941055	0.00333194430809724
20117	4490	3272	5	1130404	0.00333194430809724
20117	4693	4085	6	1228689	0.00333194430809724
20117	4871	4624	7	1320386	0.00333194430809724
20117	5129	4927	8	1409536	0.00333194430809724
20117	5408	5084	9	1492281	0.00333194430809724
20117	5571	5160	10	1552013	0.00333194430809724
20117	5752	5197	11	1594930	0.00333194430809724
20117	5977	5214	12	1663083	0.00333194430809724
20117	6129	5222	13	1722231	0.00333194430809724
20117	6192	5226	14	1751920	0.00333194430809724
20117	6239	5228	15	1771960	0.00333194430809724
20117	6258	5229	16	1789503	0.00333194430809724
20117	6277	5229	17	1803248	0.00333194430809724
20119	0	59	0	25	0.00138433412944846
20119	78	105	1	54094	0.00138433412944846
20119	237	182	2	217807	0.00138433412944846
20119	819	303	3	524410	0.00138433412944846
20119	1001	479	4	941055	0.00138433412944846
20119	1097	702	5	1130404	0.00138433412944846
20119	1171	944	6	1228689	0.00138433412944846
20119	1206	1163	7	1320386	0.00138433412944846
20119	1283	1332	8	1409536	0.00138433412944846
20119	1361	1448	9	1492281	0.00138433412944846
20119	1442	1521	10	1552013	0.00138433412944846
20119	1505	1563	11	1594930	0.00138433412944846
20119	1560	1588	12	1663083	0.00138433412944846
20119	1585	1602	13	1722231	0.00138433412944846
20119	1607	1609	14	1751920	0.00138433412944846
20119	1625	1614	15	1771960	0.00138433412944846
20119	1656	1616	16	1789503	0.00138433412944846
20119	1665	1617	17	1803248	0.00138433412944846
20121	0	373	0	25	0.01175190865111
20121	310	731	1	54094	0.01175190865111
20121	2169	1404	2	217807	0.01175190865111
20121	5795	2596	3	524410	0.01175190865111
20121	9275	4500	4	941055	0.01175190865111
20121	11264	7093	5	1130404	0.01175190865111
20121	12041	9952	6	1228689	0.01175190865111
20121	12697	12456	7	1320386	0.01175190865111
20121	13475	14242	8	1409536	0.01175190865111
20121	14230	15339	9	1492281	0.01175190865111
20121	14770	15951	10	1552013	0.01175190865111
20121	15103	16275	11	1594930	0.01175190865111
20121	15593	16441	12	1663083	0.01175190865111
20121	15894	16526	13	1722231	0.01175190865111
20121	16069	16568	14	1751920	0.01175190865111
20121	16191	16589	15	1771960	0.01175190865111
20121	16321	16600	16	1789503	0.01175190865111
20121	16448	16605	17	1803248	0.01175190865111
20123	0	90	0	25	0.00205230194891453
20123	195	180	1	54094	0.00205230194891453
20123	559	351	2	217807	0.00205230194891453
20123	1289	642	3	524410	0.00205230194891453
20123	2281	1069	4	941055	0.00205230194891453
20123	2386	1571	5	1130404	0.00205230194891453
20123	2496	2028	6	1228689	0.00205230194891453
20123	2586	2358	7	1320386	0.00205230194891453
20123	2726	2558	8	1409536	0.00205230194891453
20123	2880	2666	9	1492281	0.00205230194891453
20123	2959	2722	10	1552013	0.00205230194891453
20123	3006	2749	11	1594930	0.00205230194891453
20123	3073	2763	12	1663083	0.00205230194891453
20123	3137	2769	13	1722231	0.00205230194891453
20123	3171	2772	14	1751920	0.00205230194891453
20123	3192	2774	15	1771960	0.00205230194891453
20123	3199	2775	16	1789503	0.00205230194891453
20123	3209	2775	17	1803248	0.00205230194891453
20125	0	1138	0	25	0.0109253585435693
20125	489	1795	1	54094	0.0109253585435693
20125	1613	2750	2	217807	0.0109253585435693
20125	4852	4041	3	524410	0.0109253585435693
20125	8093	5629	4	941055	0.0109253585435693
20125	9143	7368	5	1130404	0.0109253585435693
20125	10021	9047	6	1228689	0.0109253585435693
20125	10501	10482	7	1320386	0.0109253585435693
20125	11356	11586	8	1409536	0.0109253585435693
20125	12397	12368	9	1492281	0.0109253585435693
20125	12996	12892	10	1552013	0.0109253585435693
20125	13435	13228	11	1594930	0.0109253585435693
20125	13844	13438	12	1663083	0.0109253585435693
20125	14180	13568	13	1722231	0.0109253585435693
20125	14392	13647	14	1751920	0.0109253585435693
20125	14505	13695	15	1771960	0.0109253585435693
20125	14604	13724	16	1789503	0.0109253585435693
20125	14684	13741	17	1803248	0.0109253585435693
20127	0	103	0	25	0.00192907458653616
20127	134	210	1	54094	0.00192907458653616
20127	310	412	2	217807	0.00192907458653616
20127	1317	751	3	524410	0.00192907458653616
20127	1957	1228	4	941055	0.00192907458653616
20127	2263	1750	5	1130404	0.00192907458653616
20127	2390	2190	6	1228689	0.00192907458653616
20127	2482	2483	7	1320386	0.00192907458653616
20127	2615	2651	8	1409536	0.00192907458653616
20127	2757	2738	9	1492281	0.00192907458653616
20127	2846	2781	10	1552013	0.00192907458653616
20127	2919	2802	11	1594930	0.00192907458653616
20127	3028	2812	12	1663083	0.00192907458653616
20127	3080	2816	13	1722231	0.00192907458653616
20127	3116	2819	14	1751920	0.00192907458653616
20127	3133	2820	15	1771960	0.00192907458653616
20127	3150	2820	16	1789503	0.00192907458653616
20127	3158	2820	17	1803248	0.00192907458653616
20129	0	39	0	25	0.000887992162877053
20129	0	67	1	54094	0.000887992162877053
20129	126	111	2	217807	0.000887992162877053
20129	367	180	3	524410	0.000887992162877053
20129	507	278	4	941055	0.000887992162877053
20129	576	405	5	1130404	0.000887992162877053
20129	730	548	6	1228689	0.000887992162877053
20129	772	687	7	1320386	0.000887992162877053
20129	805	804	8	1409536	0.000887992162877053
20129	864	892	9	1492281	0.000887992162877053
20129	943	950	10	1552013	0.000887992162877053
20129	978	988	11	1594930	0.000887992162877053
20129	1020	1011	12	1663083	0.000887992162877053
20129	1052	1024	13	1722231	0.000887992162877053
20129	1069	1032	14	1751920	0.000887992162877053
20129	1077	1037	15	1771960	0.000887992162877053
20129	1088	1039	16	1789503	0.000887992162877053
20129	1093	1041	17	1803248	0.000887992162877053
20131	0	241	0	25	0.00351180820193086
20131	421	444	1	54094	0.00351180820193086
20131	1050	790	2	217807	0.00351180820193086
20131	2286	1323	3	524410	0.00351180820193086
20131	3414	2035	4	941055	0.00351180820193086
20131	3877	2822	5	1130404	0.00351180820193086
20131	4075	3530	6	1228689	0.00351180820193086
20131	4221	4058	7	1320386	0.00351180820193086
20131	4549	4398	8	1409536	0.00351180820193086
20131	4858	4598	9	1492281	0.00351180820193086
20131	4992	4709	10	1552013	0.00351180820193086
20131	5070	4769	11	1594930	0.00351180820193086
20131	5231	4801	12	1663083	0.00351180820193086
20131	5397	4817	13	1722231	0.00351180820193086
20131	5498	4826	14	1751920	0.00351180820193086
20131	5539	4830	15	1771960	0.00351180820193086
20131	5583	4833	16	1789503	0.00351180820193086
20131	5601	4834	17	1803248	0.00351180820193086
20133	0	326	0	25	0.00549443005457016
20133	317	518	1	54094	0.00549443005457016
20133	719	806	2	217807	0.00549443005457016
20133	1772	1217	3	524410	0.00549443005457016
20133	2279	1765	4	941055	0.00549443005457016
20133	2535	2431	5	1130404	0.00549443005457016
20133	2679	3155	6	1228689	0.00549443005457016
20133	2851	3853	7	1320386	0.00549443005457016
20133	3291	4453	8	1409536	0.00549443005457016
20133	3628	4918	9	1492281	0.00549443005457016
20133	3853	5251	10	1552013	0.00549443005457016
20133	3975	5477	11	1594930	0.00549443005457016
20133	4164	5625	12	1663083	0.00549443005457016
20133	4291	5718	13	1722231	0.00549443005457016
20133	4365	5777	14	1751920	0.00549443005457016
20133	4406	5813	15	1771960	0.00549443005457016
20133	4494	5835	16	1789503	0.00549443005457016
20133	4528	5849	17	1803248	0.00549443005457016
20135	0	73	0	25	0.000943942190920718
20135	0	133	1	54094	0.000943942190920718
20135	183	231	2	217807	0.000943942190920718
20135	695	377	3	524410	0.000943942190920718
20135	890	564	4	941055	0.000943942190920718
20135	973	760	5	1130404	0.000943942190920718
20135	1042	929	6	1228689	0.000943942190920718
20135	1079	1051	7	1320386	0.000943942190920718
20135	1137	1129	8	1409536	0.000943942190920718
20135	1238	1174	9	1492281	0.000943942190920718
20135	1312	1199	10	1552013	0.000943942190920718
20135	1344	1213	11	1594930	0.000943942190920718
20135	1381	1220	12	1663083	0.000943942190920718
20135	1405	1224	13	1722231	0.000943942190920718
20135	1421	1226	14	1751920	0.000943942190920718
20135	1437	1227	15	1771960	0.000943942190920718
20135	1447	1228	16	1789503	0.000943942190920718
20135	1453	1228	17	1803248	0.000943942190920718
20137	0	87	0	25	0.00184017239473672
20137	86	157	1	54094	0.00184017239473672
20137	531	278	2	217807	0.00184017239473672
20137	1124	473	3	524410	0.00184017239473672
20137	1730	758	4	941055	0.00184017239473672
20137	1821	1117	5	1130404	0.00184017239473672
20137	2123	1496	6	1228689	0.00184017239473672
20137	2193	1829	7	1320386	0.00184017239473672
20137	2339	2077	8	1409536	0.00184017239473672
20137	2486	2240	9	1492281	0.00184017239473672
20137	2612	2338	10	1552013	0.00184017239473672
20137	2651	2394	11	1594930	0.00184017239473672
20137	2737	2425	12	1663083	0.00184017239473672
20137	2776	2442	13	1722231	0.00184017239473672
20137	2803	2451	14	1751920	0.00184017239473672
20137	2825	2456	15	1771960	0.00184017239473672
20137	2842	2459	16	1789503	0.00184017239473672
20137	2850	2460	17	1803248	0.00184017239473672
20139	0	195	0	25	0.00547452145563437
20139	390	358	1	54094	0.00547452145563437
20139	1220	647	2	217807	0.00547452145563437
20139	2939	1134	3	524410	0.00547452145563437
20139	4619	1892	4	941055	0.00547452145563437
20139	5330	2937	5	1130404	0.00547452145563437
20139	5719	4160	6	1228689	0.00547452145563437
20139	6058	5346	7	1320386	0.00547452145563437
20139	6574	6302	8	1409536	0.00547452145563437
20139	7025	6966	9	1492281	0.00547452145563437
20139	7327	7379	10	1552013	0.00547452145563437
20139	7505	7620	11	1594930	0.00547452145563437
20139	7737	7755	12	1663083	0.00547452145563437
20139	7926	7829	13	1722231	0.00547452145563437
20139	8054	7869	14	1751920	0.00547452145563437
20139	8119	7890	15	1771960	0.00547452145563437
20139	8162	7902	16	1789503	0.00547452145563437
20139	8200	7908	17	1803248	0.00547452145563437
20141	0	75	0	25	0.00117426408550537
20141	81	146	1	54094	0.00117426408550537
20141	328	269	2	217807	0.00117426408550537
20141	771	459	3	524410	0.00117426408550537
20141	988	700	4	941055	0.00117426408550537
20141	1059	943	5	1130404	0.00117426408550537
20141	1094	1135	6	1228689	0.00117426408550537
20141	1149	1261	7	1320386	0.00117426408550537
20141	1221	1333	8	1409536	0.00117426408550537
20141	1279	1372	9	1492281	0.00117426408550537
20141	1323	1391	10	1552013	0.00117426408550537
20141	1356	1401	11	1594930	0.00117426408550537
20141	1397	1406	12	1663083	0.00117426408550537
20141	1415	1408	13	1722231	0.00117426408550537
20141	1425	1410	14	1751920	0.00117426408550537
20141	1429	1410	15	1771960	0.00117426408550537
20141	1435	1411	16	1789503	0.00117426408550537
20141	1443	1411	17	1803248	0.00117426408550537
20143	0	117	0	25	0.00195790772982246
20143	0	211	1	54094	0.00195790772982246
20143	274	370	2	217807	0.00195790772982246
20143	1019	615	3	524410	0.00195790772982246
20143	1443	947	4	941055	0.00195790772982246
20143	1640	1326	5	1130404	0.00195790772982246
20143	1727	1683	6	1228689	0.00195790772982246
20143	1800	1962	7	1320386	0.00195790772982246
20143	1908	2151	8	1409536	0.00195790772982246
20143	2030	2267	9	1492281	0.00195790772982246
20143	2112	2333	10	1552013	0.00195790772982246
20143	2175	2370	11	1594930	0.00195790772982246
20143	2234	2390	12	1663083	0.00195790772982246
20143	2436	2401	13	1722231	0.00195790772982246
20143	2482	2406	14	1751920	0.00195790772982246
20143	2504	2409	15	1771960	0.00195790772982246
20143	2520	2411	16	1789503	0.00195790772982246
20143	2531	2412	17	1803248	0.00195790772982246
20145	0	83	0	25	0.0022016164409329
20145	60	164	1	54094	0.0022016164409329
20145	520	315	2	217807	0.0022016164409329
20145	1411	579	3	524410	0.0022016164409329
20145	2263	984	4	941055	0.0022016164409329
20145	2433	1503	5	1130404	0.0022016164409329
20145	2585	2030	6	1228689	0.0022016164409329
20145	2690	2456	7	1320386	0.0022016164409329
20145	2859	2738	8	1409536	0.0022016164409329
20145	3016	2903	9	1492281	0.0022016164409329
20145	3113	2992	10	1552013	0.0022016164409329
20145	3186	3037	11	1594930	0.0022016164409329
20145	3269	3061	12	1663083	0.0022016164409329
20145	3345	3072	13	1722231	0.0022016164409329
20145	3403	3078	14	1751920	0.0022016164409329
20145	3441	3081	15	1771960	0.0022016164409329
20145	3465	3082	16	1789503	0.0022016164409329
20145	3478	3083	17	1803248	0.0022016164409329
20147	0	122	0	25	0.00179657942810147
20147	115	238	1	54094	0.00179657942810147
20147	364	440	2	217807	0.00179657942810147
20147	1082	746	3	524410	0.00179657942810147
20147	1539	1124	4	941055	0.00179657942810147
20147	1638	1490	5	1130404	0.00179657942810147
20147	1744	1770	6	1228689	0.00179657942810147
20147	1826	1946	7	1320386	0.00179657942810147
20147	1940	2045	8	1409536	0.00179657942810147
20147	2031	2097	9	1492281	0.00179657942810147
20147	2101	2123	10	1552013	0.00179657942810147
20147	2150	2136	11	1594930	0.00179657942810147
20147	2199	2142	12	1663083	0.00179657942810147
20147	2194	2145	13	1722231	0.00179657942810147
20147	2237	2146	14	1751920	0.00179657942810147
20147	2254	2147	15	1771960	0.00179657942810147
20147	2267	2148	16	1789503	0.00179657942810147
20147	2278	2148	17	1803248	0.00179657942810147
20149	0	273	0	25	0.00836950634226177
20149	384	503	1	54094	0.00836950634226177
20149	1098	908	2	217807	0.00836950634226177
20149	3093	1590	3	524410	0.00836950634226177
20149	5407	2648	4	941055	0.00836950634226177
20149	6436	4097	5	1130404	0.00836950634226177
20149	6989	5779	6	1228689	0.00836950634226177
20149	7334	7395	7	1320386	0.00836950634226177
20149	7878	8686	8	1409536	0.00836950634226177
20149	8275	9575	9	1492281	0.00836950634226177
20149	8613	10127	10	1552013	0.00836950634226177
20149	8884	10447	11	1594930	0.00836950634226177
20149	9308	10625	12	1663083	0.00836950634226177
20149	9758	10723	13	1722231	0.00836950634226177
20149	9945	10775	14	1751920	0.00836950634226177
20149	10001	10804	15	1771960	0.00836950634226177
20149	10076	10819	16	1789503	0.00836950634226177
20149	10122	10827	17	1803248	0.00836950634226177
20151	0	118	0	25	0.00314555863185362
20151	214	220	1	54094	0.00314555863185362
20151	846	402	2	217807	0.00314555863185362
20151	1852	708	3	524410	0.00314555863185362
20151	2782	1174	4	941055	0.00314555863185362
20151	3109	1792	5	1130404	0.00314555863185362
20151	3294	2472	6	1228689	0.00314555863185362
20151	3436	3084	7	1320386	0.00314555863185362
20151	3654	3542	8	1409536	0.00314555863185362
20151	3903	3840	9	1492281	0.00314555863185362
20151	4029	4017	10	1552013	0.00314555863185362
20151	4154	4117	11	1594930	0.00314555863185362
20151	4268	4170	12	1663083	0.00314555863185362
20151	4368	4199	13	1722231	0.00314555863185362
20151	4435	4214	14	1751920	0.00314555863185362
20151	4471	4222	15	1771960	0.00314555863185362
20151	4510	4227	16	1789503	0.00314555863185362
20151	4534	4229	17	1803248	0.00314555863185362
20153	0	56	0	25	0.00086842681564706
20153	0	104	1	54094	0.00086842681564706
20153	244	186	2	217807	0.00086842681564706
20153	538	310	3	524410	0.00086842681564706
20153	682	473	4	941055	0.00086842681564706
20153	764	648	5	1130404	0.00086842681564706
20153	804	798	6	1228689	0.00086842681564706
20153	826	905	7	1320386	0.00086842681564706
20153	888	972	8	1409536	0.00086842681564706
20153	946	1010	9	1492281	0.00086842681564706
20153	984	1031	10	1552013	0.00086842681564706
20153	1006	1042	11	1594930	0.00086842681564706
20153	1040	1048	12	1663083	0.00086842681564706
20153	1066	1051	13	1722231	0.00086842681564706
20153	1081	1052	14	1751920	0.00086842681564706
20153	1087	1053	15	1771960	0.00086842681564706
20153	1089	1054	16	1789503	0.00086842681564706
20153	1094	1054	17	1803248	0.00086842681564706
20155	0	1326	0	25	0.0212809192555282
20155	831	2467	1	54094	0.0212809192555282
20155	4044	4437	2	217807	0.0212809192555282
20155	10547	7547	3	524410	0.0212809192555282
20155	18359	11824	4	941055	0.0212809192555282
20155	21521	16710	5	1130404	0.0212809192555282
20155	22983	21239	6	1228689	0.0212809192555282
20155	23900	24692	7	1320386	0.0212809192555282
20155	25485	26953	8	1409536	0.0212809192555282
20155	27202	28290	9	1492281	0.0212809192555282
20155	28302	29033	10	1552013	0.0212809192555282
20155	28896	29432	11	1594930	0.0212809192555282
20155	29414	29642	12	1663083	0.0212809192555282
20155	29949	29752	13	1722231	0.0212809192555282
20155	30339	29809	14	1751920	0.0212809192555282
20155	30593	29838	15	1771960	0.0212809192555282
20155	30728	29853	16	1789503	0.0212809192555282
20155	30850	29861	17	1803248	0.0212809192555282
20157	0	103	0	25	0.00159131490803944
20157	142	211	1	54094	0.00159131490803944
20157	356	409	2	217807	0.00159131490803944
20157	1100	723	3	524410	0.00159131490803944
20157	1645	1120	4	941055	0.00159131490803944
20157	1779	1500	5	1130404	0.00159131490803944
20157	1865	1778	6	1228689	0.00159131490803944
20157	1915	1945	7	1320386	0.00159131490803944
20157	2014	2032	8	1409536	0.00159131490803944
20157	2119	2076	9	1492281	0.00159131490803944
20157	2210	2096	10	1552013	0.00159131490803944
20157	2261	2106	11	1594930	0.00159131490803944
20157	2301	2110	12	1663083	0.00159131490803944
20157	2323	2112	13	1722231	0.00159131490803944
20157	2339	2113	14	1751920	0.00159131490803944
20157	2348	2114	15	1771960	0.00159131490803944
20157	2356	2114	16	1789503	0.00159131490803944
20157	2366	2114	17	1803248	0.00159131490803944
20159	0	109	0	25	0.00327359151811305
20159	95	216	1	54094	0.00327359151811305
20159	332	420	2	217807	0.00327359151811305
20159	1206	777	3	524410	0.00327359151811305
20159	2581	1330	4	941055	0.00327359151811305
20159	2870	2036	5	1130404	0.00327359151811305
20159	3109	2750	6	1228689	0.00327359151811305
20159	3228	3319	7	1320386	0.00327359151811305
20159	3425	3691	8	1409536	0.00327359151811305
20159	3633	3905	9	1492281	0.00327359151811305
20159	3775	4019	10	1552013	0.00327359151811305
20159	3879	4077	11	1594930	0.00327359151811305
20159	3977	4106	12	1663083	0.00327359151811305
20159	4051	4120	13	1722231	0.00327359151811305
20159	4120	4127	14	1751920	0.00327359151811305
20159	4157	4131	15	1771960	0.00327359151811305
20159	4180	4133	16	1789503	0.00327359151811305
20159	4199	4133	17	1803248	0.00327359151811305
20161	0	284	0	25	0.0254802606241552
20161	872	587	1	54094	0.0254802606241552
20161	4415	1206	2	217807	0.0254802606241552
20161	9831	2434	3	524410	0.0254802606241552
20161	17177	4743	4	941055	0.0254802606241552
20161	20422	8688	5	1130404	0.0254802606241552
20161	22027	14435	6	1228689	0.0254802606241552
20161	22836	21122	7	1320386	0.0254802606241552
20161	23938	27140	8	1409536	0.0254802606241552
20161	24746	31426	9	1492281	0.0254802606241552
20161	25393	33995	10	1552013	0.0254802606241552
20161	26003	35379	11	1594930	0.0254802606241552
20161	27233	36082	12	1663083	0.0254802606241552
20161	28319	36429	13	1722231	0.0254802606241552
20161	28795	36597	14	1751920	0.0254802606241552
20161	29005	36678	15	1771960	0.0254802606241552
20161	29218	36717	16	1789503	0.0254802606241552
20161	29403	36736	17	1803248	0.0254802606241552
20163	0	121	0	25	0.00168879839248361
20163	116	223	1	54094	0.00168879839248361
20163	452	394	2	217807	0.00168879839248361
20163	1051	651	3	524410	0.00168879839248361
20163	1555	983	4	941055	0.00168879839248361
20163	1668	1333	5	1130404	0.00168879839248361
20163	1744	1633	6	1228689	0.00168879839248361
20163	1824	1848	7	1320386	0.00168879839248361
20163	1946	1982	8	1409536	0.00168879839248361
20163	2087	2060	9	1492281	0.00168879839248361
20163	2174	2102	10	1552013	0.00168879839248361
20163	2216	2125	11	1594930	0.00168879839248361
20163	2272	2137	12	1663083	0.00168879839248361
20163	2321	2143	13	1722231	0.00168879839248361
20163	2361	2146	14	1751920	0.00168879839248361
20163	2374	2148	15	1771960	0.00168879839248361
20163	2390	2148	16	1789503	0.00168879839248361
20163	2399	2149	17	1803248	0.00168879839248361
20165	0	67	0	25	0.00104211217877647
20165	0	129	1	54094	0.00104211217877647
20165	366	238	2	217807	0.00104211217877647
20165	715	411	3	524410	0.00104211217877647
20165	1018	639	4	941055	0.00104211217877647
20165	1098	882	5	1130404	0.00104211217877647
20165	1153	1084	6	1228689	0.00104211217877647
20165	1198	1223	7	1320386	0.00104211217877647
20165	1273	1305	8	1409536	0.00104211217877647
20165	1363	1350	9	1492281	0.00104211217877647
20165	1407	1373	10	1552013	0.00104211217877647
20165	1434	1385	11	1594930	0.00104211217877647
20165	1466	1391	12	1663083	0.00104211217877647
20165	1499	1394	13	1722231	0.00104211217877647
20165	1517	1395	14	1751920	0.00104211217877647
20165	1529	1396	15	1771960	0.00104211217877647
20165	1542	1396	16	1789503	0.00104211217877647
20165	1552	1396	17	1803248	0.00104211217877647
20167	0	134	0	25	0.0023533336948918
20167	114	259	1	54094	0.0023533336948918
20167	319	481	2	217807	0.0023533336948918
20167	1177	832	3	524410	0.0023533336948918
20167	1858	1303	4	941055	0.0023533336948918
20167	2082	1810	5	1130404	0.0023533336948918
20167	2182	2241	6	1228689	0.0023533336948918
20167	2243	2540	7	1320386	0.0023533336948918
20167	2438	2720	8	1409536	0.0023533336948918
20167	2580	2818	9	1492281	0.0023533336948918
20167	2688	2870	10	1552013	0.0023533336948918
20167	2756	2896	11	1594930	0.0023533336948918
20167	2829	2909	12	1663083	0.0023533336948918
20167	2878	2915	13	1722231	0.0023533336948918
20167	2926	2919	14	1751920	0.0023533336948918
20167	2941	2920	15	1771960	0.0023533336948918
20167	2956	2921	16	1789503	0.0023533336948918
20167	2968	2921	17	1803248	0.0023533336948918
20169	0	505	0	25	0.0186124804947218
20169	538	961	1	54094	0.0186124804947218
20169	3066	1801	2	217807	0.0186124804947218
20169	7858	3282	3	524410	0.0186124804947218
20169	13425	5705	4	941055	0.0186124804947218
20169	17476	9223	5	1130404	0.0186124804947218
20169	19062	13533	6	1228689	0.0186124804947218
20169	20397	17836	7	1320386	0.0186124804947218
20169	21865	21342	8	1409536	0.0186124804947218
20169	23224	23752	9	1492281	0.0186124804947218
20169	24208	25223	10	1552013	0.0186124804947218
20169	25001	26057	11	1594930	0.0186124804947218
20169	25974	26509	12	1663083	0.0186124804947218
20169	26546	26749	13	1722231	0.0186124804947218
20169	26987	26875	14	1751920	0.0186124804947218
20169	27203	26940	15	1771960	0.0186124804947218
20169	27363	26974	16	1789503	0.0186124804947218
20169	27487	26992	17	1803248	0.0186124804947218
20171	0	80	0	25	0.00165550297702204
20171	0	137	1	54094	0.00165550297702204
20171	461	228	2	217807	0.00165550297702204
20171	1019	369	3	524410	0.00165550297702204
20171	1334	570	4	941055	0.00165550297702204
20171	1469	827	5	1130404	0.00165550297702204
20171	1546	1115	6	1228689	0.00165550297702204
20171	1617	1392	7	1320386	0.00165550297702204
20171	1783	1622	8	1409536	0.00165550297702204
20171	1954	1792	9	1492281	0.00165550297702204
20171	2059	1905	10	1552013	0.00165550297702204
20171	2113	1977	11	1594930	0.00165550297702204
20171	2181	2020	12	1663083	0.00165550297702204
20171	2240	2046	13	1722231	0.00165550297702204
20171	2291	2061	14	1751920	0.00165550297702204
20171	2306	2070	15	1771960	0.00165550297702204
20171	2324	2075	16	1789503	0.00165550297702204
20171	2339	2078	17	1803248	0.00165550297702204
20173	0	6140	0	25	0.177132296758949
20173	6459	10644	1	54094	0.177132296758949
20173	22931	18233	2	217807	0.177132296758949
20173	60497	30614	3	524410	0.177132296758949
20173	138338	49790	4	941055	0.177132296758949
20173	163822	77231	5	1130404	0.177132296758949
20173	180932	112355	6	1228689	0.177132296758949
20173	191808	151416	7	1320386	0.177132296758949
20173	207343	188610	8	1409536	0.177132296758949
20173	222742	219144	9	1492281	0.177132296758949
20173	233704	241302	10	1552013	0.177132296758949
20173	244054	255984	11	1594930	0.177132296758949
20173	256030	265135	12	1663083	0.177132296758949
20173	265215	270622	13	1722231	0.177132296758949
20173	270213	273837	14	1751920	0.177132296758949
20173	277916	275695	15	1771960	0.177132296758949
20173	280460	276759	16	1789503	0.177132296758949
20173	282266	277367	17	1803248	0.177132296758949
20175	0	585	0	25	0.00735519755165423
20175	271	939	1	54094	0.00735519755165423
20175	874	1472	2	217807	0.00735519755165423
20175	2904	2233	3	524410	0.00735519755165423
20175	3992	3236	4	941055	0.00735519755165423
20175	5815	4429	5	1130404	0.00735519755165423
20175	6480	5685	6	1228689	0.00735519755165423
20175	6837	6850	7	1320386	0.00735519755165423
20175	7384	7809	8	1409536	0.00735519755165423
20175	8100	8524	9	1492281	0.00735519755165423
20175	8533	9020	10	1552013	0.00735519755165423
20175	8802	9345	11	1594930	0.00735519755165423
20175	9170	9552	12	1663083	0.00735519755165423
20175	9433	9681	13	1722231	0.00735519755165423
20175	9667	9759	14	1751920	0.00735519755165423
20175	9792	9807	15	1771960	0.00735519755165423
20175	9873	9836	16	1789503	0.00735519755165423
20175	9943	9853	17	1803248	0.00735519755165423
20177	0	1905	0	25	0.0607126454614916
20177	5525	3511	1	54094	0.0607126454614916
20177	18240	6386	2	217807	0.0607126454614916
20177	37559	11351	3	524410	0.0607126454614916
20177	63140	19415	4	941055	0.0607126454614916
20177	72447	31288	5	1130404	0.0607126454614916
20177	78833	46463	6	1228689	0.0607126454614916
20177	82924	62710	7	1320386	0.0607126454614916
20177	88606	77111	8	1409536	0.0607126454614916
20177	93696	87892	9	1492281	0.0607126454614916
20177	97002	94985	10	1552013	0.0607126454614916
20177	99276	99264	11	1594930	0.0607126454614916
20177	102879	101711	12	1663083	0.0607126454614916
20177	105812	103069	13	1722231	0.0607126454614916
20177	107464	103808	14	1751920	0.0607126454614916
20177	108247	104208	15	1771960	0.0607126454614916
20177	108950	104423	16	1789503	0.0607126454614916
20177	109457	104538	17	1803248	0.0607126454614916
20179	0	60	0	25	0.000865337550294956
20179	62	120	1	54094	0.000865337550294956
20179	333	226	2	217807	0.000865337550294956
20179	583	380	3	524410	0.000865337550294956
20179	653	556	4	941055	0.000865337550294956
20179	677	708	5	1130404	0.000865337550294956
20179	710	810	6	1228689	0.000865337550294956
20179	729	868	7	1320386	0.000865337550294956
20179	758	898	8	1409536	0.000865337550294956
20179	793	913	9	1492281	0.000865337550294956
20179	827	920	10	1552013	0.000865337550294956
20179	840	923	11	1594930	0.000865337550294956
20179	864	924	12	1663083	0.000865337550294956
20179	871	925	13	1722231	0.000865337550294956
20179	885	925	14	1751920	0.000865337550294956
20179	891	926	15	1771960	0.000865337550294956
20179	895	926	16	1789503	0.000865337550294956
20179	903	926	17	1803248	0.000865337550294956
20181	0	87	0	25	0.0020310203431556
20181	90	156	1	54094	0.0020310203431556
20181	335	271	2	217807	0.0020310203431556
20181	1061	456	3	524410	0.0020310203431556
20181	1487	725	4	941055	0.0020310203431556
20181	1716	1069	5	1130404	0.0020310203431556
20181	1857	1442	6	1228689	0.0020310203431556
20181	1927	1781	7	1320386	0.0020310203431556
20181	2069	2042	8	1409536	0.0020310203431556
20181	2243	2220	9	1492281	0.0020310203431556
20181	2360	2331	10	1552013	0.0020310203431556
20181	2397	2396	11	1594930	0.0020310203431556
20181	2480	2433	12	1663083	0.0020310203431556
20181	2549	2453	13	1722231	0.0020310203431556
20181	2592	2465	14	1751920	0.0020310203431556
20181	2611	2471	15	1771960	0.0020310203431556
20181	2620	2474	16	1789503	0.0020310203431556
20181	2632	2476	17	1803248	0.0020310203431556
20183	0	78	0	25	0.00122987086184325
20183	85	160	1	54094	0.00122987086184325
20183	372	311	2	217807	0.00122987086184325
20183	803	547	3	524410	0.00122987086184325
20183	1163	838	4	941055	0.00122987086184325
20183	1221	1109	5	1130404	0.00122987086184325
20183	1280	1302	6	1228689	0.00122987086184325
20183	1333	1415	7	1320386	0.00122987086184325
20183	1394	1473	8	1409536	0.00122987086184325
20183	1439	1501	9	1492281	0.00122987086184325
20183	1487	1515	10	1552013	0.00122987086184325
20183	1512	1521	11	1594930	0.00122987086184325
20183	1548	1524	12	1663083	0.00122987086184325
20183	1573	1525	13	1722231	0.00122987086184325
20183	1589	1526	14	1751920	0.00122987086184325
20183	1600	1526	15	1771960	0.00122987086184325
20183	1607	1526	16	1789503	0.00122987086184325
20183	1614	1526	17	1803248	0.00122987086184325
20185	0	60	0	25	0.00142655408926055
20185	63	110	1	54094	0.00142655408926055
20185	216	197	2	217807	0.00142655408926055
20185	933	338	3	524410	0.00142655408926055
20185	1210	547	4	941055	0.00142655408926055
20185	1325	813	5	1130404	0.00142655408926055
20185	1380	1095	6	1228689	0.00142655408926055
20185	1431	1341	7	1320386	0.00142655408926055
20185	1520	1522	8	1409536	0.00142655408926055
20185	1624	1640	9	1492281	0.00142655408926055
20185	1711	1710	10	1552013	0.00142655408926055
20185	1771	1750	11	1594930	0.00142655408926055
20185	1837	1771	12	1663083	0.00142655408926055
20185	1875	1783	13	1722231	0.00142655408926055
20185	1905	1789	14	1751920	0.00142655408926055
20185	1924	1793	15	1771960	0.00142655408926055
20185	1935	1794	16	1789503	0.00142655408926055
20185	1949	1795	17	1803248	0.00142655408926055
20187	0	30	0	25	0.00068856292181344
20187	66	51	1	54094	0.00068856292181344
20187	170	86	2	217807	0.00068856292181344
20187	479	142	3	524410	0.00068856292181344
20187	585	224	4	941055	0.00068856292181344
20187	637	334	5	1130404	0.00068856292181344
20187	691	462	6	1228689	0.00068856292181344
20187	735	590	7	1320386	0.00068856292181344
20187	806	701	8	1409536	0.00068856292181344
20187	854	784	9	1492281	0.00068856292181344
20187	900	840	10	1552013	0.00068856292181344
20187	931	876	11	1594930	0.00068856292181344
20187	970	898	12	1663083	0.00068856292181344
20187	994	910	13	1722231	0.00068856292181344
20187	1015	918	14	1751920	0.00068856292181344
20187	1021	922	15	1771960	0.00068856292181344
20187	1023	924	16	1789503	0.00068856292181344
20187	1027	926	17	1803248	0.00068856292181344
20189	0	175	0	25	0.0018827356062546
20189	72	264	1	54094	0.0018827356062546
20189	158	389	2	217807	0.0018827356062546
20189	713	556	3	524410	0.0018827356062546
20189	900	763	4	941055	0.0018827356062546
20189	1122	998	5	1130404	0.0018827356062546
20189	1177	1240	6	1228689	0.0018827356062546
20189	1256	1464	7	1320386	0.0018827356062546
20189	1383	1654	8	1409536	0.0018827356062546
20189	1603	1802	9	1492281	0.0018827356062546
20189	1752	1910	10	1552013	0.0018827356062546
20189	1830	1985	11	1594930	0.0018827356062546
20189	1945	2036	12	1663083	0.0018827356062546
20189	2009	2069	13	1722231	0.0018827356062546
20189	2077	2091	14	1751920	0.0018827356062546
20189	2126	2105	15	1771960	0.0018827356062546
20189	2146	2114	16	1789503	0.0018827356062546
20189	2156	2120	17	1803248	0.0018827356062546
20191	0	277	0	25	0.00783849595340564
20191	201	513	1	54094	0.00783849595340564
20191	1029	929	2	217807	0.00783849595340564
20191	3445	1627	3	524410	0.00783849595340564
20191	5769	2698	4	941055	0.00783849595340564
20191	6476	4138	5	1130404	0.00783849595340564
20191	6910	5765	6	1228689	0.00783849595340564
20191	7232	7276	7	1320386	0.00783849595340564
20191	7801	8447	8	1409536	0.00783849595340564
20191	8428	9232	9	1492281	0.00783849595340564
20191	8850	9708	10	1552013	0.00783849595340564
20191	9200	9981	11	1594930	0.00783849595340564
20191	9416	10131	12	1663083	0.00783849595340564
20191	9658	10212	13	1722231	0.00783849595340564
20191	9780	10256	14	1751920	0.00783849595340564
20191	9873	10279	15	1771960	0.00783849595340564
20191	9945	10291	16	1789503	0.00783849595340564
20191	9997	10298	17	1803248	0.00783849595340564
20193	0	161	0	25	0.00266946851592379
20193	175	303	1	54094	0.00266946851592379
20193	547	548	2	217807	0.00266946851592379
20193	1497	929	3	524410	0.00266946851592379
20193	1976	1433	4	941055	0.00266946851592379
20193	2267	1975	5	1130404	0.00266946851592379
20193	2405	2443	6	1228689	0.00266946851592379
20193	2533	2776	7	1320386	0.00266946851592379
20193	2701	2981	8	1409536	0.00266946851592379
20193	2839	3097	9	1492281	0.00266946851592379
20193	2938	3160	10	1552013	0.00266946851592379
20193	3007	3192	11	1594930	0.00266946851592379
20193	3099	3209	12	1663083	0.00266946851592379
20193	3156	3217	13	1722231	0.00266946851592379
20193	3191	3222	14	1751920	0.00266946851592379
20193	3216	3224	15	1771960	0.00266946851592379
20193	3237	3225	16	1789503	0.00266946851592379
20193	3252	3225	17	1803248	0.00266946851592379
20195	0	61	0	25	0.000962134531327553
20195	89	114	1	54094	0.000962134531327553
20195	219	205	2	217807	0.000962134531327553
20195	652	345	3	524410	0.000962134531327553
20195	746	525	4	941055	0.000962134531327553
20195	800	713	5	1130404	0.000962134531327553
20195	822	871	6	1228689	0.000962134531327553
20195	852	981	7	1320386	0.000962134531327553
20195	925	1048	8	1409536	0.000962134531327553
20195	992	1085	9	1492281	0.000962134531327553
20195	1036	1105	10	1552013	0.000962134531327553
20195	1061	1116	11	1594930	0.000962134531327553
20195	1073	1121	12	1663083	0.000962134531327553
20195	1081	1124	13	1722231	0.000962134531327553
20195	1092	1125	14	1751920	0.000962134531327553
20195	1098	1126	15	1771960	0.000962134531327553
20195	1102	1126	16	1789503	0.000962134531327553
20195	1104	1126	17	1803248	0.000962134531327553
20197	0	86	0	25	0.002379077572826
20197	133	162	1	54094	0.002379077572826
20197	436	298	2	217807	0.002379077572826
20197	1219	531	3	524410	0.002379077572826
20197	1960	892	4	941055	0.002379077572826
20197	2243	1374	5	1130404	0.002379077572826
20197	2389	1910	6	1228689	0.002379077572826
20197	2494	2393	7	1320386	0.002379077572826
20197	2680	2753	8	1409536	0.002379077572826
20197	2865	2986	9	1492281	0.002379077572826
20197	2962	3123	10	1552013	0.002379077572826
20197	3033	3199	11	1594930	0.002379077572826
20197	3151	3240	12	1663083	0.002379077572826
20197	3223	3262	13	1722231	0.002379077572826
20197	3274	3273	14	1751920	0.002379077572826
20197	3292	3279	15	1771960	0.002379077572826
20197	3311	3282	16	1789503	0.002379077572826
20197	3329	3283	17	1803248	0.002379077572826
20199	0	39	0	25	0.000521056089388236
20199	0	71	1	54094	0.000521056089388236
20199	131	123	2	217807	0.000521056089388236
20199	293	197	3	524410	0.000521056089388236
20199	367	287	4	941055	0.000521056089388236
20199	402	375	5	1130404	0.000521056089388236
20199	421	446	6	1228689	0.000521056089388236
20199	445	494	7	1320386	0.000521056089388236
20199	469	524	8	1409536	0.000521056089388236
20199	505	540	9	1492281	0.000521056089388236
20199	521	549	10	1552013	0.000521056089388236
20199	535	554	11	1594930	0.000521056089388236
20199	553	557	12	1663083	0.000521056089388236
20199	559	558	13	1722231	0.000521056089388236
20199	564	559	14	1751920	0.000521056089388236
20199	567	559	15	1771960	0.000521056089388236
20199	569	559	16	1789503	0.000521056089388236
20199	571	559	17	1803248	0.000521056089388236
20201	0	125	0	25	0.00185561872149724
20201	126	231	1	54094	0.00185561872149724
20201	465	413	2	217807	0.00185561872149724
20201	1129	694	3	524410	0.00185561872149724
20201	1881	1071	4	941055	0.00185561872149724
20201	2016	1486	5	1130404	0.00185561872149724
20201	2069	1859	6	1228689	0.00185561872149724
20201	2170	2135	7	1320386	0.00185561872149724
20201	2342	2312	8	1409536	0.00185561872149724
20201	2480	2416	9	1492281	0.00185561872149724
20201	2556	2473	10	1552013	0.00185561872149724
20201	2642	2503	11	1594930	0.00185561872149724
20201	2772	2519	12	1663083	0.00185561872149724
20201	2849	2528	13	1722231	0.00185561872149724
20201	2895	2532	14	1751920	0.00185561872149724
20201	2909	2534	15	1771960	0.00185561872149724
20201	2927	2536	16	1789503	0.00185561872149724
20201	2938	2536	17	1803248	0.00185561872149724
20203	0	35	0	25	0.000727350364567637
20203	51	64	1	54094	0.000727350364567637
20203	223	112	2	217807	0.000727350364567637
20203	602	189	3	524410	0.000727350364567637
20203	704	299	4	941055	0.000727350364567637
20203	743	437	5	1130404	0.000727350364567637
20203	792	582	6	1228689	0.000727350364567637
20203	815	708	7	1320386	0.000727350364567637
20203	856	801	8	1409536	0.000727350364567637
20203	934	862	9	1492281	0.000727350364567637
20203	968	899	10	1552013	0.000727350364567637
20203	993	920	11	1594930	0.000727350364567637
20203	1030	932	12	1663083	0.000727350364567637
20203	1056	939	13	1722231	0.000727350364567637
20203	1080	942	14	1751920	0.000727350364567637
20203	1084	944	15	1771960	0.000727350364567637
20203	1090	945	16	1789503	0.000727350364567637
20203	1092	946	17	1803248	0.000727350364567637
20205	0	245	0	25	0.00292622079185423
20205	186	427	1	54094	0.00292622079185423
20205	527	715	2	217807	0.00292622079185423
20205	1362	1128	3	524410	0.00292622079185423
20205	2348	1641	4	941055	0.00292622079185423
20205	2602	2179	5	1130404	0.00292622079185423
20205	2746	2652	6	1228689	0.00292622079185423
20205	2862	3005	7	1320386	0.00292622079185423
20205	2987	3240	8	1409536	0.00292622079185423
20205	3211	3383	9	1492281	0.00292622079185423
20205	3345	3466	10	1552013	0.00292622079185423
20205	3415	3513	11	1594930	0.00292622079185423
20205	3516	3539	12	1663083	0.00292622079185423
20205	3626	3553	13	1722231	0.00292622079185423
20205	3681	3561	14	1751920	0.00292622079185423
20205	3728	3565	15	1771960	0.00292622079185423
20205	3768	3567	16	1789503	0.00292622079185423
20205	3784	3569	17	1803248	0.00292622079185423
20207	0	40	0	25	0.00107712385276699
20207	0	75	1	54094	0.00107712385276699
20207	103	136	2	217807	0.00107712385276699
20207	554	236	3	524410	0.00107712385276699
20207	749	387	4	941055	0.00107712385276699
20207	843	582	5	1130404	0.00107712385276699
20207	961	792	6	1228689	0.00107712385276699
20207	1011	977	7	1320386	0.00107712385276699
20207	1068	1115	8	1409536	0.00107712385276699
20207	1167	1204	9	1492281	0.00107712385276699
20207	1219	1257	10	1552013	0.00107712385276699
20207	1247	1286	11	1594930	0.00107712385276699
20207	1278	1302	12	1663083	0.00107712385276699
20207	1295	1311	13	1722231	0.00107712385276699
20207	1308	1316	14	1751920	0.00107712385276699
20207	1316	1318	15	1771960	0.00107712385276699
20207	1326	1319	16	1789503	0.00107712385276699
20207	1331	1320	17	1803248	0.00107712385276699
20209	0	1610	0	25	0.0567837864370267
20209	1332	2713	1	54094	0.0567837864370267
20209	9167	4536	2	217807	0.0567837864370267
20209	19245	7489	3	524410	0.0567837864370267
20209	40597	12120	4	941055	0.0567837864370267
20209	50213	19020	5	1130404	0.0567837864370267
20209	56879	28561	6	1228689	0.0567837864370267
20209	63853	40477	7	1320386	0.0567837864370267
20209	71172	53598	8	1409536	0.0567837864370267
20209	76903	66188	9	1492281	0.0567837864370267
20209	81019	76770	10	1552013	0.0567837864370267
20209	83227	84718	11	1594930	0.0567837864370267
20209	86862	90197	12	1663083	0.0567837864370267
20209	90169	93756	13	1722231	0.0567837864370267
20209	93203	95977	14	1751920	0.0567837864370267
20209	94471	97331	15	1771960	0.0567837864370267
20209	95497	98143	16	1789503	0.0567837864370267
20209	96196	98626	17	1803248	0.0567837864370267
