2160	6
21001	0	559	0	336	0.00429798689384832
21001	283	932	1	72651	0.00429798689384832
21001	817	1501	2	355470	0.00429798689384832
21001	2110	2296	3	795644	0.00429798689384832
21001	4160	3284	4	1423216	0.00429798689384832
21001	4824	4343	5	1697693	0.00429798689384832
21001	5239	5315	6	1900918	0.00429798689384832
21001	5513	6089	7	1994260	0.00429798689384832
21001	5860	6637	8	2131369	0.00429798689384832
21001	6479	6994	9	2342894	0.00429798689384832
21001	6680	7214	10	2267712	0.00429798689384832
21001	6874	7346	11	2332305	0.00429798689384832
21001	7118	7422	12	2427182	0.00429798689384832
21001	7311	7466	13	2488702	0.00429798689384832
21001	7445	7492	14	2521585	0.00429798689384832
21001	7525	7506	15	2547169	0.00429798689384832
21001	7569	7514	16	2563612	0.00429798689384832
21001	7595	7519	17	2575947	0.00429798689384832
21003	0	440	0	336	0.004770940039703
21003	309	759	1	72651	0.004770940039703
21003	1162	1272	2	355470	0.004770940039703
21003	3178	2041	3	795644	0.004770940039703
21003	5060	3082	4	1423216	0.004770940039703
21003	5731	4307	5	1697693	0.004770940039703
21003	6231	5534	6	1900918	0.004770940039703
21003	6550	6580	7	1994260	0.004770940039703
21003	7015	7355	8	2131369	0.004770940039703
21003	7814	7873	9	2342894	0.004770940039703
21003	7619	8195	10	2267712	0.004770940039703
21003	7823	8386	11	2332305	0.004770940039703
21003	8009	8497	12	2427182	0.004770940039703
21003	8206	8560	13	2488702	0.004770940039703
21003	8345	8595	14	2521585	0.004770940039703
21003	8417	8615	15	2547169	0.004770940039703
21003	8467	8627	16	2563612	0.004770940039703
21003	8497	8633	17	2575947	0.004770940039703
21005	0	264	0	336	0.00509146484086906
21005	204	555	1	72651	0.00509146484086906
21005	1154	1131	2	355470	0.00509146484086906
21005	3869	2184	3	795644	0.00509146484086906
21005	7368	3848	4	1423216	0.00509146484086906
21005	8885	5951	5	1697693	0.00509146484086906
21005	9980	7974	6	1900918	0.00509146484086906
21005	10514	9468	7	1994260	0.00509146484086906
21005	11248	10370	8	2131369	0.00509146484086906
21005	12416	10849	9	2342894	0.00509146484086906
21005	11278	11087	10	2267712	0.00509146484086906
21005	11560	11201	11	2332305	0.00509146484086906
21005	11948	11255	12	2427182	0.00509146484086906
21005	12271	11280	13	2488702	0.00509146484086906
21005	12423	11291	14	2521585	0.00509146484086906
21005	12530	11297	15	2547169	0.00509146484086906
21005	12617	11299	16	2563612	0.00509146484086906
21005	12665	11300	17	2575947	0.00509146484086906
21007	0	97	0	336	0.00176557236843431
21007	60	165	1	72651	0.00176557236843431
21007	310	278	2	355470	0.00176557236843431
21007	887	457	3	795644	0.00176557236843431
21007	1392	722	4	1423216	0.00176557236843431
21007	1735	1080	5	1697693	0.00176557236843431
21007	1916	1508	6	1900918	0.00176557236843431
21007	1997	1949	7	1994260	0.00176557236843431
21007	2158	2341	8	2131369	0.00176557236843431
21007	2474	2646	9	2342894	0.00176557236843431
21007	2662	2858	10	2267712	0.00176557236843431
21007	2744	2996	11	2332305	0.00176557236843431
21007	2858	3081	12	2427182	0.00176557236843431
21007	2924	3131	13	2488702	0.00176557236843431
21007	2991	3161	14	2521585	0.00176557236843431
21007	3014	3178	15	2547169	0.00176557236843431
21007	3035	3188	16	2563612	0.00176557236843431
21007	3054	3194	17	2575947	0.00176557236843431
21009	0	1557	0	336	0.00990426112206511
21009	770	2487	1	72651	0.00990426112206511
21009	2799	3849	2	355470	0.00990426112206511
21009	7177	5704	3	795644	0.00990426112206511
21009	11273	7989	4	1423216	0.00990426112206511
21009	13179	10479	5	1697693	0.00990426112206511
21009	14319	12857	6	1900918	0.00990426112206511
21009	14959	14857	7	1994260	0.00990426112206511
21009	16163	16369	8	2131369	0.00990426112206511
21009	17604	17420	9	2342894	0.00990426112206511
21009	18016	18110	10	2267712	0.00990426112206511
21009	18568	18546	11	2332305	0.00990426112206511
21009	19243	18815	12	2427182	0.00990426112206511
21009	19786	18979	13	2488702	0.00990426112206511
21009	20072	19077	14	2521585	0.00990426112206511
21009	20297	19136	15	2547169	0.00990426112206511
21009	20401	19171	16	2563612	0.00990426112206511
21009	20488	19191	17	2575947	0.00990426112206511
21011	0	315	0	336	0.00279787710515071
21011	156	553	1	72651	0.00279787710515071
21011	771	942	2	355470	0.00279787710515071
21011	2068	1528	3	795644	0.00279787710515071
21011	3784	2316	4	1423216	0.00279787710515071
21011	4313	3224	5	1697693	0.00279787710515071
21011	4762	4103	6	1900918	0.00279787710515071
21011	4938	4822	7	1994260	0.00279787710515071
21011	5360	5332	8	2131369	0.00279787710515071
21011	5930	5659	9	2342894	0.00279787710515071
21011	5964	5856	10	2267712	0.00279787710515071
21011	6159	5969	11	2332305	0.00279787710515071
21011	6341	6033	12	2427182	0.00279787710515071
21011	6542	6069	13	2488702	0.00279787710515071
21011	6664	6088	14	2521585	0.00279787710515071
21011	6719	6099	15	2547169	0.00279787710515071
21011	6762	6105	16	2563612	0.00279787710515071
21011	6787	6108	17	2575947	0.00279787710515071
21013	0	1114	0	336	0.00582674694410267
21013	585	1729	1	72651	0.00582674694410267
21013	1990	2591	2	355470	0.00582674694410267
21013	4301	3708	3	795644	0.00582674694410267
21013	6963	5011	4	1423216	0.00582674694410267
21013	7777	6360	5	1697693	0.00582674694410267
21013	8481	7595	6	1900918	0.00582674694410267
21013	8883	8603	7	1994260	0.00582674694410267
21013	9417	9352	8	2131369	0.00582674694410267
21013	10479	9871	9	2342894	0.00582674694410267
21013	10783	10213	10	2267712	0.00582674694410267
21013	11127	10431	11	2332305	0.00582674694410267
21013	11430	10567	12	2427182	0.00582674694410267
21013	11633	10651	13	2488702	0.00582674694410267
21013	11765	10702	14	2521585	0.00582674694410267
21013	11866	10733	15	2547169	0.00582674694410267
21013	11946	10752	16	2563612	0.00582674694410267
21013	11979	10764	17	2575947	0.00582674694410267
21015	0	1441	0	336	0.029899457726651
21015	864	3041	1	72651	0.029899457726651
21015	8734	6266	2	355470	0.029899457726651
21015	19526	12321	3	795644	0.029899457726651
21015	40116	22314	4	1423216	0.029899457726651
21015	55434	35754	5	1697693	0.029899457726651
21015	64852	49598	6	1900918	0.029899457726651
21015	68821	60446	7	1994260	0.029899457726651
21015	74142	67264	8	2131369	0.029899457726651
21015	83892	70974	9	2342894	0.029899457726651
21015	72629	72836	10	2267712	0.029899457726651
21015	74834	73733	11	2332305	0.029899457726651
21015	78716	74156	12	2427182	0.029899457726651
21015	80885	74353	13	2488702	0.029899457726651
21015	81984	74445	14	2521585	0.029899457726651
21015	82800	74488	15	2547169	0.029899457726651
21015	83227	74508	16	2563612	0.029899457726651
21015	83629	74517	17	2575947	0.029899457726651
21017	0	317	0	336	0.00442915137253778
21017	390	557	1	72651	0.00442915137253778
21017	1591	962	2	355470	0.00442915137253778
21017	3337	1613	3	795644	0.00442915137253778
21017	6246	2585	4	1423216	0.00442915137253778
21017	7364	3887	5	1697693	0.00442915137253778
21017	8170	5398	6	1900918	0.00442915137253778
21017	8543	6886	7	1994260	0.00442915137253778
21017	9084	8133	8	2131369	0.00442915137253778
21017	10010	9043	9	2342894	0.00442915137253778
21017	9989	9643	10	2267712	0.00442915137253778
21017	10283	10012	11	2332305	0.00442915137253778
21017	10729	10229	12	2427182	0.00442915137253778
21017	11159	10354	13	2488702	0.00442915137253778
21017	11337	10425	14	2521585	0.00442915137253778
21017	11456	10465	15	2547169	0.00442915137253778
21017	11507	10487	16	2563612	0.00442915137253778
21017	11544	10500	17	2575947	0.00442915137253778
21019	0	748	0	336	0.0104568978078745
21019	669	1219	1	72651	0.0104568978078745
21019	2947	1960	2	355470	0.0104568978078745
21019	7887	3088	3	795644	0.0104568978078745
21019	12381	4720	4	1423216	0.0104568978078745
21019	13839	6913	5	1697693	0.0104568978078745
21019	15002	9589	6	1900918	0.0104568978078745
21019	15518	12495	7	1994260	0.0104568978078745
21019	16569	15276	8	2131369	0.0104568978078745
21019	18142	17633	9	2342894	0.0104568978078745
21019	18444	19434	10	2267712	0.0104568978078745
21019	20405	20704	11	2332305	0.0104568978078745
21019	21988	21550	12	2427182	0.0104568978078745
21019	22424	22093	13	2488702	0.0104568978078745
21019	22672	22432	14	2521585	0.0104568978078745
21019	22845	22640	15	2547169	0.0104568978078745
21019	23034	22768	16	2563612	0.0104568978078745
21019	23156	22845	17	2575947	0.0104568978078745
21021	0	274	0	336	0.00672833486246643
21021	756	576	1	72651	0.00672833486246643
21021	2371	1190	2	355470	0.00672833486246643
21021	5358	2355	3	795644	0.00672833486246643
21021	10282	4329	4	1423216	0.00672833486246643
21021	12205	7096	5	1697693	0.00672833486246643
21021	13371	10101	6	1900918	0.00672833486246643
21021	13940	12581	7	1994260	0.00672833486246643
21021	14821	14203	8	2131369	0.00672833486246643
21021	16135	15110	9	2342894	0.00672833486246643
21021	15420	15573	10	2267712	0.00672833486246643
21021	15822	15798	11	2332305	0.00672833486246643
21021	16365	15905	12	2427182	0.00672833486246643
21021	16662	15956	13	2488702	0.00672833486246643
21021	16782	15979	14	2521585	0.00672833486246643
21021	17021	15990	15	2547169	0.00672833486246643
21021	17149	15995	16	2563612	0.00672833486246643
21021	17217	15998	17	2575947	0.00672833486246643
21023	0	84	0	336	0.00185846188832531
21023	93	151	1	72651	0.00185846188832531
21023	515	269	2	355470	0.00185846188832531
21023	1461	466	3	795644	0.00185846188832531
21023	2374	776	4	1423216	0.00185846188832531
21023	2602	1214	5	1697693	0.00185846188832531
21023	2794	1752	6	1900918	0.00185846188832531
21023	2950	2307	7	1994260	0.00185846188832531
21023	3137	2786	8	2131369	0.00185846188832531
21023	3547	3141	9	2342894	0.00185846188832531
21023	3500	3374	10	2267712	0.00185846188832531
21023	3604	3516	11	2332305	0.00185846188832531
21023	3734	3598	12	2427182	0.00185846188832531
21023	3825	3644	13	2488702	0.00185846188832531
21023	3880	3670	14	2521585	0.00185846188832531
21023	3913	3684	15	2547169	0.00185846188832531
21023	3933	3692	16	2563612	0.00185846188832531
21023	3943	3696	17	2575947	0.00185846188832531
21025	0	504	0	336	0.00282697502704428
21025	0	765	1	72651	0.00282697502704428
21025	800	1132	2	355470	0.00282697502704428
21025	2064	1619	3	795644	0.00282697502704428
21025	3442	2218	4	1423216	0.00282697502704428
21025	3845	2887	5	1697693	0.00282697502704428
21025	4221	3561	6	1900918	0.00282697502704428
21025	4415	4172	7	1994260	0.00282697502704428
21025	4695	4675	8	2131369	0.00282697502704428
21025	5375	5057	9	2342894	0.00282697502704428
21025	5866	5330	10	2267712	0.00282697502704428
21025	6036	5517	11	2332305	0.00282697502704428
21025	6241	5641	12	2427182	0.00282697502704428
21025	6472	5721	13	2488702	0.00282697502704428
21025	6572	5773	14	2521585	0.00282697502704428
21025	6635	5806	15	2547169	0.00282697502704428
21025	6663	5827	16	2563612	0.00282697502704428
21025	6679	5840	17	2575947	0.00282697502704428
21027	0	562	0	336	0.00458337035857369
21027	213	894	1	72651	0.00458337035857369
21027	1151	1392	2	355470	0.00458337035857369
21027	2789	2098	3	795644	0.00458337035857369
21027	5030	3026	4	1423216	0.00458337035857369
21027	5869	4129	5	1697693	0.00458337035857369
21027	6323	5297	6	1900918	0.00458337035857369
21027	6587	6388	7	1994260	0.00458337035857369
21027	7021	7297	8	2131369	0.00458337035857369
21027	7709	7984	9	2342894	0.00458337035857369
21027	7947	8465	10	2267712	0.00458337035857369
21027	8166	8785	11	2332305	0.00458337035857369
21027	8439	8991	12	2427182	0.00458337035857369
21027	9741	9120	13	2488702	0.00458337035857369
21027	9894	9200	14	2521585	0.00458337035857369
21027	10014	9248	15	2547169	0.00458337035857369
21027	10090	9278	16	2563612	0.00458337035857369
21027	10142	9296	17	2575947	0.00458337035857369
21029	0	932	0	336	0.0182815528352232
21029	854	1840	1	72651	0.0182815528352232
21029	3512	3549	2	355470	0.0182815528352232
21029	9901	6556	3	795644	0.0182815528352232
21029	19211	11275	4	1423216	0.0182815528352232
21029	24128	17493	5	1697693	0.0182815528352232
21029	27680	24043	6	1900918	0.0182815528352232
21029	29171	29498	7	1994260	0.0182815528352232
21029	31426	33222	8	2131369	0.0182815528352232
21029	34989	35431	9	2342894	0.0182815528352232
21029	32821	36635	10	2267712	0.0182815528352232
21029	33652	37260	11	2332305	0.0182815528352232
21029	35012	37576	12	2427182	0.0182815528352232
21029	36176	37735	13	2488702	0.0182815528352232
21029	36643	37813	14	2521585	0.0182815528352232
21029	36926	37852	15	2547169	0.0182815528352232
21029	37174	37872	16	2563612	0.0182815528352232
21029	37336	37881	17	2575947	0.0182815528352232
21031	0	409	0	336	0.00288270873897888
21031	367	633	1	72651	0.00288270873897888
21031	1087	956	2	355470	0.00288270873897888
21031	2113	1395	3	795644	0.00288270873897888
21031	3357	1948	4	1423216	0.00288270873897888
21031	3790	2577	5	1697693	0.00288270873897888
21031	4157	3219	6	1900918	0.00288270873897888
21031	4381	3804	7	1994260	0.00288270873897888
21031	4674	4285	8	2131369	0.00288270873897888
21031	5206	4647	9	2342894	0.00288270873897888
21031	5248	4903	10	2267712	0.00288270873897888
21031	5356	5075	11	2332305	0.00288270873897888
21031	5508	5188	12	2427182	0.00288270873897888
21031	5683	5260	13	2488702	0.00288270873897888
21031	5760	5305	14	2521585	0.00288270873897888
21031	5822	5334	15	2547169	0.00288270873897888
21031	5846	5351	16	2563612	0.00288270873897888
21031	5882	5362	17	2575947	0.00288270873897888
21033	0	171	0	336	0.00285316315674849
21033	194	307	1	72651	0.00285316315674849
21033	1049	540	2	355470	0.00285316315674849
21033	2221	922	3	795644	0.00285316315674849
21033	3841	1501	4	1423216	0.00285316315674849
21033	4293	2280	5	1697693	0.00285316315674849
21033	4600	3180	6	1900918	0.00285316315674849
21033	4816	4053	7	1994260	0.00285316315674849
21033	5151	4766	8	2131369	0.00285316315674849
21033	5631	5271	9	2342894	0.00285316315674849
21033	5959	5595	10	2267712	0.00285316315674849
21033	6097	5789	11	2332305	0.00285316315674849
21033	6251	5901	12	2427182	0.00285316315674849
21033	6489	5963	13	2488702	0.00285316315674849
21033	6574	5998	14	2521585	0.00285316315674849
21033	6640	6017	15	2547169	0.00285316315674849
21033	6677	6027	16	2563612	0.00285316315674849
21033	6696	6033	17	2575947	0.00285316315674849
21035	0	345	0	336	0.00872960039823864
21035	510	704	1	72651	0.00872960039823864
21035	1456	1405	2	355470	0.00872960039823864
21035	4922	2698	3	795644	0.00872960039823864
21035	9979	4843	4	1423216	0.00872960039823864
21035	12042	7841	5	1697693	0.00872960039823864
21035	13292	11167	6	1900918	0.00872960039823864
21035	13883	14030	7	1994260	0.00872960039823864
21035	15091	16003	8	2131369	0.00872960039823864
21035	16331	17165	9	2342894	0.00872960039823864
21035	15917	17786	10	2267712	0.00872960039823864
21035	16324	18101	11	2332305	0.00872960039823864
21035	16914	18256	12	2427182	0.00872960039823864
21035	17336	18332	13	2488702	0.00872960039823864
21035	17551	18369	14	2521585	0.00872960039823864
21035	17700	18386	15	2547169	0.00872960039823864
21035	17843	18395	16	2563612	0.00872960039823864
21035	17946	18399	17	2575947	0.00872960039823864
21037	0	844	0	336	0.0209469224806739
21037	662	1772	1	72651	0.0209469224806739
21037	6499	3653	2	355470	0.0209469224806739
21037	16420	7257	3	795644	0.0209469224806739
21037	30929	13480	4	1423216	0.0209469224806739
21037	40072	22514	5	1697693	0.0209469224806739
21037	45308	32802	6	1900918	0.0209469224806739
21037	47570	41723	7	1994260	0.0209469224806739
21037	50754	47808	8	2131369	0.0209469224806739
21037	61284	51309	9	2342894	0.0209469224806739
21037	52153	53130	10	2267712	0.0209469224806739
21037	53652	54027	11	2332305	0.0209469224806739
21037	56278	54457	12	2427182	0.0209469224806739
21037	57553	54661	13	2488702	0.0209469224806739
21037	58275	54757	14	2521585	0.0209469224806739
21037	59386	54802	15	2547169	0.0209469224806739
21037	59741	54823	16	2563612	0.0209469224806739
21037	60079	54833	17	2575947	0.0209469224806739
21039	0	65	0	336	0.00106543160164139
21039	0	112	1	72651	0.00106543160164139
21039	261	190	2	355470	0.00106543160164139
21039	655	313	3	795644	0.00106543160164139
21039	974	495	4	1423216	0.00106543160164139
21039	1168	735	5	1697693	0.00106543160164139
21039	1281	1011	6	1900918	0.00106543160164139
21039	1337	1282	7	1994260	0.00106543160164139
21039	1474	1510	8	2131369	0.00106543160164139
21039	1685	1678	9	2342894	0.00106543160164139
21039	1778	1790	10	2267712	0.00106543160164139
21039	1824	1860	11	2332305	0.00106543160164139
21039	1866	1902	12	2427182	0.00106543160164139
21039	1893	1927	13	2488702	0.00106543160164139
21039	1922	1941	14	2521585	0.00106543160164139
21039	1941	1949	15	2547169	0.00106543160164139
21039	1956	1953	16	2563612	0.00106543160164139
21039	1965	1956	17	2575947	0.00106543160164139
21041	0	353	0	336	0.00237953852038858
21041	144	594	1	72651	0.00237953852038858
21041	716	962	2	355470	0.00237953852038858
21041	1889	1475	3	795644	0.00237953852038858
21041	2806	2108	4	1423216	0.00237953852038858
21041	3350	2777	5	1697693	0.00237953852038858
21041	3783	3380	6	1900918	0.00237953852038858
21041	3966	3850	7	1994260	0.00237953852038858
21041	4220	4177	8	2131369	0.00237953852038858
21041	4612	4386	9	2342894	0.00237953852038858
21041	4422	4513	10	2267712	0.00237953852038858
21041	4531	4588	11	2332305	0.00237953852038858
21041	4684	4631	12	2427182	0.00237953852038858
21041	4826	4655	13	2488702	0.00237953852038858
21041	4901	4669	14	2521585	0.00237953852038858
21041	4940	4677	15	2547169	0.00237953852038858
21041	4974	4681	16	2563612	0.00237953852038858
21041	4991	4684	17	2575947	0.00237953852038858
21043	0	1050	0	336	0.00599797702293789
21043	262	1573	1	72651	0.00599797702293789
21043	1680	2301	2	355470	0.00599797702293789
21043	4276	3262	3	795644	0.00599797702293789
21043	6762	4439	4	1423216	0.00599797702293789
21043	7414	5761	5	1697693	0.00599797702293789
21043	8115	7106	6	1900918	0.00599797702293789
21043	8534	8344	7	1994260	0.00599797702293789
21043	9314	9383	8	2131369	0.00599797702293789
21043	10578	10190	9	2342894	0.00599797702293789
21043	11374	10779	10	2267712	0.00599797702293789
21043	11935	11190	11	2332305	0.00599797702293789
21043	12504	11468	12	2427182	0.00599797702293789
21043	12795	11652	13	2488702	0.00599797702293789
21043	13003	11772	14	2521585	0.00599797702293789
21043	13134	11850	15	2547169	0.00599797702293789
21043	13212	11900	16	2563612	0.00599797702293789
21043	13262	11931	17	2575947	0.00599797702293789
21045	0	673	0	336	0.00361687169137043
21045	217	1013	1	72651	0.00361687169137043
21045	704	1476	2	355470	0.00361687169137043
21045	1470	2058	3	795644	0.00361687169137043
21045	2935	2725	4	1423216	0.00361687169137043
21045	3530	3410	5	1697693	0.00361687169137043
21045	3903	4040	6	1900918	0.00361687169137043
21045	4087	4562	7	1994260	0.00361687169137043
21045	4405	4959	8	2131369	0.00361687169137043
21045	4894	5242	9	2342894	0.00361687169137043
21045	5123	5434	10	2267712	0.00361687169137043
21045	5350	5561	11	2332305	0.00361687169137043
21045	5533	5642	12	2427182	0.00361687169137043
21045	5660	5694	13	2488702	0.00361687169137043
21045	5734	5726	14	2521585	0.00361687169137043
21045	5833	5747	15	2547169	0.00361687169137043
21045	5879	5759	16	2563612	0.00361687169137043
21045	5900	5767	17	2575947	0.00361687169137043
21047	0	1267	0	336	0.0157712974964819
21047	446	1962	1	72651	0.0157712974964819
21047	3328	2999	2	355470	0.0157712974964819
21047	6157	4497	3	795644	0.0157712974964819
21047	11038	6558	4	1423216	0.0157712974964819
21047	13563	9221	5	1697693	0.0157712974964819
21047	15811	12390	6	1900918	0.0157712974964819
21047	17015	15812	7	1994260	0.0157712974964819
21047	18352	19142	8	2131369	0.0157712974964819
21047	20378	22069	9	2342894	0.0157712974964819
21047	20960	24420	10	2267712	0.0157712974964819
21047	21962	26177	11	2332305	0.0157712974964819
21047	22910	27420	12	2427182	0.0157712974964819
21047	24392	28265	13	2488702	0.0157712974964819
21047	24941	28824	14	2521585	0.0157712974964819
21047	25439	29188	15	2547169	0.0157712974964819
21047	25761	29422	16	2563612	0.0157712974964819
21047	25942	29571	17	2575947	0.0157712974964819
21049	0	559	0	336	0.00811675339712642
21049	496	1039	1	72651	0.00811675339712642
21049	2612	1887	2	355470	0.00811675339712642
21049	5938	3299	3	795644	0.00811675339712642
21049	10813	5423	4	1423216	0.00811675339712642
21049	13247	8183	5	1697693	0.00811675339712642
21049	15203	11160	6	1900918	0.00811675339712642
21049	15910	13788	7	1994260	0.00811675339712642
21049	16942	15728	8	2131369	0.00811675339712642
21049	18420	16980	9	2342894	0.00811675339712642
21049	17650	17719	10	2267712	0.00811675339712642
21049	18135	18132	11	2332305	0.00811675339712642
21049	18779	18357	12	2427182	0.00811675339712642
21049	19313	18476	13	2488702	0.00811675339712642
21049	19557	18540	14	2521585	0.00811675339712642
21049	19702	18573	15	2547169	0.00811675339712642
21049	19856	18591	16	2563612	0.00811675339712642
21049	19935	18600	17	2575947	0.00811675339712642
21051	0	960	0	336	0.00445444418156835
21051	236	1420	1	72651	0.00445444418156835
21051	1157	2034	2	355470	0.00445444418156835
21051	2546	2797	3	795644	0.00445444418156835
21051	4112	3665	4	1423216	0.00445444418156835
21051	5192	4558	5	1697693	0.00445444418156835
21051	5711	5386	6	1900918	0.00445444418156835
21051	6028	6083	7	1994260	0.00445444418156835
21051	6548	6624	8	2131369	0.00445444418156835
21051	7341	7018	9	2342894	0.00445444418156835
21051	7879	7292	10	2267712	0.00445444418156835
21051	8131	7476	11	2332305	0.00445444418156835
21051	8360	7597	12	2427182	0.00445444418156835
21051	8598	7675	13	2488702	0.00445444418156835
21051	8717	7726	14	2521585	0.00445444418156835
21051	8811	7758	15	2547169	0.00445444418156835
21051	8872	7778	16	2563612	0.00445444418156835
21051	8913	7791	17	2575947	0.00445444418156835
21053	0	473	0	336	0.0022870966608344
21053	156	689	1	72651	0.0022870966608344
21053	555	974	2	355470	0.0022870966608344
21053	1370	1328	3	795644	0.0022870966608344
21053	2224	1735	4	1423216	0.0022870966608344
21053	2481	2161	5	1697693	0.0022870966608344
21053	2627	2568	6	1900918	0.0022870966608344
21053	2731	2922	7	1994260	0.0022870966608344
21053	2909	3207	8	2131369	0.0022870966608344
21053	3436	3421	9	2342894	0.0022870966608344
21053	3654	3576	10	2267712	0.0022870966608344
21053	3819	3683	11	2332305	0.0022870966608344
21053	3956	3755	12	2427182	0.0022870966608344
21053	4028	3803	13	2488702	0.0022870966608344
21053	4095	3835	14	2521585	0.0022870966608344
21053	4148	3856	15	2547169	0.0022870966608344
21053	4184	3869	16	2563612	0.0022870966608344
21053	4209	3878	17	2575947	0.0022870966608344
21055	0	119	0	336	0.00197104846303657
21055	103	204	1	72651	0.00197104846303657
21055	517	342	2	355470	0.00197104846303657
21055	1159	559	3	795644	0.00197104846303657
21055	1931	877	4	1423216	0.00197104846303657
21055	2128	1299	5	1697693	0.00197104846303657
21055	2328	1794	6	1900918	0.00197104846303657
21055	2457	2292	7	1994260	0.00197104846303657
21055	2672	2725	8	2131369	0.00197104846303657
21055	3019	3055	9	2342894	0.00197104846303657
21055	3288	3282	10	2267712	0.00197104846303657
21055	3372	3428	11	2332305	0.00197104846303657
21055	3476	3517	12	2427182	0.00197104846303657
21055	3521	3570	13	2488702	0.00197104846303657
21055	3572	3601	14	2521585	0.00197104846303657
21055	3601	3619	15	2547169	0.00197104846303657
21055	3613	3630	16	2563612	0.00197104846303657
21055	3631	3636	17	2575947	0.00197104846303657
21057	0	219	0	336	0.00148041273387735
21057	230	346	1	72651	0.00148041273387735
21057	595	531	2	355470	0.00148041273387735
21057	1026	783	3	795644	0.00148041273387735
21057	1717	1096	4	1423216	0.00148041273387735
21057	1891	1442	5	1697693	0.00148041273387735
21057	1989	1781	6	1900918	0.00148041273387735
21057	2056	2074	7	1994260	0.00148041273387735
21057	2194	2302	8	2131369	0.00148041273387735
21057	2462	2465	9	2342894	0.00148041273387735
21057	2609	2574	10	2267712	0.00148041273387735
21057	2694	2645	11	2332305	0.00148041273387735
21057	2791	2690	12	2427182	0.00148041273387735
21057	2870	2717	13	2488702	0.00148041273387735
21057	2915	2734	14	2521585	0.00148041273387735
21057	2944	2744	15	2547169	0.00148041273387735
21057	2966	2750	16	2563612	0.00148041273387735
21057	2976	2754	17	2575947	0.00148041273387735
21059	0	1565	0	336	0.0227212242256763
21059	1556	2766	1	72651	0.0227212242256763
21059	9864	4802	2	355470	0.0227212242256763
21059	20648	8094	3	795644	0.0227212242256763
21059	31404	13030	4	1423216	0.0227212242256763
21059	36096	19651	5	1697693	0.0227212242256763
21059	39860	27323	6	1900918	0.0227212242256763
21059	41935	34836	7	1994260	0.0227212242256763
21059	45905	41077	8	2131369	0.0227212242256763
21059	49907	45590	9	2342894	0.0227212242256763
21059	49633	48536	10	2267712	0.0227212242256763
21059	50745	50333	11	2332305	0.0227212242256763
21059	52452	51384	12	2427182	0.0227212242256763
21059	53661	51984	13	2488702	0.0227212242256763
21059	54373	52321	14	2521585	0.0227212242256763
21059	54869	52510	15	2547169	0.0227212242256763
21059	55122	52614	16	2563612	0.0227212242256763
21059	55319	52672	17	2575947	0.0227212242256763
21061	0	224	0	336	0.00271953654620649
21061	159	402	1	72651	0.00271953654620649
21061	753	700	2	355470	0.00271953654620649
21061	1824	1159	3	795644	0.00271953654620649
21061	2686	1786	4	1423216	0.00271953654620649
21061	3024	2511	5	1697693	0.00271953654620649
21061	3334	3207	6	1900918	0.00271953654620649
21061	3458	3764	7	1994260	0.00271953654620649
21061	3666	4148	8	2131369	0.00271953654620649
21061	4034	4388	9	2342894	0.00271953654620649
21061	3857	4528	10	2267712	0.00271953654620649
21061	3943	4606	11	2332305	0.00271953654620649
21061	4026	4649	12	2427182	0.00271953654620649
21061	4108	4673	13	2488702	0.00271953654620649
21061	4158	4685	14	2521585	0.00271953654620649
21061	4192	4692	15	2547169	0.00271953654620649
21061	4212	4696	16	2563612	0.00271953654620649
21061	4229	4697	17	2575947	0.00271953654620649
21063	0	175	0	336	0.00168253137595343
21063	0	294	1	72651	0.00168253137595343
21063	294	480	2	355470	0.00168253137595343
21063	788	752	3	795644	0.00168253137595343
21063	1541	1108	4	1423216	0.00168253137595343
21063	1704	1517	5	1697693	0.00168253137595343
21063	1801	1922	6	1900918	0.00168253137595343
21063	1884	2265	7	1994260	0.00168253137595343
21063	1975	2522	8	2131369	0.00168253137595343
21063	2205	2696	9	2342894	0.00168253137595343
21063	2371	2806	10	2267712	0.00168253137595343
21063	2466	2873	11	2332305	0.00168253137595343
21063	2551	2912	12	2427182	0.00168253137595343
21063	2606	2935	13	2488702	0.00168253137595343
21063	2648	2948	14	2521585	0.00168253137595343
21063	2671	2956	15	2547169	0.00168253137595343
21063	2684	2960	16	2563612	0.00168253137595343
21063	2693	2963	17	2575947	0.00168253137595343
21065	0	584	0	336	0.00315734835562048
21065	0	905	1	72651	0.00315734835562048
21065	1048	1359	2	355470	0.00315734835562048
21065	2134	1959	3	795644	0.00315734835562048
21065	3780	2681	4	1423216	0.00315734835562048
21065	4417	3458	5	1697693	0.00315734835562048
21065	4931	4201	6	1900918	0.00315734835562048
21065	5190	4835	7	1994260	0.00315734835562048
21065	5549	5324	8	2131369	0.00315734835562048
21065	6138	5675	9	2342894	0.00315734835562048
21065	6442	5912	10	2267712	0.00315734835562048
21065	6657	6067	11	2332305	0.00315734835562048
21065	6934	6166	12	2427182	0.00315734835562048
21065	7100	6227	13	2488702	0.00315734835562048
21065	7175	6265	14	2521585	0.00315734835562048
21065	7292	6289	15	2547169	0.00315734835562048
21065	7331	6303	16	2563612	0.00315734835562048
21065	7355	6312	17	2575947	0.00315734835562048
21067	67	1264	0	336	0.072331166582693
21067	7194	2753	1	72651	0.072331166582693
21067	41786	5948	2	355470	0.072331166582693
21067	78429	12621	3	795644	0.072331166582693
21067	132136	25819	4	1423216	0.072331166582693
21067	153377	49315	5	1697693	0.072331166582693
21067	171842	84244	6	1900918	0.072331166582693
21067	179282	124383	7	1994260	0.072331166582693
21067	188730	158872	8	2131369	0.072331166582693
21067	203808	181845	9	2342894	0.072331166582693
21067	189702	194671	10	2267712	0.072331166582693
21067	194525	201134	11	2332305	0.072331166582693
21067	204436	204224	12	2427182	0.072331166582693
21067	209069	205663	13	2488702	0.072331166582693
21067	211568	206326	14	2521585	0.072331166582693
21067	214238	206629	15	2547169	0.072331166582693
21067	215735	206767	16	2563612	0.072331166582693
21067	216827	206831	17	2575947	0.072331166582693
21069	0	625	0	336	0.0032636676856162
21069	277	952	1	72651	0.0032636676856162
21069	1115	1409	2	355470	0.0032636676856162
21069	2702	2007	3	795644	0.0032636676856162
21069	4017	2725	4	1423216	0.0032636676856162
21069	4638	3501	5	1697693	0.0032636676856162
21069	5087	4253	6	1900918	0.0032636676856162
21069	5269	4906	7	1994260	0.0032636676856162
21069	5653	5422	8	2131369	0.0032636676856162
21069	6367	5801	9	2342894	0.0032636676856162
21069	6722	6063	10	2267712	0.0032636676856162
21069	6877	6239	11	2332305	0.0032636676856162
21069	7157	6352	12	2427182	0.0032636676856162
21069	7310	6425	13	2488702	0.0032636676856162
21069	7417	6471	14	2521585	0.0032636676856162
21069	7515	6500	15	2547169	0.0032636676856162
21069	7561	6518	16	2563612	0.0032636676856162
21069	7594	6529	17	2575947	0.0032636676856162
21071	0	1521	0	336	0.0079658918636167
21071	546	2337	1	72651	0.0079658918636167
21071	3953	3493	2	355470	0.0079658918636167
21071	8763	5029	3	795644	0.0079658918636167
21071	11821	6901	4	1423216	0.0079658918636167
21071	12793	8959	5	1697693	0.0079658918636167
21071	13906	10978	6	1900918	0.0079658918636167
21071	14427	12752	7	1994260	0.0079658918636167
21071	15454	14164	8	2131369	0.0079658918636167
21071	17394	15202	9	2342894	0.0079658918636167
21071	18730	15923	10	2267712	0.0079658918636167
21071	19150	16402	11	2332305	0.0079658918636167
21071	19618	16713	12	2427182	0.0079658918636167
21071	19919	16911	13	2488702	0.0079658918636167
21071	20085	17035	14	2521585	0.0079658918636167
21071	20272	17113	15	2547169	0.0079658918636167
21071	20349	17161	16	2563612	0.0079658918636167
21071	20423	17191	17	2575947	0.0079658918636167
21073	0	658	0	336	0.0114133241174992
21073	484	1663	1	72651	0.0114133241174992
21073	3159	3992	2	355470	0.0114133241174992
21073	10809	8592	3	795644	0.0114133241174992
21073	22964	15356	4	1423216	0.0114133241174992
21073	26246	21968	5	1697693	0.0114133241174992
21073	29426	26295	6	1900918	0.0114133241174992
21073	30539	28437	7	1994260	0.0114133241174992
21073	32172	29351	8	2131369	0.0114133241174992
21073	35147	29716	9	2342894	0.0114133241174992
21073	27752	29858	10	2267712	0.0114133241174992
21073	28618	29913	11	2332305	0.0114133241174992
21073	29973	29934	12	2427182	0.0114133241174992
21073	30565	29942	13	2488702	0.0114133241174992
21073	30902	29945	14	2521585	0.0114133241174992
21073	31126	29946	15	2547169	0.0114133241174992
21073	31357	29946	16	2563612	0.0114133241174992
21073	31510	29947	17	2575947	0.0114133241174992
21075	0	194	0	336	0.00133604227525157
21075	44	309	1	72651	0.00133604227525157
21075	247	483	2	355470	0.00133604227525157
21075	882	727	3	795644	0.00133604227525157
21075	1513	1046	4	1423216	0.00133604227525157
21075	1995	1419	5	1697693	0.00133604227525157
21075	2191	1807	6	1900918	0.00133604227525157
21075	2417	2162	7	1994260	0.00133604227525157
21075	2635	2452	8	2131369	0.00133604227525157
21075	2908	2667	9	2342894	0.00133604227525157
21075	3085	2815	10	2267712	0.00133604227525157
21075	3206	2913	11	2332305	0.00133604227525157
21075	3311	2974	12	2427182	0.00133604227525157
21075	3405	3013	13	2488702	0.00133604227525157
21075	3456	3036	14	2521585	0.00133604227525157
21075	3488	3051	15	2547169	0.00133604227525157
21075	3522	3059	16	2563612	0.00133604227525157
21075	3539	3065	17	2575947	0.00133604227525157
21077	0	168	0	336	0.00198514976364653
21077	95	283	1	72651	0.00198514976364653
21077	521	466	2	355470	0.00198514976364653
21077	1240	744	3	795644	0.00198514976364653
21077	1904	1130	4	1423216	0.00198514976364653
21077	2279	1609	5	1697693	0.00198514976364653
21077	2540	2128	6	1900918	0.00198514976364653
21077	2724	2610	7	1994260	0.00198514976364653
21077	2980	3001	8	2131369	0.00198514976364653
21077	3352	3283	9	2342894	0.00198514976364653
21077	3275	3470	10	2267712	0.00198514976364653
21077	3359	3588	11	2332305	0.00198514976364653
21077	3482	3659	12	2427182	0.00198514976364653
21077	3548	3701	13	2488702	0.00198514976364653
21077	3615	3726	14	2521585	0.00198514976364653
21077	3646	3740	15	2547169	0.00198514976364653
21077	3658	3748	16	2563612	0.00198514976364653
21077	3669	3753	17	2575947	0.00198514976364653
21079	0	229	0	336	0.0039541837551674
21079	356	430	1	72651	0.0039541837551674
21079	1098	788	2	355470	0.0039541837551674
21079	2574	1389	3	795644	0.0039541837551674
21079	4780	2301	4	1423216	0.0039541837551674
21079	5613	3494	5	1697693	0.0039541837551674
21079	6209	4783	6	1900918	0.0039541837551674
21079	6498	5917	7	1994260	0.0039541837551674
21079	6921	6749	8	2131369	0.0039541837551674
21079	7595	7281	9	2342894	0.0039541837551674
21079	7612	7592	10	2267712	0.0039541837551674
21079	7833	7764	11	2332305	0.0039541837551674
21079	8093	7857	12	2427182	0.0039541837551674
21079	8310	7906	13	2488702	0.0039541837551674
21079	8394	7931	14	2521585	0.0039541837551674
21079	8497	7945	15	2547169	0.0039541837551674
21079	8536	7952	16	2563612	0.0039541837551674
21079	8567	7956	17	2575947	0.0039541837551674
21081	0	509	0	336	0.00561119849192186
21081	135	886	1	72651	0.00561119849192186
21081	1306	1504	2	355470	0.00561119849192186
21081	3247	2452	3	795644	0.00561119849192186
21081	5884	3770	4	1423216	0.00561119849192186
21081	7688	5369	5	1697693	0.00561119849192186
21081	8777	7020	6	1900918	0.00561119849192186
21081	9457	8464	7	1994260	0.00561119849192186
21081	10269	9554	8	2131369	0.00561119849192186
21081	11372	10289	9	2342894	0.00561119849192186
21081	10802	10747	10	2267712	0.00561119849192186
21081	11176	11019	11	2332305	0.00561119849192186
21081	11653	11176	12	2427182	0.00561119849192186
21081	11921	11265	13	2488702	0.00561119849192186
21081	12108	11315	14	2521585	0.00561119849192186
21081	12230	11343	15	2547169	0.00561119849192186
21081	12304	11359	16	2563612	0.00561119849192186
21081	12355	11367	17	2575947	0.00561119849192186
21083	0	1426	0	336	0.00834125505604372
21083	354	2207	1	72651	0.00834125505604372
21083	1787	3316	2	355470	0.00834125505604372
21083	4732	4787	3	795644	0.00834125505604372
21083	8470	6565	4	1423216	0.00834125505604372
21083	10136	8494	5	1697693	0.00834125505604372
21083	11183	10353	6	1900918	0.00834125505604372
21083	11824	11951	7	1994260	0.00834125505604372
21083	12926	13196	8	2131369	0.00834125505604372
21083	14342	14093	9	2342894	0.00834125505604372
21083	15093	14704	10	2267712	0.00834125505604372
21083	15629	15104	11	2332305	0.00834125505604372
21083	16051	15359	12	2427182	0.00834125505604372
21083	16449	15520	13	2488702	0.00834125505604372
21083	16725	15619	14	2521585	0.00834125505604372
21083	16896	15681	15	2547169	0.00834125505604372
21083	17040	15719	16	2563612	0.00834125505604372
21083	17119	15742	17	2575947	0.00834125505604372
21085	0	798	0	336	0.00591515986062543
21085	485	1313	1	72651	0.00591515986062543
21085	1317	2100	2	355470	0.00591515986062543
21085	4031	3218	3	795644	0.00591515986062543
21085	6972	4656	4	1423216	0.00591515986062543
21085	8036	6284	5	1697693	0.00591515986062543
21085	9055	7882	6	1900918	0.00591515986062543
21085	9495	9247	7	1994260	0.00591515986062543
21085	10279	10279	8	2131369	0.00591515986062543
21085	11325	10990	9	2342894	0.00591515986062543
21085	12043	11450	10	2267712	0.00591515986062543
21085	12417	11735	11	2332305	0.00591515986062543
21085	12902	11906	12	2427182	0.00591515986062543
21085	13196	12008	13	2488702	0.00591515986062543
21085	13405	12068	14	2521585	0.00591515986062543
21085	13513	12103	15	2547169	0.00591515986062543
21085	13613	12123	16	2563612	0.00591515986062543
21085	13664	12135	17	2575947	0.00591515986062543
21087	0	340	0	336	0.00244892587259632
21087	268	567	1	72651	0.00244892587259632
21087	580	911	2	355470	0.00244892587259632
21087	1393	1390	3	795644	0.00244892587259632
21087	2713	1983	4	1423216	0.00244892587259632
21087	3073	2616	5	1697693	0.00244892587259632
21087	3374	3196	6	1900918	0.00244892587259632
21087	3517	3657	7	1994260	0.00244892587259632
21087	3746	3983	8	2131369	0.00244892587259632
21087	4073	4195	9	2342894	0.00244892587259632
21087	4256	4326	10	2267712	0.00244892587259632
21087	4384	4404	11	2332305	0.00244892587259632
21087	4528	4450	12	2427182	0.00244892587259632
21087	4662	4476	13	2488702	0.00244892587259632
21087	4728	4491	14	2521585	0.00244892587259632
21087	4769	4500	15	2547169	0.00244892587259632
21087	4788	4505	16	2563612	0.00244892587259632
21087	4802	4508	17	2575947	0.00244892587259632
21089	0	303	0	336	0.00785599125092638
21089	448	505	1	72651	0.00785599125092638
21089	2362	833	2	355470	0.00785599125092638
21089	6146	1359	3	795644	0.00785599125092638
21089	9232	2172	4	1423216	0.00785599125092638
21089	10201	3372	5	1697693	0.00785599125092638
21089	11180	5018	6	1900918	0.00785599125092638
21089	11632	7067	7	1994260	0.00785599125092638
21089	12480	9332	8	2131369	0.00785599125092638
21089	15089	11526	9	2342894	0.00785599125092638
21089	15693	13397	10	2267712	0.00785599125092638
21089	16932	14826	11	2332305	0.00785599125092638
21089	17543	15830	12	2427182	0.00785599125092638
21089	17868	16493	13	2488702	0.00785599125092638
21089	18053	16914	14	2521585	0.00785599125092638
21089	18216	17175	15	2547169	0.00785599125092638
21089	18368	17334	16	2563612	0.00785599125092638
21089	18520	17429	17	2575947	0.00785599125092638
21091	0	73	0	336	0.00195224672888996
21091	0	138	1	72651	0.00195224672888996
21091	902	257	2	355470	0.00195224672888996
21091	2049	468	3	795644	0.00195224672888996
21091	3056	819	4	1423216	0.00195224672888996
21091	3538	1349	5	1697693	0.00195224672888996
21091	3798	2039	6	1900918	0.00195224672888996
21091	3962	2782	7	1994260	0.00195224672888996
21091	4273	3437	8	2131369	0.00195224672888996
21091	4590	3919	9	2342894	0.00195224672888996
21091	4713	4229	10	2267712	0.00195224672888996
21091	4795	4412	11	2332305	0.00195224672888996
21091	4922	4513	12	2427182	0.00195224672888996
21091	5025	4569	13	2488702	0.00195224672888996
21091	5091	4598	14	2521585	0.00195224672888996
21091	5132	4613	15	2547169	0.00195224672888996
21091	5175	4622	16	2563612	0.00195224672888996
21091	5197	4626	17	2575947	0.00195224672888996
21093	0	1644	0	336	0.024835747826665
21093	1394	2858	1	72651	0.024835747826665
21093	5588	4896	2	355470	0.024835747826665
21093	17067	8186	3	795644	0.024835747826665
21093	30370	13183	4	1423216	0.024835747826665
21093	38704	20099	5	1697693	0.024835747826665
21093	46560	28543	6	1900918	0.024835747826665
21093	49197	37403	7	1994260	0.024835747826665
21093	53165	45338	8	2131369	0.024835747826665
21093	60796	51498	9	2342894	0.024835747826665
21093	58730	55771	10	2267712	0.024835747826665
21093	60876	58509	11	2332305	0.024835747826665
21093	63487	60174	12	2427182	0.024835747826665
21093	67290	61155	13	2488702	0.024835747826665
21093	68678	61723	14	2521585	0.024835747826665
21093	69392	62048	15	2547169	0.024835747826665
21093	69896	62232	16	2563612	0.024835747826665
21093	70276	62337	17	2575947	0.024835747826665
21095	0	1231	0	336	0.0058218226803976
21095	403	1843	1	72651	0.0058218226803976
21095	1775	2673	2	355470	0.0058218226803976
21095	3733	3717	3	795644	0.0058218226803976
21095	6723	4916	4	1423216	0.0058218226803976
21095	7497	6155	5	1697693	0.0058218226803976
21095	8119	7303	6	1900918	0.0058218226803976
21095	8498	8267	7	1994260	0.0058218226803976
21095	9035	9008	8	2131369	0.0058218226803976
21095	9963	9542	9	2342894	0.0058218226803976
21095	10929	9909	10	2267712	0.0058218226803976
21095	11258	10153	11	2332305	0.0058218226803976
21095	11534	10311	12	2427182	0.0058218226803976
21095	11755	10412	13	2488702	0.0058218226803976
21095	11902	10477	14	2521585	0.0058218226803976
21095	12017	10517	15	2547169	0.0058218226803976
21095	12077	10542	16	2563612	0.0058218226803976
21095	12124	10558	17	2575947	0.0058218226803976
21097	0	486	0	336	0.00422725656063011
21097	230	835	1	72651	0.00422725656063011
21097	1561	1392	2	355470	0.00422725656063011
21097	3779	2221	3	795644	0.00422725656063011
21097	5491	3323	4	1423216	0.00422725656063011
21097	6214	4596	5	1697693	0.00422725656063011
21097	6740	5845	6	1900918	0.00422725656063011
21097	6999	6890	7	1994260	0.00422725656063011
21097	7448	7653	8	2131369	0.00422725656063011
21097	7982	8157	9	2342894	0.00422725656063011
21097	8078	8468	10	2267712	0.00422725656063011
21097	8411	8652	11	2332305	0.00422725656063011
21097	9045	8758	12	2427182	0.00422725656063011
21097	9258	8818	13	2488702	0.00422725656063011
21097	9363	8853	14	2521585	0.00422725656063011
21097	9435	8872	15	2547169	0.00422725656063011
21097	9483	8882	16	2563612	0.00422725656063011
21097	9521	8888	17	2575947	0.00422725656063011
21099	0	629	0	336	0.00426060725572351
21099	174	989	1	72651	0.00426060725572351
21099	855	1508	2	355470	0.00426060725572351
21099	2102	2205	3	795644	0.00426060725572351
21099	3624	3051	4	1423216	0.00426060725572351
21099	4169	3967	5	1697693	0.00426060725572351
21099	4694	4841	6	1900918	0.00426060725572351
21099	4915	5580	7	1994260	0.00426060725572351
21099	5281	6144	8	2131369	0.00426060725572351
21099	5778	6541	9	2342894	0.00426060725572351
21099	6094	6806	10	2267712	0.00426060725572351
21099	6265	6975	11	2332305	0.00426060725572351
21099	6465	7082	12	2427182	0.00426060725572351
21099	6626	7147	13	2488702	0.00426060725572351
21099	6706	7187	14	2521585	0.00426060725572351
21099	6766	7211	15	2547169	0.00426060725572351
21099	6801	7226	16	2563612	0.00426060725572351
21099	6833	7235	17	2575947	0.00426060725572351
21101	0	636	0	336	0.0101193619139091
21101	843	1099	1	72651	0.0101193619139091
21101	2708	1872	2	355470	0.0101193619139091
21101	6549	3112	3	795644	0.0101193619139091
21101	11282	4981	4	1423216	0.0101193619139091
21101	14039	7546	5	1697693	0.0101193619139091
21101	15559	10655	6	1900918	0.0101193619139091
21101	16807	13898	7	1994260	0.0101193619139091
21101	18138	16793	8	2131369	0.0101193619139091
21101	19641	19039	9	2342894	0.0101193619139091
21101	20488	20600	10	2267712	0.0101193619139091
21101	20952	21603	11	2332305	0.0101193619139091
21101	21980	22215	12	2427182	0.0101193619139091
21101	22441	22578	13	2488702	0.0101193619139091
21101	22733	22789	14	2521585	0.0101193619139091
21101	22943	22910	15	2547169	0.0101193619139091
21101	23165	22979	16	2563612	0.0101193619139091
21101	23371	23018	17	2575947	0.0101193619139091
21103	0	293	0	336	0.00360948529581283
21103	146	539	1	72651	0.00360948529581283
21103	973	964	2	355470	0.00360948529581283
21103	2807	1651	3	795644	0.00360948529581283
21103	4860	2641	4	1423216	0.00360948529581283
21103	6031	3860	5	1697693	0.00360948529581283
21103	6623	5098	6	1900918	0.00360948529581283
21103	6915	6134	7	1994260	0.00360948529581283
21103	7421	6869	8	2131369	0.00360948529581283
21103	8170	7332	9	2342894	0.00360948529581283
21103	7790	7601	10	2267712	0.00360948529581283
21103	7970	7751	11	2332305	0.00360948529581283
21103	8235	7832	12	2427182	0.00360948529581283
21103	8468	7876	13	2488702	0.00360948529581283
21103	8562	7899	14	2521585	0.00360948529581283
21103	8648	7911	15	2547169	0.00360948529581283
21103	8693	7918	16	2563612	0.00360948529581283
21103	8722	7921	17	2575947	0.00360948529581283
21105	0	111	0	336	0.00098037613764481
21105	0	187	1	72651	0.00098037613764481
21105	176	306	2	355470	0.00098037613764481
21105	544	476	3	795644	0.00098037613764481
21105	882	696	4	1423216	0.00098037613764481
21105	1017	941	5	1697693	0.00098037613764481
21105	1117	1175	6	1900918	0.00098037613764481
21105	1193	1368	7	1994260	0.00098037613764481
21105	1287	1507	8	2131369	0.00098037613764481
21105	1396	1599	9	2342894	0.00098037613764481
21105	1469	1657	10	2267712	0.00098037613764481
21105	1506	1691	11	2332305	0.00098037613764481
21105	1552	1711	12	2427182	0.00098037613764481
21105	1594	1722	13	2488702	0.00098037613764481
21105	1618	1729	14	2521585	0.00098037613764481
21105	1636	1733	15	2547169	0.00098037613764481
21105	1643	1735	16	2563612	0.00098037613764481
21105	1648	1736	17	2575947	0.00098037613764481
21107	0	1220	0	336	0.0100020749056612
21107	959	2074	1	72651	0.0100020749056612
21107	4635	3424	2	355470	0.0100020749056612
21107	8675	5405	3	795644	0.0100020749056612
21107	13376	8015	4	1423216	0.0100020749056612
21107	14860	11008	5	1697693	0.0100020749056612
21107	16390	13938	6	1900918	0.0100020749056612
21107	17236	16394	7	1994260	0.0100020749056612
21107	18726	18199	8	2131369	0.0100020749056612
21107	20309	19402	9	2342894	0.0100020749056612
21107	20704	20152	10	2267712	0.0100020749056612
21107	21186	20600	11	2332305	0.0100020749056612
21107	22005	20862	12	2427182	0.0100020749056612
21107	22525	21012	13	2488702	0.0100020749056612
21107	22826	21097	14	2521585	0.0100020749056612
21107	23018	21145	15	2547169	0.0100020749056612
21107	23172	21173	16	2563612	0.0100020749056612
21107	23272	21188	17	2575947	0.0100020749056612
21109	0	442	0	336	0.00298343231476431
21109	116	684	1	72651	0.00298343231476431
21109	616	1028	2	355470	0.00298343231476431
21109	1595	1483	3	795644	0.00298343231476431
21109	2469	2034	4	1423216	0.00298343231476431
21109	2803	2633	5	1697693	0.00298343231476431
21109	3067	3210	6	1900918	0.00298343231476431
21109	3202	3707	7	1994260	0.00298343231476431
21109	3510	4095	8	2131369	0.00298343231476431
21109	3964	4375	9	2342894	0.00298343231476431
21109	4251	4565	10	2267712	0.00298343231476431
21109	4459	4691	11	2332305	0.00298343231476431
21109	4614	4771	12	2427182	0.00298343231476431
21109	4720	4821	13	2488702	0.00298343231476431
21109	4816	4852	14	2521585	0.00298343231476431
21109	4869	4871	15	2547169	0.00298343231476431
21109	4901	4883	16	2563612	0.00298343231476431
21109	4929	4891	17	2575947	0.00298343231476431
21111	0	6344	0	336	0.171623348441124
21111	14481	12926	1	72651	0.171623348441124
21111	70574	25959	2	355470	0.171623348441124
21111	139097	50701	3	795644	0.171623348441124
21111	276533	94113	4	1423216	0.171623348441124
21111	338155	160713	5	1697693	0.171623348441124
21111	382527	244425	6	1900918	0.171623348441124
21111	401374	326813	7	1994260	0.171623348441124
21111	425610	390518	8	2131369	0.171623348441124
21111	452171	431198	9	2342894	0.171623348441124
21111	436427	454091	10	2267712	0.171623348441124
21111	446314	466066	11	2332305	0.171623348441124
21111	467050	472092	12	2427182	0.171623348441124
21111	477445	475064	13	2488702	0.171623348441124
21111	483499	476516	14	2521585	0.171623348441124
21111	487763	477222	15	2547169	0.171623348441124
21111	491344	477565	16	2563612	0.171623348441124
21111	494175	477731	17	2575947	0.171623348441124
21113	0	855	0	336	0.0121125695636185
21113	974	1574	1	72651	0.0121125695636185
21113	4762	2832	2	355470	0.0121125695636185
21113	9862	4907	3	795644	0.0121125695636185
21113	16754	8010	4	1423216	0.0121125695636185
21113	19613	12034	5	1697693	0.0121125695636185
21113	22304	16389	6	1900918	0.0121125695636185
21113	23407	20268	7	1994260	0.0121125695636185
21113	24894	23167	8	2131369	0.0121125695636185
21113	27054	25063	9	2342894	0.0121125695636185
21113	25917	26197	10	2267712	0.0121125695636185
21113	26557	26839	11	2332305	0.0121125695636185
21113	27697	27191	12	2427182	0.0121125695636185
21113	28374	27381	13	2488702	0.0121125695636185
21113	28724	27483	14	2521585	0.0121125695636185
21113	28995	27537	15	2547169	0.0121125695636185
21113	29187	27565	16	2563612	0.0121125695636185
21113	29321	27581	17	2575947	0.0121125695636185
21115	0	1051	0	336	0.00496634377672672
21115	227	1557	1	72651	0.00496634377672672
21115	1806	2242	2	355470	0.00496634377672672
21115	4161	3113	3	795644	0.00496634377672672
21115	5864	4133	4	1423216	0.00496634377672672
21115	6566	5219	5	1697693	0.00496634377672672
21115	7189	6265	6	1900918	0.00496634377672672
21115	7502	7179	7	1994260	0.00496634377672672
21115	8162	7912	8	2131369	0.00496634377672672
21115	9258	8462	9	2342894	0.00496634377672672
21115	10135	8852	10	2267712	0.00496634377672672
21115	10403	9119	11	2332305	0.00496634377672672
21115	10697	9298	12	2427182	0.00496634377672672
21115	10903	9414	13	2488702	0.00496634377672672
21115	11017	9490	14	2521585	0.00496634377672672
21115	11132	9539	15	2547169	0.00496634377672672
21115	11182	9570	16	2563612	0.00496634377672672
21115	11212	9590	17	2575947	0.00496634377672672
21117	0	1008	0	336	0.0373791904644767
21117	1079	2077	1	72651	0.0373791904644767
21117	12058	4231	2	355470	0.0373791904644767
21117	27906	8412	3	795644	0.0373791904644767
21117	52383	15993	4	1423216	0.0373791904644767
21117	68219	28164	5	1697693	0.0373791904644767
21117	77854	44345	6	1900918	0.0373791904644767
21117	82268	61208	7	1994260	0.0373791904644767
21117	87885	74859	8	2131369	0.0373791904644767
21117	101952	83823	9	2342894	0.0373791904644767
21117	89310	88930	10	2267712	0.0373791904644767
21117	91761	91606	11	2332305	0.0373791904644767
21117	95990	92947	12	2427182	0.0373791904644767
21117	98171	93604	13	2488702	0.0373791904644767
21117	99466	93923	14	2521585	0.0373791904644767
21117	100563	94076	15	2547169	0.0373791904644767
21117	101153	94150	16	2563612	0.0373791904644767
21117	101672	94185	17	2575947	0.0373791904644767
21119	0	595	0	336	0.00331402947350892
21119	203	923	1	72651	0.00331402947350892
21119	1359	1390	2	355470	0.00331402947350892
21119	2978	2007	3	795644	0.00331402947350892
21119	4216	2749	4	1423216	0.00331402947350892
21119	4580	3547	5	1697693	0.00331402947350892
21119	4984	4308	6	1900918	0.00331402947350892
21119	5154	4954	7	1994260	0.00331402947350892
21119	5515	5451	8	2131369	0.00331402947350892
21119	6095	5806	9	2342894	0.00331402947350892
21119	6513	6045	10	2267712	0.00331402947350892
21119	6628	6200	11	2332305	0.00331402947350892
21119	6814	6298	12	2427182	0.00331402947350892
21119	6926	6359	13	2488702	0.00331402947350892
21119	6996	6397	14	2521585	0.00331402947350892
21119	7066	6421	15	2547169	0.00331402947350892
21119	7106	6435	16	2563612	0.00331402947350892
21119	7124	6444	17	2575947	0.00331402947350892
21121	0	1268	0	336	0.00697119059519352
21121	572	1920	1	72651	0.00697119059519352
21121	2179	2814	2	355470	0.00697119059519352
21121	4308	3952	3	795644	0.00697119059519352
21121	6540	5269	4	1423216	0.00697119059519352
21121	7303	6635	5	1697693	0.00697119059519352
21121	7968	7903	6	1900918	0.00697119059519352
21121	8271	8961	7	1994260	0.00697119059519352
21121	8765	9769	8	2131369	0.00697119059519352
21121	9603	10347	9	2342894	0.00697119059519352
21121	10227	10739	10	2267712	0.00697119059519352
21121	10537	10997	11	2332305	0.00697119059519352
21121	10860	11162	12	2427182	0.00697119059519352
21121	11097	11267	13	2488702	0.00697119059519352
21121	11222	11333	14	2521585	0.00697119059519352
21121	11305	11374	15	2547169	0.00697119059519352
21121	11384	11400	16	2563612	0.00697119059519352
21121	11440	11416	17	2575947	0.00697119059519352
21123	0	277	0	336	0.0032227067647968
21123	204	478	1	72651	0.0032227067647968
21123	519	804	2	355470	0.0032227067647968
21123	1695	1302	3	795644	0.0032227067647968
21123	3216	1997	4	1423216	0.0032227067647968
21123	3970	2848	5	1697693	0.0032227067647968
21123	4497	3742	6	1900918	0.0032227067647968
21123	4690	4543	7	1994260	0.0032227067647968
21123	5079	5162	8	2131369	0.0032227067647968
21123	5829	5589	9	2342894	0.0032227067647968
21123	5694	5861	10	2267712	0.0032227067647968
21123	5825	6026	11	2332305	0.0032227067647968
21123	6003	6122	12	2427182	0.0032227067647968
21123	6140	6177	13	2488702	0.0032227067647968
21123	6235	6209	14	2521585	0.0032227067647968
21123	6276	6226	15	2547169	0.0032227067647968
21123	6305	6236	16	2563612	0.0032227067647968
21123	6324	6242	17	2575947	0.0032227067647968
21125	0	2532	0	336	0.0136117840316424
21125	979	3865	1	72651	0.0136117840316424
21125	3739	5709	2	355470	0.0136117840316424
21125	8607	8074	3	795644	0.0136117840316424
21125	13251	10825	4	1423216	0.0136117840316424
21125	15339	13686	5	1697693	0.0136117840316424
21125	16788	16336	6	1900918	0.0136117840316424
21125	17924	18538	7	1994260	0.0136117840316424
21125	19532	20209	8	2131369	0.0136117840316424
21125	21797	21393	9	2342894	0.0136117840316424
21125	22196	22191	10	2267712	0.0136117840316424
21125	22876	22710	11	2332305	0.0136117840316424
21125	23628	23041	12	2427182	0.0136117840316424
21125	24015	23249	13	2488702	0.0136117840316424
21125	24325	23378	14	2521585	0.0136117840316424
21125	24539	23458	15	2547169	0.0136117840316424
21125	24690	23508	16	2563612	0.0136117840316424
21125	24762	23538	17	2575947	0.0136117840316424
21127	0	679	0	336	0.00342840668956748
21127	195	1006	1	72651	0.00342840668956748
21127	918	1450	2	355470	0.00342840668956748
21127	2625	2021	3	795644	0.00342840668956748
21127	4028	2697	4	1423216	0.00342840668956748
21127	4407	3428	5	1697693	0.00342840668956748
21127	4765	4145	6	1900918	0.00342840668956748
21127	4952	4783	7	1994260	0.00342840668956748
21127	5295	5304	8	2131369	0.00342840668956748
21127	5853	5699	9	2342894	0.00342840668956748
21127	6349	5984	10	2267712	0.00342840668956748
21127	6623	6181	11	2332305	0.00342840668956748
21127	7049	6313	12	2427182	0.00342840668956748
21127	7203	6401	13	2488702	0.00342840668956748
21127	7301	6458	14	2521585	0.00342840668956748
21127	7383	6494	15	2547169	0.00342840668956748
21127	7432	6518	16	2563612	0.00342840668956748
21127	7468	6533	17	2575947	0.00342840668956748
21129	0	318	0	336	0.00165701473675446
21129	88	496	1	72651	0.00165701473675446
21129	382	748	2	355470	0.00165701473675446
21129	915	1076	3	795644	0.00165701473675446
21129	1969	1462	4	1423216	0.00165701473675446
21129	2255	1864	5	1697693	0.00165701473675446
21129	2554	2235	6	1900918	0.00165701473675446
21129	2682	2539	7	1994260	0.00165701473675446
21129	2848	2765	8	2131369	0.00165701473675446
21129	3112	2922	9	2342894	0.00165701473675446
21129	3340	3025	10	2267712	0.00165701473675446
21129	3423	3090	11	2332305	0.00165701473675446
21129	3533	3131	12	2427182	0.00165701473675446
21129	3589	3156	13	2488702	0.00165701473675446
21129	3645	3172	14	2521585	0.00165701473675446
21129	3681	3181	15	2547169	0.00165701473675446
21129	3699	3187	16	2563612	0.00165701473675446
21129	3711	3190	17	2575947	0.00165701473675446
21131	0	564	0	336	0.00221077057340589
21131	0	822	1	72651	0.00221077057340589
21131	1227	1159	2	355470	0.00221077057340589
21131	2030	1570	3	795644	0.00221077057340589
21131	2856	2029	4	1423216	0.00221077057340589
21131	3193	2494	5	1697693	0.00221077057340589
21131	3446	2920	6	1900918	0.00221077057340589
21131	3619	3277	7	1994260	0.00221077057340589
21131	3810	3554	8	2131369	0.00221077057340589
21131	4378	3757	9	2342894	0.00221077057340589
21131	4677	3898	10	2267712	0.00221077057340589
21131	4790	3994	11	2332305	0.00221077057340589
21131	4904	4058	12	2427182	0.00221077057340589
21131	5002	4099	13	2488702	0.00221077057340589
21131	5070	4126	14	2521585	0.00221077057340589
21131	5131	4144	15	2547169	0.00221077057340589
21131	5166	4155	16	2563612	0.00221077057340589
21131	5198	4162	17	2575947	0.00221077057340589
21133	0	976	0	336	0.00482421161978506
21133	512	1515	1	72651	0.00482421161978506
21133	2221	2274	2	355470	0.00482421161978506
21133	5160	3263	3	795644	0.00482421161978506
21133	7173	4425	4	1423216	0.00482421161978506
21133	7693	5639	5	1697693	0.00482421161978506
21133	8153	6760	6	1900918	0.00482421161978506
21133	8384	7683	7	1994260	0.00482421161978506
21133	9027	8375	8	2131369	0.00482421161978506
21133	9851	8856	9	2342894	0.00482421161978506
21133	10488	9175	10	2267712	0.00482421161978506
21133	10740	9380	11	2332305	0.00482421161978506
21133	11010	9508	12	2427182	0.00482421161978506
21133	11196	9587	13	2488702	0.00482421161978506
21133	11339	9635	14	2521585	0.00482421161978506
21133	11428	9664	15	2547169	0.00482421161978506
21133	11473	9682	16	2563612	0.00482421161978506
21133	11510	9693	17	2575947	0.00482421161978506
21135	0	403	0	336	0.00297134548567006
21135	143	629	1	72651	0.00297134548567006
21135	620	958	2	355470	0.00297134548567006
21135	1350	1404	3	795644	0.00297134548567006
21135	2313	1963	4	1423216	0.00297134548567006
21135	2828	2593	5	1697693	0.00297134548567006
21135	3137	3223	6	1900918	0.00297134548567006
21135	3293	3785	7	1994260	0.00297134548567006
21135	3487	4235	8	2131369	0.00297134548567006
21135	4270	4566	9	2342894	0.00297134548567006
21135	4504	4795	10	2267712	0.00297134548567006
21135	4691	4946	11	2332305	0.00297134548567006
21135	4863	5044	12	2427182	0.00297134548567006
21135	5004	5105	13	2488702	0.00297134548567006
21135	5087	5143	14	2521585	0.00297134548567006
21135	5172	5166	15	2547169	0.00297134548567006
21135	5201	5181	16	2563612	0.00297134548567006
21135	5241	5190	17	2575947	0.00297134548567006
21137	13	642	0	336	0.00549480680434759
21137	368	1103	1	72651	0.00549480680434759
21137	1122	1831	2	355470	0.00549480680434759
21137	2939	2888	3	795644	0.00549480680434759
21137	5481	4245	4	1423216	0.00549480680434759
21137	6429	5736	5	1697693	0.00549480680434759
21137	7149	7121	6	1900918	0.00549480680434759
21137	7498	8221	7	1994260	0.00549480680434759
21137	8052	8989	8	2131369	0.00549480680434759
21137	8945	9479	9	2342894	0.00549480680434759
21137	9001	9774	10	2267712	0.00549480680434759
21137	9260	9946	11	2332305	0.00549480680434759
21137	9604	10044	12	2427182	0.00549480680434759
21137	9787	10098	13	2488702	0.00549480680434759
21137	9881	10129	14	2521585	0.00549480680434759
21137	10005	10146	15	2547169	0.00549480680434759
21137	10068	10156	16	2563612	0.00549480680434759
21137	10124	10161	17	2575947	0.00549480680434759
21139	0	132	0	336	0.00205789456838045
21139	114	238	1	72651	0.00205789456838045
21139	788	418	2	355470	0.00205789456838045
21139	1481	709	3	795644	0.00205789456838045
21139	2652	1143	4	1423216	0.00205789456838045
21139	2993	1709	5	1697693	0.00205789456838045
21139	3188	2338	6	1900918	0.00205789456838045
21139	3322	2922	7	1994260	0.00205789456838045
21139	3599	3380	8	2131369	0.00205789456838045
21139	3915	3694	9	2342894	0.00205789456838045
21139	4141	3890	10	2267712	0.00205789456838045
21139	4234	4006	11	2332305	0.00205789456838045
21139	4331	4071	12	2427182	0.00205789456838045
21139	4413	4108	13	2488702	0.00205789456838045
21139	4478	4128	14	2521585	0.00205789456838045
21139	4529	4139	15	2547169	0.00205789456838045
21139	4548	4145	16	2563612	0.00205789456838045
21139	4561	4148	17	2575947	0.00205789456838045
21141	0	717	0	336	0.00606624522430357
21141	468	1235	1	72651	0.00606624522430357
21141	1850	2062	2	355470	0.00606624522430357
21141	4469	3286	3	795644	0.00606624522430357
21141	7678	4903	4	1423216	0.00606624522430357
21141	8754	6749	5	1697693	0.00606624522430357
21141	9660	8536	6	1900918	0.00606624522430357
21141	10218	10009	7	1994260	0.00606624522430357
21141	11045	11070	8	2131369	0.00606624522430357
21141	12303	11764	9	2342894	0.00606624522430357
21141	12518	12189	10	2267712	0.00606624522430357
21141	12840	12438	11	2332305	0.00606624522430357
21141	13145	12582	12	2427182	0.00606624522430357
21141	13452	12663	13	2488702	0.00606624522430357
21141	13615	12708	14	2521585	0.00606624522430357
21141	13734	12734	15	2547169	0.00606624522430357
21141	13811	12748	16	2563612	0.00606624522430357
21141	13872	12756	17	2575947	0.00606624522430357
21143	0	105	0	336	0.00183764568266299
21143	145	215	1	72651	0.00183764568266299
21143	731	425	2	355470	0.00183764568266299
21143	1827	801	3	795644	0.00183764568266299
21143	3140	1385	4	1423216	0.00183764568266299
21143	3550	2126	5	1697693	0.00183764568266299
21143	3731	2857	6	1900918	0.00183764568266299
21143	3866	3418	7	1994260	0.00183764568266299
21143	4062	3773	8	2131369	0.00183764568266299
21143	4295	3969	9	2342894	0.00183764568266299
21143	4433	4070	10	2267712	0.00183764568266299
21143	4529	4121	11	2332305	0.00183764568266299
21143	4653	4145	12	2427182	0.00183764568266299
21143	4719	4157	13	2488702	0.00183764568266299
21143	4757	4162	14	2521585	0.00183764568266299
21143	4782	4165	15	2547169	0.00183764568266299
21143	4795	4166	16	2563612	0.00183764568266299
21143	4807	4167	17	2575947	0.00183764568266299
21145	0	667	0	336	0.0146425219571799
21145	1285	1274	1	72651	0.0146425219571799
21145	4833	2397	2	355470	0.0146425219571799
21145	11097	4375	3	795644	0.0146425219571799
21145	20149	7593	4	1423216	0.0146425219571799
21145	23908	12202	5	1697693	0.0146425219571799
21145	26222	17728	6	1900918	0.0146425219571799
21145	27282	23099	7	1994260	0.0146425219571799
21145	29375	27355	8	2131369	0.0146425219571799
21145	31913	30213	9	2342894	0.0146425219571799
21145	32761	31926	10	2267712	0.0146425219571799
21145	33578	32884	11	2332305	0.0146425219571799
21145	34672	33398	12	2427182	0.0146425219571799
21145	35550	33668	13	2488702	0.0146425219571799
21145	36007	33809	14	2521585	0.0146425219571799
21145	36324	33881	15	2547169	0.0146425219571799
21145	36556	33919	16	2563612	0.0146425219571799
21145	36737	33938	17	2575947	0.0146425219571799
21147	0	722	0	336	0.00385681763190815
21147	119	1171	1	72651	0.00385681763190815
21147	384	1807	2	355470	0.00385681763190815
21147	1665	2611	3	795644	0.00385681763190815
21147	3931	3494	4	1423216	0.00385681763190815
21147	4569	4323	5	1697693	0.00385681763190815
21147	4969	4995	6	1900918	0.00385681763190815
21147	5161	5478	7	1994260	0.00385681763190815
21147	5485	5796	8	2131369	0.00385681763190815
21147	6179	5994	9	2342894	0.00385681763190815
21147	6014	6112	10	2267712	0.00385681763190815
21147	6193	6181	11	2332305	0.00385681763190815
21147	6437	6221	12	2427182	0.00385681763190815
21147	6570	6244	13	2488702	0.00385681763190815
21147	6664	6257	14	2521585	0.00385681763190815
21147	6729	6264	15	2547169	0.00385681763190815
21147	6763	6268	16	2563612	0.00385681763190815
21147	6782	6271	17	2575947	0.00385681763190815
21149	0	89	0	336	0.00206080436056981
21149	129	158	1	72651	0.00206080436056981
21149	845	278	2	355470	0.00206080436056981
21149	1857	477	3	795644	0.00206080436056981
21149	2806	793	4	1423216	0.00206080436056981
21149	3089	1250	5	1697693	0.00206080436056981
21149	3322	1837	6	1900918	0.00206080436056981
21149	3475	2480	7	1994260	0.00206080436056981
21149	3763	3076	8	2131369	0.00206080436056981
21149	4084	3548	9	2342894	0.00206080436056981
21149	4245	3877	10	2267712	0.00206080436056981
21149	4346	4086	11	2332305	0.00206080436056981
21149	4497	4212	12	2427182	0.00206080436056981
21149	4600	4285	13	2488702	0.00206080436056981
21149	4654	4327	14	2521585	0.00206080436056981
21149	4693	4350	15	2547169	0.00206080436056981
21149	4708	4363	16	2563612	0.00206080436056981
21149	4722	4370	17	2575947	0.00206080436056981
21151	0	805	0	336	0.0208132958701319
21151	1055	1621	1	72651	0.0208132958701319
21151	5490	3202	2	355470	0.0208132958701319
21151	13333	6113	3	795644	0.0208132958701319
21151	25443	10982	4	1423216	0.0208132958701319
21151	29697	17959	5	1697693	0.0208132958701319
21151	32981	26025	6	1900918	0.0208132958701319
21151	34603	33326	7	1994260	0.0208132958701319
21151	36971	38610	8	2131369	0.0208132958701319
21151	41408	41846	9	2342894	0.0208132958701319
21151	39566	43630	10	2267712	0.0208132958701319
21151	40777	44557	11	2332305	0.0208132958701319
21151	42551	45023	12	2427182	0.0208132958701319
21151	42749	45254	13	2488702	0.0208132958701319
21151	43433	45368	14	2521585	0.0208132958701319
21151	44416	45423	15	2547169	0.0208132958701319
21151	44683	45450	16	2563612	0.0208132958701319
21151	44908	45464	17	2575947	0.0208132958701319
21153	0	505	0	336	0.00272199867805903
21153	161	761	1	72651	0.00272199867805903
21153	968	1118	2	355470	0.00272199867805903
21153	2373	1586	3	795644	0.00272199867805903
21153	3355	2155	4	1423216	0.00272199867805903
21153	3720	2784	5	1697693	0.00272199867805903
21153	4064	3410	6	1900918	0.00272199867805903
21153	4193	3972	7	1994260	0.00272199867805903
21153	4487	4432	8	2131369	0.00272199867805903
21153	5194	4781	9	2342894	0.00272199867805903
21153	5613	5030	10	2267712	0.00272199867805903
21153	5744	5200	11	2332305	0.00272199867805903
21153	5963	5314	12	2427182	0.00272199867805903
21153	6092	5388	13	2488702	0.00272199867805903
21153	6160	5435	14	2521585	0.00272199867805903
21153	6212	5466	15	2547169	0.00272199867805903
21153	6240	5485	16	2563612	0.00272199867805903
21153	6259	5497	17	2575947	0.00272199867805903
21155	0	589	0	336	0.00431387883580558
21155	224	1016	1	72651	0.00431387883580558
21155	743	1689	2	355470	0.00431387883580558
21155	2573	2659	3	795644	0.00431387883580558
21155	5273	3889	4	1423216	0.00431387883580558
21155	6382	5218	5	1697693	0.00431387883580558
21155	7228	6426	6	1900918	0.00431387883580558
21155	7565	7366	7	1994260	0.00431387883580558
21155	8080	8010	8	2131369	0.00431387883580558
21155	9149	8415	9	2342894	0.00431387883580558
21155	8641	8656	10	2267712	0.00431387883580558
21155	8860	8795	11	2332305	0.00431387883580558
21155	9210	8873	12	2427182	0.00431387883580558
21155	9457	8917	13	2488702	0.00431387883580558
21155	9597	8941	14	2521585	0.00431387883580558
21155	9681	8954	15	2547169	0.00431387883580558
21155	9745	8962	16	2563612	0.00431387883580558
21155	9776	8966	17	2575947	0.00431387883580558
21157	0	399	0	336	0.00696111823761497
21157	327	767	1	72651	0.00696111823761497
21157	1243	1441	2	355470	0.00696111823761497
21157	5235	2597	3	795644	0.00696111823761497
21157	10015	4379	4	1423216	0.00696111823761497
21157	11317	6718	5	1697693	0.00696111823761497
21157	12077	9217	6	1900918	0.00696111823761497
21157	12543	11360	7	1994260	0.00696111823761497
21157	13525	12879	8	2131369	0.00696111823761497
21157	14666	13817	9	2342894	0.00696111823761497
21157	15243	14346	10	2267712	0.00696111823761497
21157	15662	14631	11	2332305	0.00696111823761497
21157	16035	14780	12	2427182	0.00696111823761497
21157	16327	14856	13	2488702	0.00696111823761497
21157	16508	14896	14	2521585	0.00696111823761497
21157	16627	14915	15	2547169	0.00696111823761497
21157	16708	14926	16	2563612	0.00696111823761497
21157	16781	14931	17	2575947	0.00696111823761497
21159	0	627	0	336	0.00250577873537298
21159	124	931	1	72651	0.00250577873537298
21159	934	1335	2	355470	0.00250577873537298
21159	1961	1833	3	795644	0.00250577873537298
21159	3510	2391	4	1423216	0.00250577873537298
21159	3848	2953	5	1697693	0.00250577873537298
21159	4129	3462	6	1900918	0.00250577873537298
21159	4319	3880	7	1994260	0.00250577873537298
21159	4483	4197	8	2131369	0.00250577873537298
21159	5021	4424	9	2342894	0.00250577873537298
21159	5595	4578	10	2267712	0.00250577873537298
21159	5755	4680	11	2332305	0.00250577873537298
21159	5864	4746	12	2427182	0.00250577873537298
21159	5940	4788	13	2488702	0.00250577873537298
21159	5989	4815	14	2521585	0.00250577873537298
21159	6042	4832	15	2547169	0.00250577873537298
21159	6071	4843	16	2563612	0.00250577873537298
21159	6090	4849	17	2575947	0.00250577873537298
21161	0	398	0	336	0.00382078097479381
21161	244	732	1	72651	0.00382078097479381
21161	1140	1299	2	355470	0.00382078097479381
21161	3047	2178	3	795644	0.00382078097479381
21161	5327	3362	4	1423216	0.00382078097479381
21161	5986	4689	5	1697693	0.00382078097479381
21161	6478	5900	6	1900918	0.00382078097479381
21161	6788	6817	7	1994260	0.00382078097479381
21161	7148	7416	8	2131369	0.00382078097479381
21161	7891	7772	9	2342894	0.00382078097479381
21161	7815	7971	10	2267712	0.00382078097479381
21161	8014	8079	11	2332305	0.00382078097479381
21161	8299	8136	12	2427182	0.00382078097479381
21161	8488	8166	13	2488702	0.00382078097479381
21161	8591	8182	14	2521585	0.00382078097479381
21161	8668	8190	15	2547169	0.00382078097479381
21161	8710	8195	16	2563612	0.00382078097479381
21161	8744	8197	17	2575947	0.00382078097479381
21163	0	201	0	336	0.00639527557186929
21163	267	389	1	72651	0.00639527557186929
21163	847	743	2	355470	0.00639527557186929
21163	3151	1381	3	795644	0.00639527557186929
21163	5719	2449	4	1423216	0.00639527557186929
21163	7154	4037	5	1697693	0.00639527557186929
21163	8379	6023	6	1900918	0.00639527557186929
21163	8796	8032	7	1994260	0.00639527557186929
21163	9411	9672	8	2131369	0.00639527557186929
21163	10529	10793	9	2342894	0.00639527557186929
21163	9628	11469	10	2267712	0.00639527557186929
21163	9902	11846	11	2332305	0.00639527557186929
21163	10256	12047	12	2427182	0.00639527557186929
21163	10897	12152	13	2488702	0.00639527557186929
21163	11050	12206	14	2521585	0.00639527557186929
21163	11139	12234	15	2547169	0.00639527557186929
21163	11238	12248	16	2563612	0.00639527557186929
21163	11294	12256	17	2575947	0.00639527557186929
21165	0	163	0	336	0.00145243396282584
21165	0	288	1	72651	0.00145243396282584
21165	339	491	2	355470	0.00145243396282584
21165	999	794	3	795644	0.00145243396282584
21165	1645	1189	4	1423216	0.00145243396282584
21165	1919	1624	5	1697693	0.00145243396282584
21165	2111	2022	6	1900918	0.00145243396282584
21165	2200	2330	7	1994260	0.00145243396282584
21165	2304	2538	8	2131369	0.00145243396282584
21165	2541	2666	9	2342894	0.00145243396282584
21165	2632	2741	10	2267712	0.00145243396282584
21165	2690	2783	11	2332305	0.00145243396282584
21165	2770	2806	12	2427182	0.00145243396282584
21165	2811	2819	13	2488702	0.00145243396282584
21165	2852	2826	14	2521585	0.00145243396282584
21165	2877	2829	15	2547169	0.00145243396282584
21165	2888	2831	16	2563612	0.00145243396282584
21165	2900	2832	17	2575947	0.00145243396282584
21167	0	260	0	336	0.00490926708378165
21167	380	508	1	72651	0.00490926708378165
21167	1479	969	2	355470	0.00490926708378165
21167	3460	1776	3	795644	0.00490926708378165
21167	6328	3049	4	1423216	0.00490926708378165
21167	7949	4755	5	1697693	0.00490926708378165
21167	8955	6606	6	1900918	0.00490926708378165
21167	9402	8205	7	1994260	0.00490926708378165
21167	10033	9337	8	2131369	0.00490926708378165
21167	11115	10030	9	2342894	0.00490926708378165
21167	10771	10417	10	2267712	0.00490926708378165
21167	11096	10623	11	2332305	0.00490926708378165
21167	11457	10729	12	2427182	0.00490926708378165
21167	11649	10783	13	2488702	0.00490926708378165
21167	11772	10810	14	2521585	0.00490926708378165
21167	11897	10823	15	2547169	0.00490926708378165
21167	11982	10830	16	2563612	0.00490926708378165
21167	12037	10834	17	2575947	0.00490926708378165
21169	0	278	0	336	0.00225419362607783
21169	102	453	1	72651	0.00225419362607783
21169	588	719	2	355470	0.00225419362607783
21169	1348	1094	3	795644	0.00225419362607783
21169	2278	1575	4	1423216	0.00225419362607783
21169	2540	2119	5	1697693	0.00225419362607783
21169	2741	2655	6	1900918	0.00225419362607783
21169	2862	3116	7	1994260	0.00225419362607783
21169	3058	3468	8	2131369	0.00225419362607783
21169	3358	3713	9	2342894	0.00225419362607783
21169	3612	3873	10	2267712	0.00225419362607783
21169	3716	3973	11	2332305	0.00225419362607783
21169	3880	4034	12	2427182	0.00225419362607783
21169	3967	4070	13	2488702	0.00225419362607783
21169	4019	4092	14	2521585	0.00225419362607783
21169	4075	4105	15	2547169	0.00225419362607783
21169	4094	4112	16	2563612	0.00225419362607783
21169	4117	4116	17	2575947	0.00225419362607783
21171	0	376	0	336	0.00238379129358841
21171	260	615	1	72651	0.00238379129358841
21171	510	969	2	355470	0.00238379129358841
21171	1935	1448	3	795644	0.00238379129358841
21171	2953	2025	4	1423216	0.00238379129358841
21171	3252	2626	5	1697693	0.00238379129358841
21171	3448	3169	6	1900918	0.00238379129358841
21171	3577	3596	7	1994260	0.00238379129358841
21171	3817	3899	8	2131369	0.00238379129358841
21171	4188	4097	9	2342894	0.00238379129358841
21171	4438	4220	10	2267712	0.00238379129358841
21171	4560	4295	11	2332305	0.00238379129358841
21171	4685	4339	12	2427182	0.00238379129358841
21171	4799	4365	13	2488702	0.00238379129358841
21171	4854	4380	14	2521585	0.00238379129358841
21171	4902	4389	15	2547169	0.00238379129358841
21171	4928	4394	16	2563612	0.00238379129358841
21171	4943	4396	17	2575947	0.00238379129358841
21173	0	874	0	336	0.00630238605197829
21173	454	1514	1	72651	0.00630238605197829
21173	1513	2521	2	355470	0.00630238605197829
21173	3972	3956	3	795644	0.00630238605197829
21173	7657	5736	4	1423216	0.00630238605197829
21173	8947	7602	5	1697693	0.00630238605197829
21173	10048	9242	6	1900918	0.00630238605197829
21173	10473	10474	7	1994260	0.00630238605197829
21173	11220	11295	8	2131369	0.00630238605197829
21173	12353	11800	9	2342894	0.00630238605197829
21173	11620	12095	10	2267712	0.00630238605197829
21173	11912	12262	11	2332305	0.00630238605197829
21173	12398	12355	12	2427182	0.00630238605197829
21173	12701	12406	13	2488702	0.00630238605197829
21173	12912	12434	14	2521585	0.00630238605197829
21173	13056	12450	15	2547169	0.00630238605197829
21173	13151	12458	16	2563612	0.00630238605197829
21173	13286	12463	17	2575947	0.00630238605197829
21175	0	518	0	336	0.00297895571139607
21175	0	856	1	72651	0.00297895571139607
21175	1031	1357	2	355470	0.00297895571139607
21175	2012	2029	3	795644	0.00297895571139607
21175	4119	2821	4	1423216	0.00297895571139607
21175	4495	3620	5	1697693	0.00297895571139607
21175	4745	4311	6	1900918	0.00297895571139607
21175	4918	4834	7	1994260	0.00297895571139607
21175	5204	5190	8	2131369	0.00297895571139607
21175	5613	5416	9	2342894	0.00297895571139607
21175	5888	5553	10	2267712	0.00297895571139607
21175	6014	5633	11	2332305	0.00297895571139607
21175	6177	5680	12	2427182	0.00297895571139607
21175	6293	5707	13	2488702	0.00297895571139607
21175	6351	5722	14	2521585	0.00297895571139607
21175	6396	5731	15	2547169	0.00297895571139607
21175	6424	5736	16	2563612	0.00297895571139607
21175	6449	5738	17	2575947	0.00297895571139607
21177	0	826	0	336	0.00685412741711401
21177	406	1415	1	72651	0.00685412741711401
21177	2072	2353	2	355470	0.00685412741711401
21177	5541	3732	3	795644	0.00685412741711401
21177	9108	5546	4	1423216	0.00685412741711401
21177	10045	7613	5	1697693	0.00685412741711401
21177	10852	9611	6	1900918	0.00685412741711401
21177	11410	11261	7	1994260	0.00685412741711401
21177	12533	12455	8	2131369	0.00685412741711401
21177	13563	13238	9	2342894	0.00685412741711401
21177	14173	13719	10	2267712	0.00685412741711401
21177	14558	14003	11	2332305	0.00685412741711401
21177	15002	14167	12	2427182	0.00685412741711401
21177	15234	14260	13	2488702	0.00685412741711401
21177	15435	14312	14	2521585	0.00685412741711401
21177	15571	14342	15	2547169	0.00685412741711401
21177	15659	14358	16	2563612	0.00685412741711401
21177	15725	14368	17	2575947	0.00685412741711401
21179	0	456	0	336	0.0103483401761946
21179	630	949	1	72651	0.0103483401761946
21179	2265	1931	2	355470	0.0103483401761946
21179	6286	3754	3	795644	0.0103483401761946
21179	13304	6744	4	1423216	0.0103483401761946
21179	16406	10775	5	1697693	0.0103483401761946
21179	18692	14978	6	1900918	0.0103483401761946
21179	19482	18338	7	1994260	0.0103483401761946
21179	20770	20496	8	2131369	0.0103483401761946
21179	23841	21695	9	2342894	0.0103483401761946
21179	21309	22308	10	2267712	0.0103483401761946
21179	21907	22607	11	2332305	0.0103483401761946
21179	22871	22751	12	2427182	0.0103483401761946
21179	23430	22819	13	2488702	0.0103483401761946
21179	23749	22851	14	2521585	0.0103483401761946
21179	23974	22866	15	2547169	0.0103483401761946
21179	24226	22873	16	2563612	0.0103483401761946
21179	24306	22877	17	2575947	0.0103483401761946
21181	0	265	0	336	0.00162702149418724
21181	155	428	1	72651	0.00162702149418724
21181	660	670	2	355470	0.00162702149418724
21181	1515	1004	3	795644	0.00162702149418724
21181	2327	1418	4	1423216	0.00162702149418724
21181	2581	1870	5	1697693	0.00162702149418724
21181	2781	2302	6	1900918	0.00162702149418724
21181	2888	2662	7	1994260	0.00162702149418724
21181	3065	2931	8	2131369	0.00162702149418724
21181	3347	3116	9	2342894	0.00162702149418724
21181	3465	3236	10	2267712	0.00162702149418724
21181	3555	3311	11	2332305	0.00162702149418724
21181	3689	3356	12	2427182	0.00162702149418724
21181	3782	3383	13	2488702	0.00162702149418724
21181	3825	3400	14	2521585	0.00162702149418724
21181	3848	3409	15	2547169	0.00162702149418724
21181	3862	3415	16	2563612	0.00162702149418724
21181	3872	3418	17	2575947	0.00162702149418724
21183	0	621	0	336	0.0053705810608789
21183	287	1055	1	72651	0.0053705810608789
21183	1212	1736	2	355470	0.0053705810608789
21183	3216	2721	3	795644	0.0053705810608789
21183	5451	3987	4	1423216	0.0053705810608789
21183	6182	5394	5	1697693	0.0053705810608789
21183	6684	6723	6	1900918	0.0053705810608789
21183	6953	7801	7	1994260	0.0053705810608789
21183	7586	8571	8	2131369	0.0053705810608789
21183	8216	9072	9	2342894	0.0053705810608789
21183	8587	9380	10	2267712	0.0053705810608789
21183	8802	9562	11	2332305	0.0053705810608789
21183	9118	9667	12	2427182	0.0053705810608789
21183	9298	9727	13	2488702	0.0053705810608789
21183	9423	9761	14	2521585	0.0053705810608789
21183	9507	9780	15	2547169	0.0053705810608789
21183	9546	9791	16	2563612	0.0053705810608789
21183	9636	9797	17	2575947	0.0053705810608789
21185	0	612	0	336	0.014951631419757
21185	1371	1303	1	72651	0.014951631419757
21185	6186	2717	2	355470	0.014951631419757
21185	11318	5431	3	795644	0.014951631419757
21185	22632	10057	4	1423216	0.014951631419757
21185	27327	16550	5	1697693	0.014951631419757
21185	30427	23552	6	1900918	0.014951631419757
21185	31726	29253	7	1994260	0.014951631419757
21185	33559	32923	8	2131369	0.014951631419757
21185	35760	34942	9	2342894	0.014951631419757
21185	34376	35958	10	2267712	0.014951631419757
21185	34927	36445	11	2332305	0.014951631419757
21185	36795	36675	12	2427182	0.014951631419757
21185	37604	36781	13	2488702	0.014951631419757
21185	37964	36830	14	2521585	0.014951631419757
21185	38166	36853	15	2547169	0.014951631419757
21185	38342	36864	16	2563612	0.014951631419757
21185	38537	36868	17	2575947	0.014951631419757
21187	0	284	0	336	0.00243997266585983
21187	179	494	1	72651	0.00243997266585983
21187	542	826	2	355470	0.00243997266585983
21187	1544	1305	3	795644	0.00243997266585983
21187	2411	1909	4	1423216	0.00243997266585983
21187	2699	2553	5	1697693	0.00243997266585983
21187	3040	3130	6	1900918	0.00243997266585983
21187	3180	3570	7	1994260	0.00243997266585983
21187	3376	3867	8	2131369	0.00243997266585983
21187	3648	4051	9	2342894	0.00243997266585983
21187	3677	4158	10	2267712	0.00243997266585983
21187	3771	4220	11	2332305	0.00243997266585983
21187	3922	4254	12	2427182	0.00243997266585983
21187	4004	4273	13	2488702	0.00243997266585983
21187	4058	4283	14	2521585	0.00243997266585983
21187	4104	4289	15	2547169	0.00243997266585983
21187	4118	4292	16	2563612	0.00243997266585983
21187	4131	4294	17	2575947	0.00243997266585983
21189	0	225	0	336	0.000988210193539232
21189	0	331	1	72651	0.000988210193539232
21189	272	472	2	355470	0.000988210193539232
21189	710	646	3	795644	0.000988210193539232
21189	1168	844	4	1423216	0.000988210193539232
21189	1261	1046	5	1697693	0.000988210193539232
21189	1355	1234	6	1900918	0.000988210193539232
21189	1437	1392	7	1994260	0.000988210193539232
21189	1526	1515	8	2131369	0.000988210193539232
21189	1727	1605	9	2342894	0.000988210193539232
21189	1849	1668	10	2267712	0.000988210193539232
21189	1912	1710	11	2332305	0.000988210193539232
21189	1995	1738	12	2427182	0.000988210193539232
21189	2042	1756	13	2488702	0.000988210193539232
21189	2067	1768	14	2521585	0.000988210193539232
21189	2092	1776	15	2547169	0.000988210193539232
21189	2102	1780	16	2563612	0.000988210193539232
21189	2107	1783	17	2575947	0.000988210193539232
21191	0	139	0	336	0.00326568215713191
21191	172	254	1	72651	0.00326568215713191
21191	960	460	2	355470	0.00326568215713191
21191	2202	809	3	795644	0.00326568215713191
21191	3517	1361	4	1423216	0.00326568215713191
21191	4292	2145	5	1697693	0.00326568215713191
21191	4765	3099	6	1900918	0.00326568215713191
21191	4992	4066	7	1994260	0.00326568215713191
21191	5366	4881	8	2131369	0.00326568215713191
21191	5888	5467	9	2342894	0.00326568215713191
21191	5778	5842	10	2267712	0.00326568215713191
21191	5926	6064	11	2332305	0.00326568215713191
21191	6120	6190	12	2427182	0.00326568215713191
21191	6264	6259	13	2488702	0.00326568215713191
21191	6349	6297	14	2521585	0.00326568215713191
21191	6417	6318	15	2547169	0.00326568215713191
21191	6453	6329	16	2563612	0.00326568215713191
21191	6467	6335	17	2575947	0.00326568215713191
21193	0	1205	0	336	0.00576541747795776
21193	721	1830	1	72651	0.00576541747795776
21193	3575	2705	2	355470	0.00576541747795776
21193	6560	3853	3	795644	0.00576541747795776
21193	9048	5240	4	1423216	0.00576541747795776
21193	10020	6755	5	1697693	0.00576541747795776
21193	10882	8240	6	1900918	0.00576541747795776
21193	11332	9549	7	1994260	0.00576541747795776
21193	12167	10598	8	2131369	0.00576541747795776
21193	13606	11377	9	2342894	0.00576541747795776
21193	14503	11924	10	2267712	0.00576541747795776
21193	14851	12292	11	2332305	0.00576541747795776
21193	15255	12533	12	2427182	0.00576541747795776
21193	15535	12688	13	2488702	0.00576541747795776
21193	15816	12787	14	2521585	0.00576541747795776
21193	15976	12849	15	2547169	0.00576541747795776
21193	16053	12888	16	2563612	0.00576541747795776
21193	16110	12913	17	2575947	0.00576541747795776
21195	0	2736	0	336	0.0129543948270162
21195	1283	4152	1	72651	0.0129543948270162
21195	7659	6108	2	355470	0.0129543948270162
21195	15729	8622	3	795644	0.0129543948270162
21195	19211	11568	4	1423216	0.0129543948270162
21195	20261	14671	5	1697693	0.0129543948270162
21195	21524	17591	6	1900918	0.0129543948270162
21195	22111	20063	7	1994260	0.0129543948270162
21195	23508	21974	8	2131369	0.0129543948270162
21195	26274	23350	9	2342894	0.0129543948270162
21195	27926	24292	10	2267712	0.0129543948270162
21195	28605	24914	11	2332305	0.0129543948270162
21195	29552	25315	12	2427182	0.0129543948270162
21195	30018	25570	13	2488702	0.0129543948270162
21195	30301	25730	14	2521585	0.0129543948270162
21195	30496	25830	15	2547169	0.0129543948270162
21195	30616	25893	16	2563612	0.0129543948270162
21195	30713	25932	17	2575947	0.0129543948270162
21197	0	449	0	336	0.00276631705140461
21197	0	738	1	72651	0.00276631705140461
21197	507	1172	2	355470	0.00276631705140461
21197	2086	1771	3	795644	0.00276631705140461
21197	3478	2508	4	1423216	0.00276631705140461
21197	4140	3296	5	1697693	0.00276631705140461
21197	4686	4022	6	1900918	0.00276631705140461
21197	4941	4606	7	1994260	0.00276631705140461
21197	5220	5025	8	2131369	0.00276631705140461
21197	5735	5302	9	2342894	0.00276631705140461
21197	5811	5476	10	2267712	0.00276631705140461
21197	5987	5581	11	2332305	0.00276631705140461
21197	6180	5643	12	2427182	0.00276631705140461
21197	6326	5680	13	2488702	0.00276631705140461
21197	6410	5701	14	2521585	0.00276631705140461
21197	6493	5713	15	2547169	0.00276631705140461
21197	6541	5720	16	2563612	0.00276631705140461
21197	6561	5724	17	2575947	0.00276631705140461
21199	18	1908	0	336	0.0145442605132471
21199	905	3291	1	72651	0.0145442605132471
21199	3995	5464	2	355470	0.0145442605132471
21199	8842	8571	3	795644	0.0145442605132471
21199	16322	12460	4	1423216	0.0145442605132471
21199	19390	16592	5	1697693	0.0145442605132471
21199	21637	20283	6	1900918	0.0145442605132471
21199	22900	23104	7	1994260	0.0145442605132471
21199	24810	25014	8	2131369	0.0145442605132471
21199	27306	26203	9	2342894	0.0145442605132471
21199	25868	26905	10	2267712	0.0145442605132471
21199	27533	27307	11	2332305	0.0145442605132471
21199	28496	27532	12	2427182	0.0145442605132471
21199	29158	27658	13	2488702	0.0145442605132471
21199	29631	27727	14	2521585	0.0145442605132471
21199	29908	27765	15	2547169	0.0145442605132471
21199	30120	27786	16	2563612	0.0145442605132471
21199	30231	27798	17	2575947	0.0145442605132471
21201	0	25	0	336	0.000471833995012616
21201	0	49	1	72651	0.000471833995012616
21201	137	94	2	355470	0.000471833995012616
21201	385	171	3	795644	0.000471833995012616
21201	520	287	4	1423216	0.000471833995012616
21201	577	433	5	1697693	0.000471833995012616
21201	618	577	6	1900918	0.000471833995012616
21201	641	690	7	1994260	0.000471833995012616
21201	681	764	8	2131369	0.000471833995012616
21201	714	807	9	2342894	0.000471833995012616
21201	727	831	10	2267712	0.000471833995012616
21201	749	842	11	2332305	0.000471833995012616
21201	777	848	12	2427182	0.000471833995012616
21201	797	851	13	2488702	0.000471833995012616
21201	803	853	14	2521585	0.000471833995012616
21201	811	854	15	2547169	0.000471833995012616
21201	815	854	16	2563612	0.000471833995012616
21201	815	854	17	2575947	0.000471833995012616
21203	0	723	0	336	0.00373684466163929
21203	323	1075	1	72651	0.00373684466163929
21203	894	1551	2	355470	0.00373684466163929
21203	1983	2152	3	795644	0.00373684466163929
21203	3566	2849	4	1423216	0.00373684466163929
21203	4061	3579	5	1697693	0.00373684466163929
21203	4447	4270	6	1900918	0.00373684466163929
21203	4676	4863	7	1994260	0.00373684466163929
21203	4977	5329	8	2131369	0.00373684466163929
21203	5387	5671	9	2342894	0.00373684466163929
21203	5824	5911	10	2267712	0.00373684466163929
21203	6104	6073	11	2332305	0.00373684466163929
21203	6358	6180	12	2427182	0.00373684466163929
21203	6501	6249	13	2488702	0.00373684466163929
21203	6622	6294	14	2521585	0.00373684466163929
21203	6721	6322	15	2547169	0.00373684466163929
21203	6768	6340	16	2563612	0.00373684466163929
21203	6794	6352	17	2575947	0.00373684466163929
21205	0	664	0	336	0.00547488591935891
21205	537	1101	1	72651	0.00547488591935891
21205	2296	1779	2	355470	0.00547488591935891
21205	4346	2771	3	795644	0.00547488591935891
21205	7498	4097	4	1423216	0.00547488591935891
21205	8351	5675	5	1697693	0.00547488591935891
21205	9065	7309	6	1900918	0.00547488591935891
21205	9447	8776	7	1994260	0.00547488591935891
21205	10035	9934	8	2131369	0.00547488591935891
21205	11021	10759	9	2342894	0.00547488591935891
21205	11281	11303	10	2267712	0.00547488591935891
21205	11603	11646	11	2332305	0.00547488591935891
21205	12064	11854	12	2427182	0.00547488591935891
21205	12305	11979	13	2488702	0.00547488591935891
21205	12456	12053	14	2521585	0.00547488591935891
21205	12694	12096	15	2547169	0.00547488591935891
21205	12795	12121	16	2563612	0.00547488591935891
21205	12834	12136	17	2575947	0.00547488591935891
21207	0	792	0	336	0.0040117081084493
21207	279	1253	1	72651	0.0040117081084493
21207	947	1903	2	355470	0.0040117081084493
21207	2686	2736	3	795644	0.0040117081084493
21207	4891	3684	4	1423216	0.0040117081084493
21207	5501	4625	5	1697693	0.0040117081084493
21207	5911	5442	6	1900918	0.0040117081084493
21207	6211	6072	7	1994260	0.0040117081084493
21207	6722	6515	8	2131369	0.0040117081084493
21207	7305	6807	9	2342894	0.0040117081084493
21207	7441	6991	10	2267712	0.0040117081084493
21207	7608	7103	11	2332305	0.0040117081084493
21207	7872	7171	12	2427182	0.0040117081084493
21207	8013	7212	13	2488702	0.0040117081084493
21207	8113	7236	14	2521585	0.0040117081084493
21207	8188	7250	15	2547169	0.0040117081084493
21207	8232	7258	16	2563612	0.0040117081084493
21207	8261	7263	17	2575947	0.0040117081084493
21209	0	359	0	336	0.0127592149201609
21209	713	769	1	72651	0.0127592149201609
21209	4483	1622	2	355470	0.0127592149201609
21209	10472	3317	3	795644	0.0127592149201609
21209	19816	6391	4	1423216	0.0127592149201609
21209	23031	11145	5	1697693	0.0127592149201609
21209	26037	16947	6	1900918	0.0127592149201609
21209	27330	22290	7	1994260	0.0127592149201609
21209	29228	26074	8	2131369	0.0127592149201609
21209	32230	28285	9	2342894	0.0127592149201609
21209	28120	29433	10	2267712	0.0127592149201609
21209	28902	29994	11	2332305	0.0127592149201609
21209	30327	30260	12	2427182	0.0127592149201609
21209	30980	30383	13	2488702	0.0127592149201609
21209	31366	30441	14	2521585	0.0127592149201609
21209	31657	30467	15	2547169	0.0127592149201609
21209	31818	30479	16	2563612	0.0127592149201609
21209	31952	30485	17	2575947	0.0127592149201609
21211	0	302	0	336	0.0109730501762327
21211	471	625	1	72651	0.0109730501762327
21211	2634	1274	2	355470	0.0109730501762327
21211	6606	2527	3	795644	0.0109730501762327
21211	12992	4752	4	1423216	0.0109730501762327
21211	15842	8187	5	1697693	0.0109730501762327
21211	18254	12492	6	1900918	0.0109730501762327
21211	19212	16668	7	1994260	0.0109730501762327
21211	20526	19826	8	2131369	0.0109730501762327
21211	22258	21794	9	2342894	0.0109730501762327
21211	20335	22876	10	2267712	0.0109730501762327
21211	20903	23431	11	2332305	0.0109730501762327
21211	21935	23705	12	2427182	0.0109730501762327
21211	22389	23837	13	2488702	0.0109730501762327
21211	22676	23901	14	2521585	0.0109730501762327
21211	22883	23932	15	2547169	0.0109730501762327
21211	23030	23946	16	2563612	0.0109730501762327
21211	23139	23953	17	2575947	0.0109730501762327
21213	0	190	0	336	0.00415697388774872
21213	258	367	1	72651	0.00415697388774872
21213	1203	695	2	355470	0.00415697388774872
21213	3022	1275	3	795644	0.00415697388774872
21213	5213	2209	4	1423216	0.00415697388774872
21213	6094	3521	5	1697693	0.00415697388774872
21213	6863	5042	6	1900918	0.00415697388774872
21213	7216	6458	7	1994260	0.00415697388774872
21213	7792	7533	8	2131369	0.00415697388774872
21213	8542	8229	9	2342894	0.00415697388774872
21213	8514	8634	10	2267712	0.00415697388774872
21213	8683	8856	11	2332305	0.00415697388774872
21213	8898	8973	12	2427182	0.00415697388774872
21213	9123	9033	13	2488702	0.00415697388774872
21213	9253	9064	14	2521585	0.00415697388774872
21213	9346	9080	15	2547169	0.00415697388774872
21213	9414	9088	16	2563612	0.00415697388774872
21213	9463	9092	17	2575947	0.00415697388774872
21215	0	203	0	336	0.00433133758894172
21215	0	363	1	72651	0.00433133758894172
21215	602	637	2	355470	0.00433133758894172
21215	1457	1086	3	795644	0.00433133758894172
21215	2563	1769	4	1423216	0.00433133758894172
21215	3147	2699	5	1697693	0.00433133758894172
21215	3689	3790	6	1900918	0.00433133758894172
21215	4007	4866	7	1994260	0.00433133758894172
21215	4500	5763	8	2131369	0.00433133758894172
21215	5315	6409	9	2342894	0.00433133758894172
21215	4903	6829	10	2267712	0.00433133758894172
21215	5110	7083	11	2332305	0.00433133758894172
21215	5430	7230	12	2427182	0.00433133758894172
21215	5604	7313	13	2488702	0.00433133758894172
21215	5720	7360	14	2521585	0.00433133758894172
21215	5785	7385	15	2547169	0.00433133758894172
21215	5826	7400	16	2563612	0.00433133758894172
21215	5869	7407	17	2575947	0.00433133758894172
21217	0	638	0	336	0.0057678796098103
21217	454	1178	1	72651	0.0057678796098103
21217	1083	2090	2	355470	0.0057678796098103
21217	2889	3474	3	795644	0.0057678796098103
21217	6879	5271	4	1423216	0.0057678796098103
21217	8237	7183	5	1697693	0.0057678796098103
21217	9271	8831	6	1900918	0.0057678796098103
21217	9909	10014	7	1994260	0.0057678796098103
21217	10689	10756	8	2131369	0.0057678796098103
21217	11882	11183	9	2342894	0.0057678796098103
21217	11197	11416	10	2267712	0.0057678796098103
21217	11469	11539	11	2332305	0.0057678796098103
21217	11834	11604	12	2427182	0.0057678796098103
21217	12087	11638	13	2488702	0.0057678796098103
21217	12241	11655	14	2521585	0.0057678796098103
21217	12357	11664	15	2547169	0.0057678796098103
21217	12413	11669	16	2563612	0.0057678796098103
21217	12461	11671	17	2575947	0.0057678796098103
21219	0	434	0	336	0.00275176809045783
21219	0	664	1	72651	0.00275176809045783
21219	498	990	2	355470	0.00275176809045783
21219	1394	1426	3	795644	0.00275176809045783
21219	2376	1961	4	1423216	0.00275176809045783
21219	2929	2557	5	1697693	0.00275176809045783
21219	3238	3153	6	1900918	0.00275176809045783
21219	3438	3686	7	1994260	0.00275176809045783
21219	3815	4118	8	2131369	0.00275176809045783
21219	4286	4442	9	2342894	0.00275176809045783
21219	4552	4670	10	2267712	0.00275176809045783
21219	4763	4824	11	2332305	0.00275176809045783
21219	4904	4925	12	2427182	0.00275176809045783
21219	5022	4990	13	2488702	0.00275176809045783
21219	5120	5031	14	2521585	0.00275176809045783
21219	5178	5057	15	2547169	0.00275176809045783
21219	5216	5073	16	2563612	0.00275176809045783
21219	5257	5083	17	2575947	0.00275176809045783
21221	0	131	0	336	0.00327933579740505
21221	269	234	1	72651	0.00327933579740505
21221	1414	412	2	355470	0.00327933579740505
21221	2845	710	3	795644	0.00327933579740505
21221	4029	1184	4	1423216	0.00327933579740505
21221	4495	1876	5	1697693	0.00327933579740505
21221	4953	2773	6	1900918	0.00327933579740505
21221	5263	3769	7	1994260	0.00327933579740505
21221	5614	4702	8	2131369	0.00327933579740505
21221	5982	5448	9	2342894	0.00327933579740505
21221	6235	5971	10	2267712	0.00327933579740505
21221	6435	6306	11	2332305	0.00327933579740505
21221	6608	6507	12	2427182	0.00327933579740505
21221	6704	6625	13	2488702	0.00327933579740505
21221	6791	6691	14	2521585	0.00327933579740505
21221	6857	6728	15	2547169	0.00327933579740505
21221	6902	6749	16	2563612	0.00327933579740505
21221	6935	6761	17	2575947	0.00327933579740505
21223	0	149	0	336	0.00189606535661853
21223	101	264	1	72651	0.00189606535661853
21223	423	457	2	355470	0.00189606535661853
21223	1072	759	3	795644	0.00189606535661853
21223	1825	1189	4	1423216	0.00189606535661853
21223	2415	1720	5	1697693	0.00189606535661853
21223	2742	2276	6	1900918	0.00189606535661853
21223	2904	2764	7	1994260	0.00189606535661853
21223	3135	3130	8	2131369	0.00189606535661853
21223	3387	3374	9	2342894	0.00189606535661853
21223	3306	3524	10	2267712	0.00189606535661853
21223	3372	3612	11	2332305	0.00189606535661853
21223	3497	3661	12	2427182	0.00189606535661853
21223	3575	3689	13	2488702	0.00189606535661853
21223	3646	3704	14	2521585	0.00189606535661853
21223	3688	3713	15	2547169	0.00189606535661853
21223	3712	3718	16	2563612	0.00189606535661853
21223	3729	3720	17	2575947	0.00189606535661853
21225	0	366	0	336	0.00321890165193379
21225	120	599	1	72651	0.00321890165193379
21225	701	954	2	355470	0.00321890165193379
21225	1812	1464	3	795644	0.00321890165193379
21225	3073	2135	4	1423216	0.00321890165193379
21225	3442	2922	5	1697693	0.00321890165193379
21225	3898	3730	6	1900918	0.00321890165193379
21225	4110	4452	7	1994260	0.00321890165193379
21225	4413	5024	8	2131369	0.00321890165193379
21225	5018	5435	9	2342894	0.00321890165193379
21225	5304	5708	10	2267712	0.00321890165193379
21225	5447	5883	11	2332305	0.00321890165193379
21225	5682	5990	12	2427182	0.00321890165193379
21225	5865	6055	13	2488702	0.00321890165193379
21225	5964	6094	14	2521585	0.00321890165193379
21225	6026	6117	15	2547169	0.00321890165193379
21225	6073	6130	16	2563612	0.00321890165193379
21225	6117	6138	17	2575947	0.00321890165193379
21227	0	1488	0	336	0.0297461340612887
21227	2634	2915	1	72651	0.0297461340612887
21227	8935	5584	2	355470	0.0297461340612887
21227	19557	10268	3	795644	0.0297461340612887
21227	31726	17644	4	1423216	0.0297461340612887
21227	37031	27483	5	1697693	0.0297461340612887
21227	41545	38059	6	1900918	0.0297461340612887
21227	43950	47089	7	1994260	0.0297461340612887
21227	47923	53404	8	2131369	0.0297461340612887
21227	55079	57228	9	2342894	0.0297461340612887
21227	45631	59346	10	2267712	0.0297461340612887
21227	46881	60461	11	2332305	0.0297461340612887
21227	48614	61033	12	2427182	0.0297461340612887
21227	49736	61322	13	2488702	0.0297461340612887
21227	50646	61467	14	2521585	0.0297461340612887
21227	51167	61539	15	2547169	0.0297461340612887
21227	51465	61575	16	2563612	0.0297461340612887
21227	51741	61594	17	2575947	0.0297461340612887
21229	0	297	0	336	0.00270722588694383
21229	149	544	1	72651	0.00270722588694383
21229	589	959	2	355470	0.00270722588694383
21229	1883	1594	3	795644	0.00270722588694383
21229	3499	2433	4	1423216	0.00270722588694383
21229	4118	3354	5	1697693	0.00270722588694383
21229	4594	4179	6	1900918	0.00270722588694383
21229	4794	4793	7	1994260	0.00270722588694383
21229	5123	5192	8	2131369	0.00270722588694383
21229	5672	5427	9	2342894	0.00270722588694383
21229	5578	5558	10	2267712	0.00270722588694383
21229	5709	5629	11	2332305	0.00270722588694383
21229	5892	5667	12	2427182	0.00270722588694383
21229	5990	5687	13	2488702	0.00270722588694383
21229	6074	5698	14	2521585	0.00270722588694383
21229	6131	5703	15	2547169	0.00270722588694383
21229	6189	5706	16	2563612	0.00270722588694383
21229	6221	5707	17	2575947	0.00270722588694383
21231	0	566	0	336	0.00455113881432235
21231	175	925	1	72651	0.00455113881432235
21231	541	1469	2	355470	0.00455113881432235
21231	1835	2236	3	795644	0.00455113881432235
21231	4412	3217	4	1423216	0.00455113881432235
21231	4943	4326	5	1697693	0.00455113881432235
21231	5456	5417	6	1900918	0.00455113881432235
21231	5748	6353	7	1994260	0.00455113881432235
21231	6136	7065	8	2131369	0.00455113881432235
21231	7044	7561	9	2342894	0.00455113881432235
21231	7389	7884	10	2267712	0.00455113881432235
21231	7732	8086	11	2332305	0.00455113881432235
21231	8043	8209	12	2427182	0.00455113881432235
21231	8276	8282	13	2488702	0.00455113881432235
21231	8393	8326	14	2521585	0.00455113881432235
21231	8496	8351	15	2547169	0.00455113881432235
21231	8570	8366	16	2563612	0.00455113881432235
21231	8611	8375	17	2575947	0.00455113881432235
21233	0	480	0	336	0.00289681003958884
21233	0	749	1	72651	0.00289681003958884
21233	888	1136	2	355470	0.00289681003958884
21233	2032	1654	3	795644	0.00289681003958884
21233	3238	2287	4	1423216	0.00289681003958884
21233	3637	2979	5	1697693	0.00289681003958884
21233	3955	3650	6	1900918	0.00289681003958884
21233	4216	4227	7	1994260	0.00289681003958884
21233	4684	4675	8	2131369	0.00289681003958884
21233	5195	4997	9	2342894	0.00289681003958884
21233	5441	5215	10	2267712	0.00289681003958884
21233	5559	5356	11	2332305	0.00289681003958884
21233	5728	5446	12	2427182	0.00289681003958884
21233	5827	5502	13	2488702	0.00289681003958884
21233	5888	5537	14	2521585	0.00289681003958884
21233	5931	5558	15	2547169	0.00289681003958884
21233	5966	5571	16	2563612	0.00289681003958884
21233	5993	5579	17	2575947	0.00289681003958884
21235	0	1567	0	336	0.00811697722729483
21235	688	2406	1	72651	0.00811697722729483
21235	2910	3573	2	355470	0.00811697722729483
21235	6210	5071	3	795644	0.00811697722729483
21235	9199	6812	4	1423216	0.00811697722729483
21235	10413	8613	5	1697693	0.00811697722729483
21235	11339	10268	6	1900918	0.00811697722729483
21235	11913	11629	7	1994260	0.00811697722729483
21235	12652	12651	8	2131369	0.00811697722729483
21235	13730	13367	9	2342894	0.00811697722729483
21235	14308	13845	10	2267712	0.00811697722729483
21235	14818	14153	11	2332305	0.00811697722729483
21235	15359	14347	12	2427182	0.00811697722729483
21235	15641	14469	13	2488702	0.00811697722729483
21235	15846	14544	14	2521585	0.00811697722729483
21235	16004	14590	15	2547169	0.00811697722729483
21235	16135	14618	16	2563612	0.00811697722729483
21235	16226	14635	17	2575947	0.00811697722729483
21237	0	260	0	336	0.00160195251532509
21237	180	410	1	72651	0.00160195251532509
21237	630	628	2	355470	0.00160195251532509
21237	1305	928	3	795644	0.00160195251532509
21237	2217	1304	4	1423216	0.00160195251532509
21237	2436	1727	5	1697693	0.00160195251532509
21237	2664	2148	6	1900918	0.00160195251532509
21237	2777	2519	7	1994260	0.00160195251532509
21237	2936	2813	8	2131369	0.00160195251532509
21237	3228	3027	9	2342894	0.00160195251532509
21237	3467	3172	10	2267712	0.00160195251532509
21237	3563	3268	11	2332305	0.00160195251532509
21237	3642	3328	12	2427182	0.00160195251532509
21237	3731	3365	13	2488702	0.00160195251532509
21237	3800	3389	14	2521585	0.00160195251532509
21237	3842	3403	15	2547169	0.00160195251532509
21237	3858	3411	16	2563612	0.00160195251532509
21237	3869	3416	17	2575947	0.00160195251532509
21239	0	232	0	336	0.00598387572232793
21239	585	535	1	72651	0.00598387572232793
21239	2818	1204	2	355470	0.00598387572232793
21239	6782	2570	3	795644	0.00598387572232793
21239	11781	4976	4	1423216	0.00598387572232793
21239	13416	8271	5	1697693	0.00598387572232793
21239	14912	11516	6	1900918	0.00598387572232793
21239	15510	13826	7	1994260	0.00598387572232793
21239	16425	15116	8	2131369	0.00598387572232793
21239	17833	15741	9	2342894	0.00598387572232793
21239	15731	16024	10	2267712	0.00598387572232793
21239	16208	16147	11	2332305	0.00598387572232793
21239	16970	16200	12	2427182	0.00598387572232793
21239	17305	16222	13	2488702	0.00598387572232793
21239	17474	16232	14	2521585	0.00598387572232793
21239	17608	16236	15	2547169	0.00598387572232793
21239	17711	16238	16	2563612	0.00598387572232793
21239	17783	16239	17	2575947	0.00598387572232793
