1152	6
22001	0	1980	0	280	0.0133464722248394
22001	624	2972	1	101573	0.0133464722248394
22001	4064	4380	2	383110	0.0133464722248394
22001	8649	6293	3	783018	0.0133464722248394
22001	13874	8743	4	1255925	0.0133464722248394
22001	17151	11655	5	1482074	0.0133464722248394
22001	19064	14822	6	1631894	0.0133464722248394
22001	20343	17953	7	1723874	0.0133464722248394
22001	24446	20768	8	1936714	0.0133464722248394
22001	28307	23091	9	2115775	0.0133464722248394
22001	29720	24877	10	2218262	0.0133464722248394
22001	30497	26176	11	2275106	0.0133464722248394
22001	31297	27084	12	2342010	0.0133464722248394
22001	32067	27700	13	2408521	0.0133464722248394
22001	32467	28111	14	2443839	0.0133464722248394
22001	32736	28381	15	2472634	0.0133464722248394
22001	32877	28556	16	2486429	0.0133464722248394
22001	33007	28671	17	2497357	0.0133464722248394
22003	0	861	0	280	0.00551261251842951
22003	256	1320	1	101573	0.00551261251842951
22003	988	1970	2	383110	0.00551261251842951
22003	2498	2834	3	783018	0.00551261251842951
22003	3824	3888	4	1255925	0.00551261251842951
22003	4946	5052	5	1482074	0.00551261251842951
22003	5591	6201	6	1631894	0.00551261251842951
22003	6218	7217	7	1723874	0.00551261251842951
22003	6981	8031	8	1936714	0.00551261251842951
22003	7919	8635	9	2115775	0.00551261251842951
22003	8378	9056	10	2218262	0.00551261251842951
22003	8564	9337	11	2275106	0.00551261251842951
22003	8773	9521	12	2342010	0.00551261251842951
22003	8979	9638	13	2408521	0.00551261251842951
22003	9123	9712	14	2443839	0.00551261251842951
22003	9206	9758	15	2472634	0.00551261251842951
22003	9251	9787	16	2486429	0.00551261251842951
22003	9295	9805	17	2497357	0.00551261251842951
22005	0	886	0	280	0.0272337298662836
22005	2043	1558	1	101573	0.0272337298662836
22005	8298	2715	2	383110	0.0272337298662836
22005	17631	4670	3	783018	0.0272337298662836
22005	30061	7852	4	1255925	0.0272337298662836
22005	36487	12739	5	1482074	0.0272337298662836
22005	40481	19612	6	1631894	0.0272337298662836
22005	42989	28167	7	1723874	0.0272337298662836
22005	49738	37338	8	1936714	0.0272337298662836
22005	54878	45718	9	2115775	0.0272337298662836
22005	57387	52331	10	2218262	0.0272337298662836
22005	59033	56970	11	2275106	0.0272337298662836
22005	60982	59964	12	2342010	0.0272337298662836
22005	62720	61791	13	2408521	0.0272337298662836
22005	63446	62870	14	2443839	0.0272337298662836
22005	64235	63495	15	2472634	0.0272337298662836
22005	64551	63851	16	2486429	0.0272337298662836
22005	64787	64054	17	2497357	0.0272337298662836
22007	0	617	0	280	0.00470896322788233
22007	227	965	1	101573	0.00470896322788233
22007	1549	1480	2	383110	0.00470896322788233
22007	2958	2200	3	783018	0.00470896322788233
22007	4662	3140	4	1255925	0.00470896322788233
22007	5415	4257	5	1482074	0.00470896322788233
22007	5897	5449	6	1631894	0.00470896322788233
22007	6224	6582	7	1723874	0.00470896322788233
22007	7271	7545	8	1936714	0.00470896322788233
22007	8102	8292	9	2115775	0.00470896322788233
22007	8479	8829	10	2218262	0.00470896322788233
22007	8676	9195	11	2275106	0.00470896322788233
22007	8898	9435	12	2342010	0.00470896322788233
22007	9261	9589	13	2408521	0.00470896322788233
22007	9346	9686	14	2443839	0.00470896322788233
22007	9470	9747	15	2472634	0.00470896322788233
22007	9533	9784	16	2486429	0.00470896322788233
22007	9575	9808	17	2497357	0.00470896322788233
22009	0	1281	0	280	0.00863535790142562
22009	257	1961	1	101573	0.00863535790142562
22009	2781	2938	2	383110	0.00863535790142562
22009	4631	4275	3	783018	0.00863535790142562
22009	7482	5984	4	1255925	0.00863535790142562
22009	9581	7986	5	1482074	0.00863535790142562
22009	10667	10107	6	1631894	0.00863535790142562
22009	11276	12127	7	1723874	0.00863535790142562
22009	13157	13866	8	1936714	0.00863535790142562
22009	15532	15237	9	2115775	0.00863535790142562
22009	16504	16244	10	2218262	0.00863535790142562
22009	16980	16947	11	2275106	0.00863535790142562
22009	17485	17420	12	2342010	0.00863535790142562
22009	18125	17730	13	2408521	0.00863535790142562
22009	18401	17931	14	2443839	0.00863535790142562
22009	18638	18059	15	2472634	0.00863535790142562
22009	18750	18140	16	2486429	0.00863535790142562
22009	18862	18191	17	2497357	0.00863535790142562
22011	0	1035	0	280	0.0080659629142526
22011	265	1618	1	101573	0.0080659629142526
22011	1246	2470	2	383110	0.0080659629142526
22011	3299	3641	3	783018	0.0080659629142526
22011	5579	5127	4	1255925	0.0080659629142526
22011	6812	6830	5	1482074	0.0080659629142526
22011	7561	8570	6	1631894	0.0080659629142526
22011	8271	10150	7	1723874	0.0080659629142526
22011	9397	11439	8	1936714	0.0080659629142526
22011	10553	12401	9	2115775	0.0080659629142526
22011	11307	13073	10	2218262	0.0080659629142526
22011	11705	13521	11	2275106	0.0080659629142526
22011	12101	13810	12	2342010	0.0080659629142526
22011	13021	13993	13	2408521	0.0080659629142526
22011	13235	14107	14	2443839	0.0080659629142526
22011	13372	14178	15	2472634	0.0080659629142526
22011	13450	14222	16	2486429	0.0080659629142526
22011	13521	14248	17	2497357	0.0080659629142526
22013	0	313	0	280	0.00284826559318395
22013	169	501	1	101573	0.00284826559318395
22013	928	788	2	383110	0.00284826559318395
22013	2199	1207	3	783018	0.00284826559318395
22013	3276	1780	4	1255925	0.00284826559318395
22013	3789	2501	5	1482074	0.00284826559318395
22013	4124	3313	6	1631894	0.00284826559318395
22013	4350	4127	7	1723874	0.00284826559318395
22013	4859	4848	8	1936714	0.00284826559318395
22013	5366	5424	9	2115775	0.00284826559318395
22013	5664	5844	10	2218262	0.00284826559318395
22013	5894	6132	11	2275106	0.00284826559318395
22013	6039	6321	12	2342010	0.00284826559318395
22013	6301	6441	13	2408521	0.00284826559318395
22013	6413	6517	14	2443839	0.00284826559318395
22013	6473	6563	15	2472634	0.00284826559318395
22013	6512	6592	16	2486429	0.00284826559318395
22013	6555	6609	17	2497357	0.00284826559318395
22015	0	2247	0	280	0.0273273025219014
22015	2502	3549	1	101573	0.0273273025219014
22015	10174	5536	2	383110	0.0273273025219014
22015	19091	8477	3	783018	0.0273273025219014
22015	28988	12634	4	1255925	0.0273273025219014
22015	33897	18149	5	1482074	0.0273273025219014
22015	37950	24876	6	1631894	0.0273273025219014
22015	40202	32290	7	1723874	0.0273273025219014
22015	44531	39601	8	1936714	0.0273273025219014
22015	50107	46063	9	2115775	0.0273273025219014
22015	55342	51242	10	2218262	0.0273273025219014
22015	56940	55079	11	2275106	0.0273273025219014
22015	58526	57758	12	2342010	0.0273273025219014
22015	62260	59552	13	2408521	0.0273273025219014
22015	63322	60720	14	2443839	0.0273273025219014
22015	63948	61468	15	2472634	0.0273273025219014
22015	64329	61940	16	2486429	0.0273273025219014
22015	64659	62236	17	2497357	0.0273273025219014
22017	0	3288	0	280	0.0516701751034785
22017	7690	5284	1	101573	0.0516701751034785
22017	23199	8411	2	383110	0.0516701751034785
22017	42498	13187	3	783018	0.0516701751034785
22017	60600	20214	4	1255925	0.0516701751034785
22017	70056	30001	5	1482074	0.0516701751034785
22017	76491	42639	6	1631894	0.0516701751034785
22017	80861	57457	7	1723874	0.0516701751034785
22017	88379	72984	8	1936714	0.0516701751034785
22017	98086	87452	9	2115775	0.0516701751034785
22017	104318	99530	10	2218262	0.0516701751034785
22017	106654	108723	11	2275106	0.0516701751034785
22017	110247	115239	12	2342010	0.0516701751034785
22017	113065	119629	13	2408521	0.0516701751034785
22017	114825	122485	14	2443839	0.0516701751034785
22017	116004	124301	15	2472634	0.0516701751034785
22017	116663	125440	16	2486429	0.0516701751034785
22017	117208	126148	17	2497357	0.0516701751034785
22019	0	3013	0	280	0.0437610270534681
22019	1680	4992	1	101573	0.0437610270534681
22019	10279	8155	2	383110	0.0437610270534681
22019	24742	13028	3	783018	0.0437610270534681
22019	40024	20127	4	1255925	0.0437610270534681
22019	49019	29672	5	1482074	0.0437610270534681
22019	53942	41207	6	1631894	0.0437610270534681
22019	57682	53479	7	1723874	0.0437610270534681
22019	64535	64888	8	1936714	0.0437610270534681
22019	72763	74236	9	2115775	0.0437610270534681
22019	77441	81136	10	2218262	0.0437610270534681
22019	79265	85847	11	2275106	0.0437610270534681
22019	81471	88893	12	2342010	0.0437610270534681
22019	83781	90795	13	2408521	0.0437610270534681
22019	85074	91956	14	2443839	0.0437610270534681
22019	86118	92656	15	2472634	0.0437610270534681
22019	86611	93074	16	2486429	0.0437610270534681
22019	87080	93323	17	2497357	0.0437610270534681
22021	0	429	0	280	0.00213345654808537
22021	250	627	1	101573	0.00213345654808537
22021	1029	892	2	383110	0.00213345654808537
22021	1515	1226	3	783018	0.00213345654808537
22021	1959	1614	4	1255925	0.00213345654808537
22021	2300	2027	5	1482074	0.00213345654808537
22021	2461	2427	6	1631894	0.00213345654808537
22021	2614	2780	7	1723874	0.00213345654808537
22021	2938	3067	8	1936714	0.00213345654808537
22021	3281	3284	9	2115775	0.00213345654808537
22021	3461	3442	10	2218262	0.00213345654808537
22021	3551	3551	11	2275106	0.00213345654808537
22021	3658	3626	12	2342010	0.00213345654808537
22021	3735	3675	13	2408521	0.00213345654808537
22021	3789	3707	14	2443839	0.00213345654808537
22021	3818	3729	15	2472634	0.00213345654808537
22021	3841	3742	16	2486429	0.00213345654808537
22021	3858	3751	17	2497357	0.00213345654808537
22023	0	58	0	280	0.00149995891407535
22023	0	100	1	101573	0.00149995891407535
22023	143	168	2	383110	0.00149995891407535
22023	375	276	3	783018	0.00149995891407535
22023	594	436	4	1255925	0.00149995891407535
22023	735	652	5	1482074	0.00149995891407535
22023	864	909	6	1631894	0.00149995891407535
22023	900	1172	7	1723874	0.00149995891407535
22023	966	1406	8	1936714	0.00149995891407535
22023	1080	1586	9	2115775	0.00149995891407535
22023	1160	1712	10	2218262	0.00149995891407535
22023	1180	1793	11	2275106	0.00149995891407535
22023	1196	1843	12	2342010	0.00149995891407535
22023	1220	1872	13	2408521	0.00149995891407535
22023	1235	1890	14	2443839	0.00149995891407535
22023	1243	1900	15	2472634	0.00149995891407535
22023	1246	1906	16	2486429	0.00149995891407535
22023	1254	1909	17	2497357	0.00149995891407535
22025	0	314	0	280	0.00204225009755218
22025	69	476	1	101573	0.00204225009755218
22025	623	706	2	383110	0.00204225009755218
22025	1087	1015	3	783018	0.00204225009755218
22025	1857	1402	4	1255925	0.00204225009755218
22025	2112	1843	5	1482074	0.00204225009755218
22025	2278	2299	6	1631894	0.00204225009755218
22025	2408	2723	7	1723874	0.00204225009755218
22025	2818	3081	8	1936714	0.00204225009755218
22025	3308	3358	9	2115775	0.00204225009755218
22025	3462	3561	10	2218262	0.00204225009755218
22025	3559	3701	11	2275106	0.00204225009755218
22025	3677	3795	12	2342010	0.00204225009755218
22025	3747	3857	13	2408521	0.00204225009755218
22025	3807	3897	14	2443839	0.00204225009755218
22025	3845	3922	15	2472634	0.00204225009755218
22025	3862	3939	16	2486429	0.00204225009755218
22025	3877	3949	17	2497357	0.00204225009755218
22027	0	358	0	280	0.00337076669777151
22027	96	581	1	101573	0.00337076669777151
22027	1047	925	2	383110	0.00337076669777151
22027	1990	1428	3	783018	0.00337076669777151
22027	3381	2112	4	1255925	0.00337076669777151
22027	3890	2955	5	1482074	0.00337076669777151
22027	4189	3876	6	1631894	0.00337076669777151
22027	4480	4760	7	1723874	0.00337076669777151
22027	4898	5508	8	1936714	0.00337076669777151
22027	5589	6077	9	2115775	0.00337076669777151
22027	5878	6475	10	2218262	0.00337076669777151
22027	6035	6738	11	2275106	0.00337076669777151
22027	6218	6905	12	2342010	0.00337076669777151
22027	6234	7009	13	2408521	0.00337076669777151
22027	6329	7072	14	2443839	0.00337076669777151
22027	6388	7110	15	2472634	0.00337076669777151
22027	6420	7133	16	2486429	0.00337076669777151
22027	6443	7147	17	2497357	0.00337076669777151
22029	0	498	0	280	0.00414279488400648
22029	110	763	1	101573	0.00414279488400648
22029	1112	1150	2	383110	0.00414279488400648
22029	1864	1692	3	783018	0.00414279488400648
22029	3054	2410	4	1255925	0.00414279488400648
22029	3755	3291	5	1482074	0.00414279488400648
22029	4271	4280	6	1631894	0.00414279488400648
22029	4555	5283	7	1723874	0.00414279488400648
22029	5586	6200	8	1936714	0.00414279488400648
22029	6641	6964	9	2115775	0.00414279488400648
22029	7030	7552	10	2218262	0.00414279488400648
22029	7243	7977	11	2275106	0.00414279488400648
22029	7541	8270	12	2342010	0.00414279488400648
22029	7927	8468	13	2408521	0.00414279488400648
22029	8173	8597	14	2443839	0.00414279488400648
22029	8309	8681	15	2472634	0.00414279488400648
22029	8396	8734	16	2486429	0.00414279488400648
22029	8482	8769	17	2497357	0.00414279488400648
22031	0	526	0	280	0.00590755365800248
22031	343	810	1	101573	0.00590755365800248
22031	1705	1234	2	383110	0.00590755365800248
22031	3742	1844	3	783018	0.00590755365800248
22031	5645	2685	4	1255925	0.00590755365800248
22031	6585	3776	5	1482074	0.00590755365800248
22031	7148	5086	6	1631894	0.00590755365800248
22031	7526	6518	7	1723874	0.00590755365800248
22031	8364	7932	8	1936714	0.00590755365800248
22031	9706	9197	9	2115775	0.00590755365800248
22031	10557	10230	10	2218262	0.00590755365800248
22031	10798	11014	11	2275106	0.00590755365800248
22031	11142	11575	12	2342010	0.00590755365800248
22031	11431	11962	13	2408521	0.00590755365800248
22031	11624	12220	14	2443839	0.00590755365800248
22031	11728	12390	15	2472634	0.00590755365800248
22031	11796	12500	16	2486429	0.00590755365800248
22031	11831	12570	17	2497357	0.00590755365800248
22033	0	3948	0	280	0.0946608948471367
22033	8689	7209	1	101573	0.0946608948471367
22033	35179	13024	2	383110	0.0946608948471367
22033	77884	23092	3	783018	0.0946608948471367
22033	131122	39673	4	1255925	0.0946608948471367
22033	155310	64841	5	1482074	0.0946608948471367
22033	170600	98686	6	1631894	0.0946608948471367
22033	179255	137479	7	1723874	0.0946608948471367
22033	198520	174578	8	1936714	0.0946608948471367
22033	213136	204396	9	2115775	0.0946608948471367
22033	221937	225188	10	2218262	0.0946608948471367
22033	226858	238293	11	2275106	0.0946608948471367
22033	233994	246032	12	2342010	0.0946608948471367
22033	239368	250430	13	2408521	0.0946608948471367
22033	242505	252873	14	2443839	0.0946608948471367
22033	245428	254214	15	2472634	0.0946608948471367
22033	246688	254945	16	2486429	0.0946608948471367
22033	247744	255341	17	2497357	0.0946608948471367
22035	0	99	0	280	0.00147586664412319
22035	0	161	1	101573	0.00147586664412319
22035	1009	259	2	383110	0.00147586664412319
22035	1322	408	3	783018	0.00147586664412319
22035	1678	629	4	1255925	0.00147586664412319
22035	1861	935	5	1482074	0.00147586664412319
22035	1946	1326	6	1631894	0.00147586664412319
22035	2070	1776	7	1723874	0.00147586664412319
22035	2336	2236	8	1936714	0.00147586664412319
22035	2656	2651	9	2115775	0.00147586664412319
22035	2773	2988	10	2218262	0.00147586664412319
22035	2839	3237	11	2275106	0.00147586664412319
22035	2926	3409	12	2342010	0.00147586664412319
22035	3035	3523	13	2408521	0.00147586664412319
22035	3117	3595	14	2443839	0.00147586664412319
22035	3173	3641	15	2472634	0.00147586664412319
22035	3192	3669	16	2486429	0.00147586664412319
22035	3206	3686	17	2497357	0.00147586664412319
22037	0	320	0	280	0.00411612129941658
22037	209	515	1	101573	0.00411612129941658
22037	1281	819	2	383110	0.00411612129941658
22037	2367	1274	3	783018	0.00411612129941658
22037	3935	1920	4	1255925	0.00411612129941658
22037	4691	2773	5	1482074	0.00411612129941658
22037	5069	3795	6	1631894	0.00411612129941658
22037	5408	4888	7	1723874	0.00411612129941658
22037	6141	5922	8	1936714	0.00411612129941658
22037	6799	6794	9	2115775	0.00411612129941658
22037	7010	7459	10	2218262	0.00411612129941658
22037	7145	7930	11	2275106	0.00411612129941658
22037	7341	8246	12	2342010	0.00411612129941658
22037	7479	8450	13	2408521	0.00411612129941658
22037	7623	8579	14	2443839	0.00411612129941658
22037	7756	8659	15	2472634	0.00411612129941658
22037	7811	8708	16	2486429	0.00411612129941658
22037	7839	8738	17	2497357	0.00411612129941658
22039	0	1041	0	280	0.0071835835272546
22039	313	1591	1	101573	0.0071835835272546
22039	1690	2376	2	383110	0.0071835835272546
22039	3498	3438	3	783018	0.0071835835272546
22039	5930	4775	4	1255925	0.0071835835272546
22039	7050	6313	5	1482074	0.0071835835272546
22039	7601	7908	6	1631894	0.0071835835272546
22039	8014	9395	7	1723874	0.0071835835272546
22039	9411	10648	8	1936714	0.0071835835272546
22039	10900	11619	9	2115775	0.0071835835272546
22039	11486	12323	10	2218262	0.0071835835272546
22039	11784	12809	11	2275106	0.0071835835272546
22039	12193	13133	12	2342010	0.0071835835272546
22039	12524	13345	13	2408521	0.0071835835272546
22039	12738	13481	14	2443839	0.0071835835272546
22039	12878	13567	15	2472634	0.0071835835272546
22039	12931	13622	16	2486429	0.0071835835272546
22039	12970	13657	17	2497357	0.0071835835272546
22041	0	634	0	280	0.00430541770618358
22041	227	977	1	101573	0.00430541770618358
22041	1465	1468	2	383110	0.00430541770618358
22041	2747	2131	3	783018	0.00430541770618358
22041	4026	2958	4	1255925	0.00430541770618358
22041	4497	3893	5	1482074	0.00430541770618358
22041	4774	4840	6	1631894	0.00430541770618358
22041	5068	5698	7	1723874	0.00430541770618358
22041	5647	6400	8	1936714	0.00430541770618358
22041	6426	6928	9	2115775	0.00430541770618358
22041	6689	7301	10	2218262	0.00430541770618358
22041	6839	7552	11	2275106	0.00430541770618358
22041	7035	7717	12	2342010	0.00430541770618358
22041	7192	7822	13	2408521	0.00430541770618358
22041	7300	7889	14	2443839	0.00430541770618358
22041	7378	7931	15	2472634	0.00430541770618358
22041	7412	7957	16	2486429	0.00430541770618358
22041	7437	7973	17	2497357	0.00430541770618358
22043	0	546	0	280	0.0048160877853482
22043	226	859	1	101573	0.0048160877853482
22043	1262	1326	2	383110	0.0048160877853482
22043	3023	1985	3	783018	0.0048160877853482
22043	4318	2853	4	1255925	0.0048160877853482
22043	5601	3894	5	1482074	0.0048160877853482
22043	6041	5014	6	1631894	0.0048160877853482
22043	6299	6083	7	1723874	0.0048160877853482
22043	7215	6997	8	1936714	0.0048160877853482
22043	8190	7704	9	2115775	0.0048160877853482
22043	8583	8212	10	2218262	0.0048160877853482
22043	8776	8558	11	2275106	0.0048160877853482
22043	9032	8784	12	2342010	0.0048160877853482
22043	9283	8928	13	2408521	0.0048160877853482
22043	9403	9018	14	2443839	0.0048160877853482
22043	9490	9075	15	2472634	0.0048160877853482
22043	9541	9110	16	2486429	0.0048160877853482
22043	9596	9131	17	2497357	0.0048160877853482
22045	0	1478	0	280	0.0150211000960679
22045	741	2289	1	101573	0.0150211000960679
22045	4436	3495	2	383110	0.0150211000960679
22045	8680	5230	3	783018	0.0150211000960679
22045	14728	7604	4	1255925	0.0150211000960679
22045	18011	10643	5	1482074	0.0150211000960679
22045	19848	14217	6	1631894	0.0150211000960679
22045	21033	18026	7	1723874	0.0150211000960679
22045	24319	21680	8	1936714	0.0150211000960679
22045	27592	24849	9	2115775	0.0150211000960679
22045	28969	27365	10	2218262	0.0150211000960679
22045	29681	29227	11	2275106	0.0150211000960679
22045	30771	30534	12	2342010	0.0150211000960679
22045	31773	31418	13	2408521	0.0150211000960679
22045	32256	32001	14	2443839	0.0150211000960679
22045	32674	32378	15	2472634	0.0150211000960679
22045	32952	32621	16	2486429	0.0150211000960679
22045	33116	32775	17	2497357	0.0150211000960679
22047	0	465	0	280	0.00699342668227502
22047	298	765	1	101573	0.00699342668227502
22047	1852	1246	2	383110	0.00699342668227502
22047	4644	1995	3	783018	0.00699342668227502
22047	8631	3110	4	1255925	0.00699342668227502
22047	10493	4669	5	1482074	0.00699342668227502
22047	11547	6665	6	1631894	0.00699342668227502
22047	12141	8948	7	1723874	0.00699342668227502
22047	13683	11250	8	1936714	0.00699342668227502
22047	15681	13292	9	2115775	0.00699342668227502
22047	16279	14908	10	2218262	0.00699342668227502
22047	16582	16074	11	2275106	0.00699342668227502
22047	17097	16863	12	2342010	0.00699342668227502
22047	17702	17371	13	2408521	0.00699342668227502
22047	17940	17690	14	2443839	0.00699342668227502
22047	18186	17886	15	2472634	0.00699342668227502
22047	18286	18005	16	2486429	0.00699342668227502
22047	18358	18077	17	2497357	0.00699342668227502
22049	0	504	0	280	0.00338668480470419
22049	103	783	1	101573	0.00338668480470419
22049	988	1187	2	383110	0.00338668480470419
22049	2199	1739	3	783018	0.00338668480470419
22049	3150	2436	4	1255925	0.00338668480470419
22049	3754	3232	5	1482074	0.00338668480470419
22049	4222	4045	6	1631894	0.00338668480470419
22049	4767	4785	7	1723874	0.00338668480470419
22049	5115	5391	8	1936714	0.00338668480470419
22049	5675	5846	9	2115775	0.00338668480470419
22049	5868	6166	10	2218262	0.00338668480470419
22049	6095	6381	11	2275106	0.00338668480470419
22049	6278	6521	12	2342010	0.00338668480470419
22049	6548	6610	13	2408521	0.00338668480470419
22049	6638	6666	14	2443839	0.00338668480470419
22049	6696	6701	15	2472634	0.00338668480470419
22049	6733	6723	16	2486429	0.00338668480470419
22049	6755	6736	17	2497357	0.00338668480470419
22051	0	5821	0	280	0.0930333759680468
22051	16052	10231	1	101573	0.0930333759680468
22051	42188	17747	2	383110	0.0930333759680468
22051	89973	30112	3	783018	0.0930333759680468
22051	144264	49316	4	1255925	0.0930333759680468
22051	174540	76632	5	1482074	0.0930333759680468
22051	194664	110997	6	1631894	0.0930333759680468
22051	206734	148125	7	1723874	0.0930333759680468
22051	231280	182188	8	1936714	0.0930333759680468
22051	243268	209059	9	2115775	0.0930333759680468
22051	253971	227842	10	2218262	0.0930333759680468
22051	260490	239889	11	2275106	0.0930333759680468
22051	267932	247194	12	2342010	0.0930333759680468
22051	274602	251475	13	2408521	0.0930333759680468
22051	278419	253933	14	2443839	0.0930333759680468
22051	281666	255327	15	2472634	0.0930333759680468
22051	283227	256114	16	2486429	0.0930333759680468
22051	284441	256555	17	2497357	0.0930333759680468
22053	0	1074	0	280	0.00674755646303106
22053	291	1623	1	101573	0.00674755646303106
22053	1424	2394	2	383110	0.00674755646303106
22053	3117	3412	3	783018	0.00674755646303106
22053	5123	4658	4	1255925	0.00674755646303106
22053	6187	6047	5	1482074	0.00674755646303106
22053	6761	7441	6	1631894	0.00674755646303106
22053	7251	8702	7	1723874	0.00674755646303106
22053	8469	9740	8	1936714	0.00674755646303106
22053	9805	10530	9	2115775	0.00674755646303106
22053	10420	11095	10	2218262	0.00674755646303106
22053	10699	11483	11	2275106	0.00674755646303106
22053	11034	11741	12	2342010	0.00674755646303106
22053	11247	11910	13	2408521	0.00674755646303106
22053	11393	12018	14	2443839	0.00674755646303106
22053	11518	12087	15	2472634	0.00674755646303106
22053	11591	12131	16	2486429	0.00674755646303106
22053	11637	12159	17	2497357	0.00674755646303106
22055	0	3602	0	280	0.0525706236929406
22055	4867	6051	1	101573	0.0525706236929406
22055	16253	10026	2	383110	0.0525706236929406
22055	34999	16251	3	783018	0.0525706236929406
22055	58761	25471	4	1255925	0.0525706236929406
22055	70708	38064	5	1482074	0.0525706236929406
22055	77377	53482	6	1631894	0.0525706236929406
22055	81545	70020	7	1723874	0.0525706236929406
22055	95437	85421	8	1936714	0.0525706236929406
22055	106205	97989	9	2115775	0.0525706236929406
22055	110982	107185	10	2218262	0.0525706236929406
22055	113498	113389	11	2275106	0.0525706236929406
22055	116512	117350	12	2342010	0.0525706236929406
22055	119112	119790	13	2408521	0.0525706236929406
22055	120402	121260	14	2443839	0.0525706236929406
22055	122187	122134	15	2472634	0.0525706236929406
22055	122814	122650	16	2486429	0.0525706236929406
22055	123354	122952	17	2497357	0.0525706236929406
22057	0	2945	0	280	0.0209977039206297
22057	2081	4414	1	101573	0.0209977039206297
22057	6551	6494	2	383110	0.0209977039206297
22057	13211	9310	3	783018	0.0209977039206297
22057	20962	12901	4	1255925	0.0209977039206297
22057	24430	17149	5	1482074	0.0209977039206297
22057	26864	21745	6	1631894	0.0209977039206297
22057	28989	26263	7	1723874	0.0209977039206297
22057	34426	30306	8	1936714	0.0209977039206297
22057	37388	33629	9	2115775	0.0209977039206297
22057	39265	36176	10	2218262	0.0209977039206297
22057	40351	38025	11	2275106	0.0209977039206297
22057	41591	39315	12	2342010	0.0209977039206297
22057	42678	40190	13	2408521	0.0209977039206297
22057	43422	40772	14	2443839	0.0209977039206297
22057	44032	41155	15	2472634	0.0209977039206297
22057	44215	41405	16	2486429	0.0209977039206297
22057	44375	41567	17	2497357	0.0209977039206297
22059	0	758	0	280	0.00320341146542523
22059	188	1077	1	101573	0.00320341146542523
22059	1060	1491	2	383110	0.00320341146542523
22059	1885	1999	3	783018	0.00320341146542523
22059	2533	2578	4	1255925	0.00320341146542523
22059	2872	3190	5	1482074	0.00320341146542523
22059	3508	3782	6	1631894	0.00320341146542523
22059	3948	4311	7	1723874	0.00320341146542523
22059	4565	4750	8	1936714	0.00320341146542523
22059	5294	5093	9	2115775	0.00320341146542523
22059	5643	5348	10	2218262	0.00320341146542523
22059	5952	5531	11	2275106	0.00320341146542523
22059	6236	5658	12	2342010	0.00320341146542523
22059	6411	5746	13	2408521	0.00320341146542523
22059	6550	5806	14	2443839	0.00320341146542523
22059	6680	5846	15	2472634	0.00320341146542523
22059	6720	5872	16	2486429	0.00320341146542523
22059	6743	5890	17	2497357	0.00320341146542523
22061	0	1149	0	280	0.0100546507330718
22061	557	1877	1	101573	0.0100546507330718
22061	3858	3000	2	383110	0.0100546507330718
22061	6986	4637	3	783018	0.0100546507330718
22061	11116	6836	4	1255925	0.0100546507330718
22061	13018	9492	5	1482074	0.0100546507330718
22061	13932	12314	6	1631894	0.0100546507330718
22061	14509	14934	7	1723874	0.0100546507330718
22061	15706	17077	8	1936714	0.0100546507330718
22061	17172	18656	9	2115775	0.0100546507330718
22061	17977	19733	10	2218262	0.0100546507330718
22061	18457	20428	11	2275106	0.0100546507330718
22061	19010	20862	12	2342010	0.0100546507330718
22061	19599	21127	13	2408521	0.0100546507330718
22061	19936	21286	14	2443839	0.0100546507330718
22061	20151	21381	15	2472634	0.0100546507330718
22061	20253	21437	16	2486429	0.0100546507330718
22061	20355	21471	17	2497357	0.0100546507330718
22063	0	1425	0	280	0.0302850588776358
22063	1743	2384	1	101573	0.0302850588776358
22063	7667	3944	2	383110	0.0302850588776358
22063	14748	6405	3	783018	0.0302850588776358
22063	25258	10114	4	1255925	0.0302850588776358
22063	31166	15326	5	1482074	0.0302850588776358
22063	34353	21979	6	1631894	0.0302850588776358
22063	36466	29503	7	1723874	0.0302850588776358
22063	42837	36929	8	1936714	0.0302850588776358
22063	47836	43336	9	2115775	0.0302850588776358
22063	50480	48255	10	2218262	0.0302850588776358
22063	51844	51702	11	2275106	0.0302850588776358
22063	53292	53966	12	2342010	0.0302850588776358
22063	54542	55392	13	2408521	0.0302850588776358
22063	55249	56264	14	2443839	0.0302850588776358
22063	55902	56790	15	2472634	0.0302850588776358
22063	56205	57103	16	2486429	0.0302850588776358
22063	56474	57289	17	2497357	0.0302850588776358
22065	0	171	0	280	0.00235566471648346
22065	66	275	1	101573	0.00235566471648346
22065	756	439	2	383110	0.00235566471648346
22065	1327	687	3	783018	0.00235566471648346
22065	1957	1049	4	1255925	0.00235566471648346
22065	2481	1542	5	1482074	0.00235566471648346
22065	2805	2162	6	1631894	0.00235566471648346
22065	3017	2861	7	1723874	0.00235566471648346
22065	3464	3563	8	1936714	0.00235566471648346
22065	3967	4188	9	2115775	0.00235566471648346
22065	4163	4688	10	2218262	0.00235566471648346
22065	4398	5056	11	2275106	0.00235566471648346
22065	4572	5310	12	2342010	0.00235566471648346
22065	4763	5477	13	2408521	0.00235566471648346
22065	4910	5584	14	2443839	0.00235566471648346
22065	4985	5651	15	2472634	0.00235566471648346
22065	5019	5693	16	2486429	0.00235566471648346
22065	5059	5719	17	2497357	0.00235566471648346
22067	0	591	0	280	0.00535063502491184
22067	233	942	1	101573	0.00535063502491184
22067	2118	1473	2	383110	0.00535063502491184
22067	3917	2244	3	783018	0.00535063502491184
22067	5946	3292	4	1255925	0.00535063502491184
22067	6789	4598	5	1482074	0.00535063502491184
22067	7265	6063	6	1631894	0.00535063502491184
22067	7646	7520	7	1723874	0.00535063502491184
22067	8581	8809	8	1936714	0.00535063502491184
22067	9583	9834	9	2115775	0.00535063502491184
22067	10061	10584	10	2218262	0.00535063502491184
22067	10324	11098	11	2275106	0.00535063502491184
22067	10706	11437	12	2342010	0.00535063502491184
22067	11036	11653	13	2408521	0.00535063502491184
22067	11251	11789	14	2443839	0.00535063502491184
22067	11387	11873	15	2472634	0.00535063502491184
22067	11449	11924	16	2486429	0.00535063502491184
22067	11497	11956	17	2497357	0.00535063502491184
22069	0	870	0	280	0.008208150328881
22069	295	1390	1	101573	0.008208150328881
22069	2456	2182	2	383110	0.008208150328881
22069	4901	3334	3	783018	0.008208150328881
22069	7648	4905	4	1255925	0.008208150328881
22069	9453	6869	5	1482074	0.008208150328881
22069	10230	9074	6	1631894	0.008208150328881
22069	10848	11268	7	1723874	0.008208150328881
22069	12213	13205	8	1936714	0.008208150328881
22069	13856	14742	9	2115775	0.008208150328881
22069	14677	15863	10	2218262	0.008208150328881
22069	15066	16629	11	2275106	0.008208150328881
22069	15571	17132	12	2342010	0.008208150328881
22069	16028	17451	13	2408521	0.008208150328881
22069	16265	17651	14	2443839	0.008208150328881
22069	16454	17775	15	2472634	0.008208150328881
22069	16535	17851	16	2486429	0.008208150328881
22069	16626	17897	17	2497357	0.008208150328881
22071	0	1815	0	280	0.0839237015019379
22071	14865	3555	1	101573	0.0839237015019379
22071	41695	6923	2	383110	0.0839237015019379
22071	88513	13326	3	783018	0.0839237015019379
22071	150900	25097	4	1255925	0.0839237015019379
22071	172776	45462	5	1482074	0.0839237015019379
22071	192942	77259	6	1631894	0.0839237015019379
22071	202143	119727	7	1723874	0.0839237015019379
22071	219100	166007	8	1936714	0.0839237015019379
22071	232642	206487	9	2115775	0.0839237015019379
22071	242230	235626	10	2218262	0.0839237015019379
22071	247974	253790	11	2275106	0.0839237015019379
22071	255985	264116	12	2342010	0.0839237015019379
22071	262452	269681	13	2408521	0.0839237015019379
22071	267359	272594	14	2443839	0.0839237015019379
22071	271221	274095	15	2472634	0.0839237015019379
22071	272855	274863	16	2486429	0.0839237015019379
22071	274167	275254	17	2497357	0.0839237015019379
22073	0	2956	0	280	0.0329717771964084
22073	2324	4668	1	101573	0.0329717771964084
22073	11677	7268	2	383110	0.0329717771964084
22073	22119	11079	3	783018	0.0329717771964084
22073	35392	16386	4	1255925	0.0329717771964084
22073	41564	23273	5	1482074	0.0329717771964084
22073	45359	31431	6	1631894	0.0329717771964084
22073	47746	40119	7	1723874	0.0329717771964084
22073	53160	48378	8	1936714	0.0329717771964084
22073	59201	55426	9	2115775	0.0329717771964084
22073	62119	60908	10	2218262	0.0329717771964084
22073	63738	64870	11	2275106	0.0329717771964084
22073	65339	67586	12	2342010	0.0329717771964084
22073	67086	69380	13	2408521	0.0329717771964084
22073	68255	70537	14	2443839	0.0329717771964084
22073	69126	71271	15	2472634	0.0329717771964084
22073	69576	71732	16	2486429	0.0329717771964084
22073	69887	72019	17	2497357	0.0329717771964084
22075	0	452	0	280	0.00498989630428881
22075	565	707	1	101573	0.00498989630428881
22075	2039	1092	2	383110	0.00498989630428881
22075	4529	1660	3	783018	0.00498989630428881
22075	7189	2465	4	1255925	0.00498989630428881
22075	8233	3546	5	1482074	0.00498989630428881
22075	9011	4893	6	1631894	0.00498989630428881
22075	9613	6427	7	1723874	0.00498989630428881
22075	10938	8002	8	1936714	0.00498989630428881
22075	12010	9457	9	2115775	0.00498989630428881
22075	12691	10677	10	2218262	0.00498989630428881
22075	13169	11618	11	2275106	0.00498989630428881
22075	13622	12299	12	2342010	0.00498989630428881
22075	15507	12769	13	2408521	0.00498989630428881
22075	15756	13083	14	2443839	0.00498989630428881
22075	15957	13288	15	2472634	0.00498989630428881
22075	16044	13420	16	2486429	0.00498989630428881
22075	16109	13504	17	2497357	0.00498989630428881
22077	0	455	0	280	0.00467433058982609
22077	345	722	1	101573	0.00467433058982609
22077	2050	1130	2	383110	0.00467433058982609
22077	3922	1730	3	783018	0.00467433058982609
22077	6163	2569	4	1255925	0.00467433058982609
22077	7278	3660	5	1482074	0.00467433058982609
22077	7824	4952	6	1631894	0.00467433058982609
22077	8226	6325	7	1723874	0.00467433058982609
22077	9307	7624	8	1936714	0.00467433058982609
22077	10583	8726	9	2115775	0.00467433058982609
22077	10976	9577	10	2218262	0.00467433058982609
22077	11218	10188	11	2275106	0.00467433058982609
22077	11470	10603	12	2342010	0.00467433058982609
22077	11754	10876	13	2408521	0.00467433058982609
22077	11885	11051	14	2443839	0.00467433058982609
22077	12025	11161	15	2472634	0.00467433058982609
22077	12070	11230	16	2486429	0.00467433058982609
22077	12109	11272	17	2497357	0.00467433058982609
22079	0	2898	0	280	0.0278885233460549
22079	1941	4465	1	101573	0.0278885233460549
22079	11015	6785	2	383110	0.0278885233460549
22079	20638	10101	3	783018	0.0278885233460549
22079	31300	14617	4	1255925	0.0278885233460549
22079	36094	20374	5	1482074	0.0278885233460549
22079	39896	27126	6	1631894	0.0278885233460549
22079	42309	34313	7	1723874	0.0278885233460549
22079	48636	41214	8	1936714	0.0278885233460549
22079	54551	47217	9	2115775	0.0278885233460549
22079	57453	52003	10	2218262	0.0278885233460549
22079	59034	55563	11	2275106	0.0278885233460549
22079	60961	58076	12	2342010	0.0278885233460549
22079	62542	59785	13	2408521	0.0278885233460549
22079	63508	60917	14	2443839	0.0278885233460549
22079	64290	61656	15	2472634	0.0278885233460549
22079	64705	62132	16	2486429	0.0278885233460549
22079	64996	62436	17	2497357	0.0278885233460549
22081	0	192	0	280	0.00181595484764436
22081	106	303	1	101573	0.00181595484764436
22081	535	468	2	383110	0.00181595484764436
22081	1042	704	3	783018	0.00181595484764436
22081	1541	1022	4	1255925	0.00181595484764436
22081	1785	1414	5	1482074	0.00181595484764436
22081	1912	1852	6	1631894	0.00181595484764436
22081	2034	2288	7	1723874	0.00181595484764436
22081	2240	2675	8	1936714	0.00181595484764436
22081	2609	2987	9	2115775	0.00181595484764436
22081	2763	3217	10	2218262	0.00181595484764436
22081	2814	3377	11	2275106	0.00181595484764436
22081	2917	3484	12	2342010	0.00181595484764436
22081	3005	3553	13	2408521	0.00181595484764436
22081	3068	3597	14	2443839	0.00181595484764436
22081	3090	3625	15	2472634	0.00181595484764436
22081	3106	3642	16	2486429	0.00181595484764436
22081	3128	3653	17	2497357	0.00181595484764436
22083	0	610	0	280	0.00432843442837002
22083	315	963	1	101573	0.00432843442837002
22083	2073	1481	2	383110	0.00432843442837002
22083	3354	2202	3	783018	0.00432843442837002
22083	4980	3125	4	1255925	0.00432843442837002
22083	5547	4191	5	1482074	0.00432843442837002
22083	5858	5285	6	1631894	0.00432843442837002
22083	6170	6280	7	1723874	0.00432843442837002
22083	6729	7091	8	1936714	0.00432843442837002
22083	7535	7693	9	2115775	0.00432843442837002
22083	7848	8112	10	2218262	0.00432843442837002
22083	8014	8389	11	2275106	0.00432843442837002
22083	8232	8567	12	2342010	0.00432843442837002
22083	8387	8678	13	2408521	0.00432843442837002
22083	8558	8747	14	2443839	0.00432843442837002
22083	8637	8790	15	2472634	0.00432843442837002
22083	8688	8816	16	2486429	0.00432843442837002
22083	8714	8832	17	2497357	0.00432843442837002
22085	0	963	0	280	0.00513767656729896
22085	122	1418	1	101573	0.00513767656729896
22085	1216	2035	2	383110	0.00513767656729896
22085	2528	2822	3	783018	0.00513767656729896
22085	4175	3751	4	1255925	0.00513767656729896
22085	5118	4755	5	1482074	0.00513767656729896
22085	5500	5739	6	1631894	0.00513767656729896
22085	5776	6616	7	1723874	0.00513767656729896
22085	6358	7335	8	1936714	0.00513767656729896
22085	7435	7884	9	2115775	0.00513767656729896
22085	8072	8282	10	2218262	0.00513767656729896
22085	8265	8558	11	2275106	0.00513767656729896
22085	8501	8745	12	2342010	0.00513767656729896
22085	8851	8870	13	2408521	0.00513767656729896
22085	9004	8951	14	2443839	0.00513767656729896
22085	9109	9004	15	2472634	0.00513767656729896
22085	9166	9039	16	2486429	0.00513767656729896
22085	9205	9061	17	2497357	0.00513767656729896
22087	0	981	0	280	0.0101626357287503
22087	1180	1531	1	101573	0.0101626357287503
22087	2853	2356	2	383110	0.0101626357287503
22087	6042	3553	3	783018	0.0101626357287503
22087	10731	5203	4	1255925	0.0101626357287503
22087	12981	7330	5	1482074	0.0101626357287503
22087	14439	9843	6	1631894	0.0101626357287503
22087	15354	12525	7	1723874	0.0101626357287503
22087	17501	15095	8	1936714	0.0101626357287503
22087	19091	17314	9	2115775	0.0101626357287503
22087	20099	19064	10	2218262	0.0101626357287503
22087	21078	20349	11	2275106	0.0101626357287503
22087	21731	21244	12	2342010	0.0101626357287503
22087	22356	21844	13	2408521	0.0101626357287503
22087	22766	22236	14	2443839	0.0101626357287503
22087	23086	22488	15	2472634	0.0101626357287503
22087	23249	22649	16	2486429	0.0101626357287503
22087	23338	22750	17	2497357	0.0101626357287503
22089	0	387	0	280	0.0114223172719634
22089	1983	688	1	101573	0.0114223172719634
22089	4422	1214	2	383110	0.0114223172719634
22089	9748	2111	3	783018	0.0114223172719634
22089	15448	3584	4	1255925	0.0114223172719634
22089	18458	5857	5	1482074	0.0114223172719634
22089	20388	9047	6	1631894	0.0114223172719634
22089	21510	12978	7	1723874	0.0114223172719634
22089	24138	17115	8	1936714	0.0114223172719634
22089	25320	20803	9	2115775	0.0114223172719634
22089	26396	23636	10	2218262	0.0114223172719634
22089	27678	25573	11	2275106	0.0114223172719634
22089	28548	26794	12	2342010	0.0114223172719634
22089	29328	27525	13	2408521	0.0114223172719634
22089	29782	27949	14	2443839	0.0114223172719634
22089	30056	28191	15	2472634	0.0114223172719634
22089	30213	28327	16	2486429	0.0114223172719634
22089	30320	28403	17	2497357	0.0114223172719634
22091	0	109	0	280	0.00217948999245826
22091	78	175	1	101573	0.00217948999245826
22091	579	280	2	383110	0.00217948999245826
22091	991	441	3	783018	0.00217948999245826
22091	1479	680	4	1255925	0.00217948999245826
22091	1757	1016	5	1482074	0.00217948999245826
22091	1911	1456	6	1631894	0.00217948999245826
22091	2044	1981	7	1723874	0.00217948999245826
22091	2430	2541	8	1936714	0.00217948999245826
22091	2702	3071	9	2115775	0.00217948999245826
22091	2807	3521	10	2218262	0.00217948999245826
22091	2867	3867	11	2275106	0.00217948999245826
22091	2969	4114	12	2342010	0.00217948999245826
22091	3078	4281	13	2408521	0.00217948999245826
22091	3148	4390	14	2443839	0.00217948999245826
22091	3181	4460	15	2472634	0.00217948999245826
22091	3194	4503	16	2486429	0.00217948999245826
22091	3203	4531	17	2497357	0.00217948999245826
22093	0	206	0	280	0.00453795113313259
22093	297	361	1	101573	0.00453795113313259
22093	1463	627	2	383110	0.00453795113313259
22093	2768	1071	3	783018	0.00453795113313259
22093	5343	1779	4	1255925	0.00453795113313259
22093	6398	2830	5	1482074	0.00453795113313259
22093	7021	4237	6	1631894	0.00453795113313259
22093	7442	5879	7	1723874	0.00453795113313259
22093	8534	7515	8	1936714	0.00453795113313259
22093	9249	8909	9	2115775	0.00453795113313259
22093	9581	9946	10	2218262	0.00453795113313259
22093	10054	10642	11	2275106	0.00453795113313259
22093	10391	11078	12	2342010	0.00453795113313259
22093	10624	11338	13	2408521	0.00453795113313259
22093	10777	11490	14	2443839	0.00453795113313259
22093	10900	11578	15	2472634	0.00453795113313259
22093	10949	11627	16	2486429	0.00453795113313259
22093	10987	11655	17	2497357	0.00453795113313259
22095	0	318	0	280	0.00921464792804327
22095	951	578	1	101573	0.00921464792804327
22095	2897	1044	2	383110	0.00921464792804327
22095	6630	1858	3	783018	0.00921464792804327
22095	11957	3227	4	1255925	0.00921464792804327
22095	14824	5384	5	1482074	0.00921464792804327
22095	16693	8460	6	1631894	0.00921464792804327
22095	17776	12271	7	1723874	0.00921464792804327
22095	20242	16253	8	1936714	0.00921464792804327
22095	21392	19736	9	2115775	0.00921464792804327
22095	22412	22340	10	2218262	0.00921464792804327
22095	23278	24066	11	2275106	0.00921464792804327
22095	24052	25122	12	2342010	0.00921464792804327
22095	24813	25736	13	2408521	0.00921464792804327
22095	25261	26083	14	2443839	0.00921464792804327
22095	25565	26275	15	2472634	0.00921464792804327
22095	25681	26381	16	2486429	0.00921464792804327
22095	25798	26439	17	2497357	0.00921464792804327
22097	0	1844	0	280	0.0176656569424242
22097	1130	2941	1	101573	0.0176656569424242
22097	4896	4607	2	383110	0.0176656569424242
22097	11101	7028	3	783018	0.0176656569424242
22097	16457	10329	4	1255925	0.0176656569424242
22097	19129	14459	5	1482074	0.0176656569424242
22097	21021	19102	6	1631894	0.0176656569424242
22097	22111	23739	7	1723874	0.0176656569424242
22097	25825	27850	8	1936714	0.0176656569424242
22097	29168	31128	9	2115775	0.0176656569424242
22097	30507	33527	10	2218262	0.0176656569424242
22097	31177	35176	11	2275106	0.0176656569424242
22097	32204	36261	12	2342010	0.0176656569424242
22097	33026	36953	13	2408521	0.0176656569424242
22097	33669	37388	14	2443839	0.0176656569424242
22097	34088	37657	15	2472634	0.0176656569424242
22097	34307	37823	16	2486429	0.0176656569424242
22097	34491	37924	17	2497357	0.0176656569424242
22099	0	1106	0	280	0.0114935185340542
22099	421	1718	1	101573	0.0114935185340542
22099	2378	2628	2	383110	0.0114935185340542
22099	5559	3934	3	783018	0.0114935185340542
22099	9488	5708	4	1255925	0.0114935185340542
22099	11659	7955	5	1482074	0.0114935185340542
22099	12792	10555	6	1631894	0.0114935185340542
22099	13585	13270	7	1723874	0.0114935185340542
22099	16042	15817	8	1936714	0.0114935185340542
22099	18661	17977	9	2115775	0.0114935185340542
22099	19513	19657	10	2218262	0.0114935185340542
22099	19976	20878	11	2275106	0.0114935185340542
22099	20531	21723	12	2342010	0.0114935185340542
22099	20964	22288	13	2408521	0.0114935185340542
22099	21246	22656	14	2443839	0.0114935185340542
22099	21460	22893	15	2472634	0.0114935185340542
22099	21587	23044	16	2486429	0.0114935185340542
22099	21676	23139	17	2497357	0.0114935185340542
22101	0	1384	0	280	0.0106152262285659
22101	753	2190	1	101573	0.0106152262285659
22101	3403	3391	2	383110	0.0106152262285659
22101	6966	5087	3	783018	0.0106152262285659
22101	11102	7309	4	1255925	0.0106152262285659
22101	12958	9953	5	1482074	0.0106152262285659
22101	14167	12758	6	1631894	0.0106152262285659
22101	15072	15397	7	1723874	0.0106152262285659
22101	17181	17612	8	1936714	0.0106152262285659
22101	19028	19300	9	2115775	0.0106152262285659
22101	20071	20495	10	2218262	0.0106152262285659
22101	20597	21296	11	2275106	0.0106152262285659
22101	21123	21815	12	2342010	0.0106152262285659
22101	21629	22142	13	2408521	0.0106152262285659
22101	21938	22347	14	2443839	0.0106152262285659
22101	22168	22473	15	2472634	0.0106152262285659
22101	22291	22550	16	2486429	0.0106152262285659
22101	22374	22597	17	2497357	0.0106152262285659
22103	147	2331	0	280	0.0560186147202909
22103	10493	4104	1	101573	0.0560186147202909
22103	26383	7153	2	383110	0.0560186147202909
22103	52420	12255	3	783018	0.0560186147202909
22103	80031	20414	4	1255925	0.0560186147202909
22103	92830	32565	5	1482074	0.0560186147202909
22103	102008	48862	6	1631894	0.0560186147202909
22103	106705	67908	7	1723874	0.0560186147202909
22103	120491	86888	8	1936714	0.0560186147202909
22103	129423	103024	9	2115775	0.0560186147202909
22103	134506	114992	10	2218262	0.0560186147202909
22103	137763	122999	11	2275106	0.0560186147202909
22103	141274	127993	12	2342010	0.0560186147202909
22103	144703	130973	13	2408521	0.0560186147202909
22103	146151	132705	14	2443839	0.0560186147202909
22103	147382	133696	15	2472634	0.0560186147202909
22103	148096	134257	16	2486429	0.0560186147202909
22103	148777	134574	17	2497357	0.0560186147202909
22105	0	2941	0	280	0.0289877331626224
22105	1955	4532	1	101573	0.0289877331626224
22105	10916	6885	2	383110	0.0289877331626224
22105	19828	10248	3	783018	0.0289877331626224
22105	29645	14820	4	1255925	0.0289877331626224
22105	34976	20639	5	1482074	0.0289877331626224
22105	38329	27447	6	1631894	0.0289877331626224
22105	40542	34675	7	1723874	0.0289877331626224
22105	48477	41595	8	1936714	0.0289877331626224
22105	53207	47597	9	2115775	0.0289877331626224
22105	55836	52372	10	2218262	0.0289877331626224
22105	57411	55916	11	2275106	0.0289877331626224
22105	58968	58414	12	2342010	0.0289877331626224
22105	60642	60110	13	2408521	0.0289877331626224
22105	61655	61233	14	2443839	0.0289877331626224
22105	62363	61965	15	2472634	0.0289877331626224
22105	62775	62437	16	2486429	0.0289877331626224
22105	63060	62738	17	2497357	0.0289877331626224
22107	0	95	0	280	0.000932284803327487
22107	27	152	1	101573	0.000932284803327487
22107	649	241	2	383110	0.000932284803327487
22107	969	373	3	783018	0.000932284803327487
22107	1411	560	4	1255925	0.000932284803327487
22107	1546	807	5	1482074	0.000932284803327487
22107	1659	1103	6	1631894	0.000932284803327487
22107	1743	1419	7	1723874	0.000932284803327487
22107	1983	1720	8	1936714	0.000932284803327487
22107	2339	1973	9	2115775	0.000932284803327487
22107	2476	2168	10	2218262	0.000932284803327487
22107	2518	2307	11	2275106	0.000932284803327487
22107	2586	2400	12	2342010	0.000932284803327487
22107	2653	2461	13	2408521	0.000932284803327487
22107	2688	2499	14	2443839	0.000932284803327487
22107	2709	2523	15	2472634	0.000932284803327487
22107	2725	2538	16	2486429	0.000932284803327487
22107	2735	2547	17	2497357	0.000932284803327487
22109	0	2963	0	280	0.0237612163498748
22109	2343	4494	1	101573	0.0237612163498748
22109	8614	6701	2	383110	0.0237612163498748
22109	15710	9752	3	783018	0.0237612163498748
22109	24286	13736	4	1255925	0.0237612163498748
22109	28495	18569	5	1482074	0.0237612163498748
22109	31588	23934	6	1631894	0.0237612163498748
22109	33803	29332	7	1723874	0.0237612163498748
22109	38826	34254	8	1936714	0.0237612163498748
22109	42110	38354	9	2115775	0.0237612163498748
22109	44567	41520	10	2218262	0.0237612163498748
22109	45852	43825	11	2275106	0.0237612163498748
22109	47230	45432	12	2342010	0.0237612163498748
22109	48399	46518	13	2408521	0.0237612163498748
22109	49136	47238	14	2443839	0.0237612163498748
22109	50008	47708	15	2472634	0.0237612163498748
22109	50361	48012	16	2486429	0.0237612163498748
22109	50589	48208	17	2497357	0.0237612163498748
22111	0	611	0	280	0.00475564200091465
22111	293	943	1	101573	0.00475564200091465
22111	1948	1429	2	383110	0.00475564200091465
22111	3452	2103	3	783018	0.00475564200091465
22111	5410	2980	4	1255925	0.00475564200091465
22111	6278	4027	5	1482074	0.00475564200091465
22111	6691	5158	6	1631894	0.00475564200091465
22111	7049	6254	7	1723874	0.00475564200091465
22111	7982	7208	8	1936714	0.00475564200091465
22111	8790	7966	9	2115775	0.00475564200091465
22111	9105	8526	10	2218262	0.00475564200091465
22111	9327	8916	11	2275106	0.00475564200091465
22111	9548	9178	12	2342010	0.00475564200091465
22111	9784	9350	13	2408521	0.00475564200091465
22111	9920	9460	14	2443839	0.00475564200091465
22111	10008	9530	15	2472634	0.00475564200091465
22111	10064	9574	16	2486429	0.00475564200091465
22111	10098	9602	17	2497357	0.00475564200091465
22113	0	1650	0	280	0.0128013846171717
22113	552	2471	1	101573	0.0128013846171717
22113	2919	3632	2	383110	0.0128013846171717
22113	5616	5201	3	783018	0.0128013846171717
22113	10052	7202	4	1255925	0.0128013846171717
22113	12168	9568	5	1482074	0.0128013846171717
22113	13247	12128	6	1631894	0.0128013846171717
22113	14145	14647	7	1723874	0.0128013846171717
22113	16947	16903	8	1936714	0.0128013846171717
22113	19394	18760	9	2115775	0.0128013846171717
22113	20362	20185	10	2218262	0.0128013846171717
22113	20894	21221	11	2275106	0.0128013846171717
22113	21501	21945	12	2342010	0.0128013846171717
22113	22083	22437	13	2408521	0.0128013846171717
22113	22348	22764	14	2443839	0.0128013846171717
22113	22662	22980	15	2472634	0.0128013846171717
22113	22787	23121	16	2486429	0.0128013846171717
22113	22902	23213	17	2497357	0.0128013846171717
22115	0	1501	0	280	0.010202430996082
22115	329	2365	1	101573	0.010202430996082
22115	2185	3640	2	383110	0.010202430996082
22115	4353	5423	3	783018	0.010202430996082
22115	7370	7729	4	1255925	0.010202430996082
22115	10041	10433	5	1482074	0.010202430996082
22115	13024	13260	6	1631894	0.010202430996082
22115	14788	15881	7	1723874	0.010202430996082
22115	17389	18057	8	1936714	0.010202430996082
22115	19998	19701	9	2115775	0.010202430996082
22115	21750	20859	10	2218262	0.010202430996082
22115	22780	21633	11	2275106	0.010202430996082
22115	23840	22134	12	2342010	0.010202430996082
22115	25663	22451	13	2408521	0.010202430996082
22115	26384	22649	14	2443839	0.010202430996082
22115	26674	22771	15	2472634	0.010202430996082
22115	26862	22846	16	2486429	0.010202430996082
22115	27009	22892	17	2497357	0.010202430996082
22117	0	1396	0	280	0.00993677069794876
22117	567	2170	1	101573	0.00993677069794876
22117	2906	3298	2	383110	0.00993677069794876
22117	6525	4852	3	783018	0.00993677069794876
22117	9312	6839	4	1255925	0.00993677069794876
22117	11213	9150	5	1482074	0.00993677069794876
22117	12285	11558	6	1631894	0.00993677069794876
22117	12977	13797	7	1723874	0.00993677069794876
22117	14687	15668	8	1936714	0.00993677069794876
22117	16556	17098	9	2115775	0.00993677069794876
22117	17315	18118	10	2218262	0.00993677069794876
22117	17845	18809	11	2275106	0.00993677069794876
22117	18339	19263	12	2342010	0.00993677069794876
22117	18769	19553	13	2408521	0.00993677069794876
22117	19071	19737	14	2443839	0.00993677069794876
22117	19329	19852	15	2472634	0.00993677069794876
22117	19457	19923	16	2486429	0.00993677069794876
22117	19549	19968	17	2497357	0.00993677069794876
22119	0	802	0	280	0.00824730026755326
22119	444	1256	1	101573	0.00824730026755326
22119	2956	1936	2	383110	0.00824730026755326
22119	5403	2917	3	783018	0.00824730026755326
22119	8703	4259	4	1255925	0.00824730026755326
22119	10098	5964	5	1482074	0.00824730026755326
22119	10840	7938	6	1631894	0.00824730026755326
22119	11490	9993	7	1723874	0.00824730026755326
22119	12489	11908	8	1936714	0.00824730026755326
22119	14099	13518	9	2115775	0.00824730026755326
22119	14904	14757	10	2218262	0.00824730026755326
22119	15277	15649	11	2275106	0.00824730026755326
22119	15674	16259	12	2342010	0.00824730026755326
22119	16011	16662	13	2408521	0.00824730026755326
22119	16277	16923	14	2443839	0.00824730026755326
22119	16465	17090	15	2472634	0.00824730026755326
22119	16545	17195	16	2486429	0.00824730026755326
22119	16623	17260	17	2497357	0.00824730026755326
22121	0	450	0	280	0.00569287432396445
22121	271	730	1	101573	0.00569287432396445
22121	1458	1169	2	383110	0.00569287432396445
22121	3570	1837	3	783018	0.00569287432396445
22121	6658	2803	4	1255925	0.00569287432396445
22121	8102	4107	5	1482074	0.00569287432396445
22121	8885	5709	6	1631894	0.00569287432396445
22121	9424	7468	7	1723874	0.00569287432396445
22121	10914	9174	8	1936714	0.00569287432396445
22121	12343	10641	9	2115775	0.00569287432396445
22121	12883	11777	10	2218262	0.00569287432396445
22121	13182	12588	11	2275106	0.00569287432396445
22121	13583	13135	12	2342010	0.00569287432396445
22121	13914	13488	13	2408521	0.00569287432396445
22121	14048	13710	14	2443839	0.00569287432396445
22121	14179	13848	15	2472634	0.00569287432396445
22121	14236	13933	16	2486429	0.00569287432396445
22121	14280	13984	17	2497357	0.00569287432396445
22123	0	375	0	280	0.00232963646055299
22123	191	603	1	101573	0.00232963646055299
22123	1701	936	2	383110	0.00232963646055299
22123	2338	1383	3	783018	0.00232963646055299
22123	2783	1920	4	1255925	0.00232963646055299
22123	3021	2485	5	1482074	0.00232963646055299
22123	3151	3002	6	1631894	0.00232963646055299
22123	3285	3419	7	1723874	0.00232963646055299
22123	3591	3721	8	1936714	0.00232963646055299
22123	3922	3924	9	2115775	0.00232963646055299
22123	4068	4054	10	2218262	0.00232963646055299
22123	4130	4134	11	2275106	0.00232963646055299
22123	4236	4182	12	2342010	0.00232963646055299
22123	4311	4211	13	2408521	0.00232963646055299
22123	4350	4228	14	2443839	0.00232963646055299
22123	4396	4238	15	2472634	0.00232963646055299
22123	4415	4244	16	2486429	0.00232963646055299
22123	4424	4247	17	2497357	0.00232963646055299
22125	0	309	0	280	0.00334882552335079
22125	346	550	1	101573	0.00334882552335079
22125	2146	960	2	383110	0.00334882552335079
22125	4532	1630	3	783018	0.00334882552335079
22125	7287	2644	4	1255925	0.00334882552335079
22125	8832	4022	5	1482074	0.00334882552335079
22125	10052	5640	6	1631894	0.00334882552335079
22125	10523	7243	7	1723874	0.00334882552335079
22125	11377	8587	8	1936714	0.00334882552335079
22125	12414	9563	9	2115775	0.00334882552335079
22125	12786	10201	10	2218262	0.00334882552335079
22125	12955	10590	11	2275106	0.00334882552335079
22125	13236	10817	12	2342010	0.00334882552335079
22125	13515	10946	13	2408521	0.00334882552335079
22125	13640	11018	14	2443839	0.00334882552335079
22125	13845	11058	15	2472634	0.00334882552335079
22125	13952	11081	16	2486429	0.00334882552335079
22125	13987	11093	17	2497357	0.00334882552335079
22127	0	510	0	280	0.00299088322691864
22127	86	775	1	101573	0.00299088322691864
22127	991	1149	2	383110	0.00299088322691864
22127	2143	1648	3	783018	0.00299088322691864
22127	2898	2265	4	1255925	0.00299088322691864
22127	3826	2961	5	1482074	0.00299088322691864
22127	4187	3667	6	1631894	0.00299088322691864
22127	4372	4313	7	1723874	0.00299088322691864
22127	4789	4848	8	1936714	0.00299088322691864
22127	5374	5257	9	2115775	0.00299088322691864
22127	5675	5551	10	2218262	0.00299088322691864
22127	5827	5753	11	2275106	0.00299088322691864
22127	5963	5887	12	2342010	0.00299088322691864
22127	6377	5975	13	2408521	0.00299088322691864
22127	6487	6031	14	2443839	0.00299088322691864
22127	6537	6067	15	2472634	0.00299088322691864
22127	6639	6089	16	2486429	0.00299088322691864
22127	6661	6104	17	2497357	0.00299088322691864
