432	7
MD	24001	0	1.7550065787988	0	198	0.011647325032089
MD	24001	1.5	3.12859871035479	1	1146	0.011647325032089
MD	24001	11	5.45862135211568	2	5327	0.011647325032089
MD	24001	17.1	9.19223715015145	3	10686	0.011647325032089
MD	24001	31.4	14.661387331884	4	25343	0.011647325032089
MD	24001	38.2	21.7040655888259	5	38778	0.011647325032089
MD	24001	42.4	29.4083321778632	6	44859	0.011647325032089
MD	24001	43.6	36.4683228233473	7	47249	0.011647325032089
MD	24001	45.3	41.9623624433118	8	49486	0.011647325032089
MD	24001	47.8	45.7187318781738	9	48580	0.011647325032089
MD	24001	49.9	48.0653283137398	10	51691	0.011647325032089
MD	24001	51	49.4495468909946	11	54006	0.011647325032089
MD	24001	53.4	50.2386040229165	12	55781	0.011647325032089
MD	24001	54.6	50.6796438542415	13	80977	0.011647325032089
MD	24001	55.2	50.9234565131153	14	79237	0.011647325032089
MD	24001	55.8	51.0574179108261	15	80237	0.011647325032089
MD	24001	55.7	51.1307750350397	16	80375	0.011647325032089
MD	24001	55.9	51.1708713432879	17	80884	0.011647325032089
MD	24003	0	0.62156397766285	0	198	0.0958095698085244
MD	24003	1.6	1.35574930724684	1	1146	0.0958095698085244
MD	24003	8	2.920052226413	2	5327	0.0958095698085244
MD	24003	18.2	6.12557238685724	3	10686	0.0958095698085244
MD	24003	35.7	12.1992405467286	4	25343	0.0958095698085244
MD	24003	49.8	22.1680063292033	5	38778	0.0958095698085244
MD	24003	58.5	35.2215025698111	6	44859	0.0958095698085244
MD	24003	61.4	48.0551667937001	7	47249	0.0958095698085244
MD	24003	64.1	57.568640924717	8	49486	0.0958095698085244
MD	24003	66.7	63.2473807144171	9	48580	0.0958095698085244
MD	24003	68.8	66.2094580770474	10	51691	0.0958095698085244
MD	24003	70	67.646297567934	11	54006	0.0958095698085244
MD	24003	73.1	68.3187139363489	12	55781	0.0958095698085244
MD	24003	74.5	68.6281041830133	13	80977	0.0958095698085244
MD	24003	76.1	68.7693489025393	14	79237	0.0958095698085244
MD	24003	76.8	68.8336000775956	15	80237	0.0958095698085244
MD	24003	76.9	68.8627797951498	16	80375	0.0958095698085244
MD	24003	77.4	68.8760219611298	17	80884	0.0958095698085244
MD	24005	0	0.355060758608379	0	198	0.136853091794471
MD	24005	2.1	0.749464593427014	1	1146	0.136853091794471
MD	24005	10.3	1.57167123235684	2	5327	0.136853091794471
MD	24005	18.9	3.25173548975598	3	10686	0.136853091794471
MD	24005	35	6.54848344230059	4	25343	0.136853091794471
MD	24005	46.8	12.5324020056426	5	38778	0.136853091794471
MD	24005	54.7	22.0003304753422	6	44859	0.136853091794471
MD	24005	57.3	34.1512036748722	7	47249	0.136853091794471
MD	24005	60	46.1572133267417	8	49486	0.136853091794471
MD	24005	62.4	55.3156542728884	9	48580	0.136853091794471
MD	24005	64.1	61.0175251772726	10	51691	0.136853091794471
MD	24005	65	64.1307950846267	11	54006	0.136853091794471
MD	24005	67.3	65.7097615219038	12	55781	0.136853091794471
MD	24005	69.2	66.4806334776492	13	80977	0.136853091794471
MD	24005	70.4	66.8499803811339	14	79237	0.136853091794471
MD	24005	71.2	67.0253519710962	15	80237	0.136853091794471
MD	24005	72.7	67.1082634723929	16	80375	0.136853091794471
MD	24005	73.2	67.1473822779023	17	80884	0.136853091794471
MD	24009	0	0.812915835260426	0	198	0.0153043164706038
MD	24009	1.7	1.63960736652464	1	1146	0.0153043164706038
MD	24009	9.2	3.26313785560872	2	5327	0.0153043164706038
MD	24009	17.8	6.32941330549606	3	10686	0.0153043164706038
MD	24009	32.3	11.7152786084116	4	25343	0.0153043164706038
MD	24009	45	20.0711389219442	5	38778	0.0153043164706038
MD	24009	52.2	30.8289687292364	6	44859	0.0153043164706038
MD	24009	54.1	41.7866043876993	7	47249	0.0153043164706038
MD	24009	56.7	50.5826275991615	8	49486	0.0153043164706038
MD	24009	59.3	56.3899824950627	9	48580	0.0153043164706038
MD	24009	61.3	59.7459076533783	10	51691	0.0153043164706038
MD	24009	63	61.5376618074564	11	54006	0.0153043164706038
MD	24009	66.2	62.4540039609391	12	55781	0.0153043164706038
MD	24009	69.1	62.9123353526667	13	80977	0.0153043164706038
MD	24009	70.2	63.1390316130792	14	79237	0.0153043164706038
MD	24009	70.8	63.2505380389608	15	80237	0.0153043164706038
MD	24009	70.9	63.3052356969245	16	80375	0.0153043164706038
MD	24009	71.2	63.3320307760169	17	80884	0.0153043164706038
MD	24011	0	2.23656982841903	0	198	0.00552559844384751
MD	24011	2.2	4.1586813823313	1	1146	0.00552559844384751
MD	24011	9.7	7.48371158046077	2	5327	0.00552559844384751
MD	24011	17.3	12.7567806249747	3	10686	0.00552559844384751
MD	24011	32.9	20.0664938131573	4	25343	0.00552559844384751
MD	24011	38.8	28.5132068329762	5	38778	0.00552559844384751
MD	24011	43.7	36.4441886602548	6	44859	0.00552559844384751
MD	24011	45.5	42.5651145592708	7	47249	0.00552559844384751
MD	24011	48	46.6124907328448	8	49486	0.00552559844384751
MD	24011	50.4	49.022377045481	9	48580	0.00552559844384751
MD	24011	51.9	50.3686622930627	10	51691	0.00552559844384751
MD	24011	52.5	51.0940928391808	11	54006	0.00552559844384751
MD	24011	53.9	51.477388900716	12	55781	0.00552559844384751
MD	24011	55.1	51.6778131271883	13	80977	0.00552559844384751
MD	24011	56.4	51.7820437465436	14	79237	0.00552559844384751
MD	24011	57.1	51.8360950154023	15	80237	0.00552559844384751
MD	24011	57.2	51.8640832713692	16	80375	0.00552559844384751
MD	24011	57.5	51.8785647843434	17	80884	0.00552559844384751
MD	24013	0	1.02453207887701	0	198	0.0278623744558098
MD	24013	1.8	2.13998855775671	1	1146	0.0278623744558098
MD	24013	9.3	4.38356992970438	2	5327	0.0278623744558098
MD	24013	19.5	8.64358428452028	3	10686	0.0278623744558098
MD	24013	36.7	15.913693334327	4	25343	0.0278623744558098
MD	24013	49.9	26.3209169414335	5	38778	0.0278623744558098
MD	24013	57.2	38.0048764488916	6	44859	0.0278623744558098
MD	24013	59.6	48.0270452758854	7	47249	0.0278623744558098
MD	24013	62	54.823384532776	8	49486	0.0278623744558098
MD	24013	64.5	58.7303405014449	9	48580	0.0278623744558098
MD	24013	66.1	60.7660727661476	10	51691	0.0278623744558098
MD	24013	67.4	61.7726360690608	11	54006	0.0278623744558098
MD	24013	70	62.2574308497147	12	55781	0.0278623744558098
MD	24013	72.2	62.4879701843969	13	80977	0.0278623744558098
MD	24013	73.3	62.5969368695589	14	79237	0.0278623744558098
MD	24013	73.7	62.6482931287555	15	80237	0.0278623744558098
MD	24013	72.2	62.6724646448537	16	80375	0.0278623744558098
MD	24013	72.5	62.6838340310118	17	80884	0.0278623744558098
MD	24015	0	0.670077670345328	0	198	0.0170129745537309
MD	24015	1.7	1.29531548363446	1	1146	0.0170129745537309
MD	24015	9.1	2.47711997826698	2	5327	0.0170129745537309
MD	24015	15.5	4.6431203499349	3	10686	0.0170129745537309
MD	24015	27.8	8.39752838982794	4	25343	0.0170129745537309
MD	24015	37.7	14.3165147960429	5	38778	0.0170129745537309
MD	24015	44	22.3832416268057	6	44859	0.0170129745537309
MD	24015	45.8	31.4414151081204	7	47249	0.0170129745537309
MD	24015	48.1	39.6445451453062	8	49486	0.0170129745537309
MD	24015	50.4	45.7472279980682	9	48580	0.0170129745537309
MD	24015	52.1	49.6554848108094	10	51691	0.0170129745537309
MD	24015	53	51.923580909515	11	54006	0.0170129745537309
MD	24015	54.7	53.1652345462415	12	55781	0.0170129745537309
MD	24015	56.3	53.8233238754007	13	80977	0.0170129745537309
MD	24015	57.3	54.1661418009682	14	79237	0.0170129745537309
MD	24015	58	54.3431184920576	15	80237	0.0170129745537309
MD	24015	58.6	54.4340548089562	16	80375	0.0170129745537309
MD	24015	59.1	54.4806685261858	17	80884	0.0170129745537309
MD	24017	0	0.417563292557718	0	198	0.0270039102301147
MD	24017	0.8	0.871702226173707	1	1146	0.0270039102301147
MD	24017	6	1.80664853627215	2	5327	0.0270039102301147
MD	24017	13.2	3.68964651287573	3	10686	0.0270039102301147
MD	24017	28.9	7.31974996757828	4	25343	0.0270039102301147
MD	24017	41.1	13.762691566882	5	38778	0.0270039102301147
MD	24017	48	23.6808802496143	6	44859	0.0270039102301147
MD	24017	50.7	36.0388223402246	7	47249	0.0270039102301147
MD	24017	53.7	47.9437547204876	8	49486	0.0270039102301147
MD	24017	56.7	56.8850652642905	9	48580	0.0270039102301147
MD	24017	59	62.4245746668202	10	51691	0.0270039102301147
MD	24017	60.8	65.4576267975435	11	54006	0.0270039102301147
MD	24017	63	67.0067626125707	12	55781	0.0270039102301147
MD	24017	67.3	67.7699176458093	13	80977	0.0270039102301147
MD	24017	69	68.1391822071541	14	79237	0.0270039102301147
MD	24017	69.9	68.3163038409441	15	80237	0.0270039102301147
MD	24017	70.5	68.4009063269612	16	80375	0.0270039102301147
MD	24017	71	68.4412358589788	17	80884	0.0270039102301147
MD	24019	0	2.45569300091487	0	198	0.00528129176535973
MD	24019	2	4.35094580349599	1	1146	0.00528129176535973
MD	24019	9.5	7.49583181475236	2	5327	0.00528129176535973
MD	24019	18.9	12.3475216948942	3	10686	0.00528129176535973
MD	24019	32.9	19.0505896380589	4	25343	0.00528129176535973
MD	24019	39.7	27.0263792717549	5	38778	0.00528129176535973
MD	24019	45	34.989777860019	6	44859	0.00528129176535973
MD	24019	47.2	41.6633209863125	7	47249	0.00528129176535973
MD	24019	49.6	46.4827934812574	8	49486	0.00528129176535973
MD	24019	52.2	49.6019438958181	9	48580	0.00528129176535973
MD	24019	53.8	51.4798477443512	10	51691	0.00528129176535973
MD	24019	53.9	52.5616188771155	11	54006	0.00528129176535973
MD	24019	55.2	53.1689820848879	12	55781	0.00528129176535973
MD	24019	56.4	53.5050807371696	13	80977	0.00528129176535973
MD	24019	58.1	53.6895782080818	14	79237	0.00528129176535973
MD	24019	58.9	53.7904087817843	15	80237	0.00528129176535973
MD	24019	59.5	53.8453809288703	16	80375	0.00528129176535973
MD	24019	59.9	53.8753118203212	17	80884	0.00528129176535973
MD	24021	0	0.677188815243462	0	198	0.0429309854309193
MD	24021	1.6	1.44320047658322	1	1146	0.0429309854309193
MD	24021	9.6	3.03677512682802	2	5327	0.0429309854309193
MD	24021	18.6	6.22605867437153	3	10686	0.0429309854309193
MD	24021	35.7	12.1414964516323	4	25343	0.0429309854309193
MD	24021	50.3	21.7109320419265	5	38778	0.0429309854309193
MD	24021	58.2	34.2246924177151	6	44859	0.0429309854309193
MD	24021	60.8	46.7160505752962	7	47249	0.0429309854309193
MD	24021	63.4	56.2382185031021	8	49486	0.0429309854309193
MD	24021	65.8	62.1114266920394	9	48580	0.0429309854309193
MD	24021	67.5	65.2738288953961	10	51691	0.0429309854309193
MD	24021	69	66.8528938106761	11	54006	0.0429309854309193
MD	24021	72.3	67.6116753695391	12	55781	0.0429309854309193
MD	24021	74.6	67.9695617740896	13	80977	0.0429309854309193
MD	24021	76	68.1368787137663	14	79237	0.0429309854309193
MD	24021	76.7	68.2147788276046	15	80237	0.0429309854309193
MD	24021	78.7	68.2509780224329	16	80375	0.0429309854309193
MD	24021	79.1	68.2677842568559	17	80884	0.0429309854309193
MD	24023	0	1.93582077061508	0	198	0.00479912929562928
MD	24023	1.7	3.83409874667067	1	1146	0.00479912929562928
MD	24023	10.3	7.28962679463015	2	5327	0.00479912929562928
MD	24023	19.1	12.9174944600221	3	10686	0.00479912929562928
MD	24023	29.5	20.6089606898355	4	25343	0.00479912929562928
MD	24023	36.4	28.9385094773941	5	38778	0.00479912929562928
MD	24023	39.4	35.965431312619	6	44859	0.00479912929562928
MD	24023	40.4	40.7486052849202	7	47249	0.00479912929562928
MD	24023	41.4	43.5483406286809	8	49486	0.00479912929562928
MD	24023	43.2	45.0444380301999	9	48580	0.00479912929562928
MD	24023	44.5	45.8051442671948	10	51691	0.00479912929562928
MD	24023	45.4	46.1821644080103	11	54006	0.00479912929562928
MD	24023	47.8	46.3666534227417	12	55781	0.00479912929562928
MD	24023	48.6	46.4563665369062	13	80977	0.00479912929562928
MD	24023	49.1	46.4998592283294	14	79237	0.00479912929562928
MD	24023	49.5	46.5209131857106	15	80237	0.00479912929562928
MD	24023	51.1	46.5310976892517	16	80375	0.00479912929562928
MD	24023	51.5	46.536022565908	17	80884	0.00479912929562928
MD	24025	0	0.855553622166033	0	198	0.0422518227891652
MD	24025	1.9	1.83026063246781	1	1146	0.0422518227891652
MD	24025	9.5	3.84573729247934	2	5327	0.0422518227891652
MD	24025	18.1	7.79382494519253	3	10686	0.0422518227891652
MD	24025	33.5	14.7682226230253	4	25343	0.0422518227891652
MD	24025	47.8	25.1010531988744	5	38778	0.0422518227891652
MD	24025	55	37.0143721580324	6	44859	0.0422518227891652
MD	24025	57	47.3529002812041	7	47249	0.0422518227891652
MD	24025	59.3	54.3341377322552	8	49486	0.0422518227891652
MD	24025	61.6	58.2871674649573	9	48580	0.0422518227891652
MD	24025	63.2	60.3054654162602	10	51691	0.0422518227891652
MD	24025	63.8	61.2816092019332	11	54006	0.0422518227891652
MD	24025	66.3	61.7413409349956	12	55781	0.0422518227891652
MD	24025	67.4	61.9551484802897	13	80977	0.0422518227891652
MD	24025	68.6	62.0540010726693	14	79237	0.0422518227891652
MD	24025	69.1	62.09958068561	15	80237	0.0422518227891652
MD	24025	70	62.1205704509556	16	80375	0.0422518227891652
MD	24025	70.3	62.1302308081963	17	80884	0.0422518227891652
MD	24027	0	0.436201342217101	0	198	0.0538715247912559
MD	24027	2	1.01803074012157	1	1146	0.0538715247912559
MD	24027	9.9	2.35179819510947	2	5327	0.0538715247912559
MD	24027	21.8	5.30934414476782	3	10686	0.0538715247912559
MD	24027	41.3	11.4103612416758	4	25343	0.0538715247912559
MD	24027	58	22.3109928347959	5	38778	0.0538715247912559
MD	24027	66.9	37.5722831912967	6	44859	0.0538715247912559
MD	24027	69.4	52.9808717315109	7	47249	0.0538715247912559
MD	24027	71.6	64.170076702163	8	49486	0.0538715247912559
MD	24027	73.5	70.5006757734532	9	48580	0.0538715247912559
MD	24027	74.9	73.5873204688786	10	51691	0.0538715247912559
MD	24027	76	74.9831370945166	11	54006	0.0538715247912559
MD	24027	80.4	75.5927822228145	12	55781	0.0538715247912559
MD	24027	83.4	75.8550042306249	13	80977	0.0538715247912559
MD	24027	84.9	75.967047418147	14	79237	0.0538715247912559
MD	24027	85.5	76.0147861300547	15	80237	0.0538715247912559
MD	24027	85.9	76.035101792171	16	80375	0.0538715247912559
MD	24027	86.4	76.0437428674357	17	80884	0.0538715247912559
MD	24029	0	0.70889308201608	0	198	0.00321254184806341
MD	24029	2.2	1.57736958170151	1	1146	0.00321254184806341
MD	24029	12.3	3.44926995720381	2	5327	0.00321254184806341
MD	24029	24.5	7.27214332121385	3	10686	0.00321254184806341
MD	24029	40.3	14.2858317635125	4	25343	0.00321254184806341
MD	24029	49.6	24.9416769798778	5	38778	0.00321254184806341
MD	24029	54.8	37.2494910906169	6	44859	0.00321254184806341
MD	24029	56.6	47.6696841339302	7	47249	0.00321254184806341
MD	24029	58.8	54.412340746014	8	49486	0.00321254184806341
MD	24029	60.9	58.0495281186057	9	48580	0.00321254184806341
MD	24029	62.1	59.8208565997706	10	51691	0.00321254184806341
MD	24029	62.9	60.640531475402	11	54006	0.00321254184806341
MD	24029	64.4	61.0108490104404	12	55781	0.00321254184806341
MD	24029	65.7	61.1763394759912	13	80977	0.00321254184806341
MD	24029	66.7	61.2499347203875	14	79237	0.00321254184806341
MD	24029	67.2	61.2825921202588	15	80237	0.00321254184806341
MD	24029	65.6	61.2970696311212	16	80375	0.00321254184806341
MD	24029	66.1	61.3034849780816	17	80884	0.00321254184806341
MD	24031	0	0.23906199497936	0	198	0.173791533789417
MD	24031	1.9	0.556597287872474	1	1146	0.173791533789417
MD	24031	8.9	1.28890149124324	2	5327	0.173791533789417
MD	24031	20.9	2.94796579239912	3	10686	0.173791533789417
MD	24031	42.1	6.55973747994107	4	25343	0.173791533789417
MD	24031	58.9	13.7829491274421	5	38778	0.173791533789417
MD	24031	68	26.0554353198959	6	44859	0.173791533789417
MD	24031	70.9	42.0841856588786	7	47249	0.173791533789417
MD	24031	73.4	57.1130902770371	8	49486	0.173791533789417
MD	24031	75.7	67.410452232807	9	48580	0.173791533789417
MD	24031	77.5	73.0437641961057	10	51691	0.173791533789417
MD	24031	79.9	75.7515766139761	11	54006	0.173791533789417
MD	24031	83.3	76.9721371170335	12	55781	0.173791533789417
MD	24031	84	77.5063263451379	13	80977	0.173791533789417
MD	24031	85.6	77.737096816108	14	79237	0.173791533789417
MD	24031	86.5	77.8362291221999	15	80237	0.173791533789417
MD	24031	87.1	77.8787102443248	16	80375	0.173791533789417
MD	24031	87.9	77.8968957206427	17	80884	0.173791533789417
MD	24033	0	0.366179050896044	0	198	0.150409383229016
MD	24033	0.9	0.744751443074564	1	1146	0.150409383229016
MD	24033	5.1	1.50666232134449	2	5327	0.150409383229016
MD	24033	13	3.01579511426753	3	10686	0.150409383229016
MD	24033	29	5.91264688914776	4	25343	0.150409383229016
MD	24033	42.7	11.1527358231934	5	38778	0.150409383229016
MD	24033	50.4	19.6871032255081	6	44859	0.150409383229016
MD	24033	53.7	31.4642508111505	7	47249	0.150409383229016
MD	24033	57.2	44.479436886295	8	49486	0.150409383229016
MD	24033	60.7	55.7618814092277	9	48580	0.150409383229016
MD	24033	63.5	63.6604092774601	10	51691	0.150409383229016
MD	24033	65.7	68.3994934669038	11	54006	0.150409383229016
MD	24033	68	70.9842509635468	12	55781	0.150409383229016
MD	24033	70.6	72.3210447286568	13	80977	0.150409383229016
MD	24033	72.6	72.9934312339652	14	79237	0.150409383229016
MD	24033	73.9	73.3268963453691	15	80237	0.150409383229016
MD	24033	75	73.4911194614838	16	80375	0.150409383229016
MD	24033	75.5	73.5717156810177	17	80884	0.150409383229016
MD	24035	0	1.03029699747673	0	198	0.00833338846912175
MD	24035	1.5	2.15032378769725	1	1146	0.00833338846912175
MD	24035	8.8	4.39534875288539	2	5327	0.00833338846912175
MD	24035	19	8.62755664785912	3	10686	0.00833338846912175
MD	24035	35.7	15.7556037412123	4	25343	0.00833338846912175
MD	24035	46.4	25.7524552008253	5	38778	0.00833338846912175
MD	24035	52.1	36.6906428083058	6	44859	0.00833338846912175
MD	24035	54	45.8384896558156	7	47249	0.00833338846912175
MD	24035	56.4	51.9207717973631	8	49486	0.00833338846912175
MD	24035	58.7	55.3729718353249	9	48580	0.00833338846912175
MD	24035	60.1	57.1586306722793	10	51691	0.00833338846912175
MD	24035	61.1	58.0380074788306	11	54006	0.00833338846912175
MD	24035	62.9	58.4605965797168	12	55781	0.00833338846912175
MD	24035	64.6	58.661283568785	13	80977	0.00833338846912175
MD	24035	65.5	58.7560534747422	14	79237	0.00833338846912175
MD	24035	66	58.8006872012269	15	80237	0.00833338846912175
MD	24035	67.4	58.8216819086385	16	80375	0.00833338846912175
MD	24035	67.8	58.8315515093857	17	80884	0.00833338846912175
MD	24037	0	0.872836816049918	0	198	0.0187753900305673
MD	24037	2	1.76931606079641	1	1146	0.0187753900305673
MD	24037	11.3	3.53211974319831	2	5327	0.0187753900305673
MD	24037	16.1	6.84688696094939	3	10686	0.0187753900305673
MD	24037	29.8	12.586532346224	4	25343	0.0187753900305673
MD	24037	44.5	21.2372295999402	5	38778	0.0187753900305673
MD	24037	50.4	31.8862556286884	6	44859	0.0187753900305673
MD	24037	52.2	42.1582867859414	7	47249	0.0187753900305673
MD	24037	54.5	49.9823173886646	8	49486	0.0187753900305673
MD	24037	57	54.936473808072	9	48580	0.0187753900305673
MD	24037	59.7	57.7162698342234	10	51691	0.0187753900305673
MD	24037	62	59.1711372389277	11	54006	0.0187753900305673
MD	24037	64.5	59.9048883464126	12	55781	0.0187753900305673
MD	24037	64.4	60.2680393633663	13	80977	0.0187753900305673
MD	24037	65.4	60.446094536349	14	79237	0.0187753900305673
MD	24037	65.9	60.5329947893587	15	80237	0.0187753900305673
MD	24037	66.6	60.5753112949568	16	80375	0.0187753900305673
MD	24037	66.9	60.5958949354826	17	80884	0.0187753900305673
MD	24039	0	1.7493350088614	0	198	0.00423707506847865
MD	24039	1.7	2.93060193370284	1	1146	0.00423707506847865
MD	24039	8.2	4.83081407857583	2	5327	0.00423707506847865
MD	24039	14.2	7.76289204205027	3	10686	0.00423707506847865
MD	24039	25.1	12.00866293556	4	25343	0.00423707506847865
MD	24039	32.2	17.623399886794	5	38778	0.00423707506847865
MD	24039	36.6	24.2199050248932	6	44859	0.00423707506847865
MD	24039	38.6	30.9732253820999	7	47249	0.00423707506847865
MD	24039	40.8	36.9796234365114	8	49486	0.00423707506847865
MD	24039	43.3	41.6889076664372	9	48580	0.00423707506847865
MD	24039	45	45.0292737970604	10	51691	0.00423707506847865
MD	24039	45.6	47.2338952415088	11	54006	0.00423707506847865
MD	24039	47.3	48.6205411763297	12	55781	0.00423707506847865
MD	24039	49	49.466461334018	13	80977	0.00423707506847865
MD	24039	50.4	49.9729282648415	14	79237	0.00423707506847865
MD	24039	51.4	50.2727614522342	15	80237	0.00423707506847865
MD	24039	50.3	50.4490827962636	16	80375	0.00423707506847865
MD	24039	50.6	50.55236376993	17	80884	0.00423707506847865
MD	24041	0	1.10224395311556	0	198	0.00615001124770084
MD	24041	1.7	2.54149179790797	1	1146	0.00615001124770084
MD	24041	13.2	5.6921471379409	2	5327	0.00615001124770084
MD	24041	25.9	11.9962903174134	3	10686	0.00615001124770084
MD	24041	45.8	22.6123138037267	4	25343	0.00615001124770084
MD	24041	53.9	36.1872301592502	5	38778	0.00615001124770084
MD	24041	59.7	48.5397900574376	6	44859	0.00615001124770084
MD	24041	61.5	56.7517716208615	7	47249	0.00615001124770084
MD	24041	64	61.1362266382697	8	49486	0.00615001124770084
MD	24041	66.2	63.2061903226448	9	48580	0.00615001124770084
MD	24041	67.7	64.1265743060769	10	51691	0.00615001124770084
MD	24041	68.1	64.5248680449041	11	54006	0.00615001124770084
MD	24041	69.8	64.6952032576277	12	55781	0.00615001124770084
MD	24041	71.3	64.7676806523313	13	80977	0.00615001124770084
MD	24041	72.4	64.7984531003457	14	79237	0.00615001124770084
MD	24041	72.9	64.8115064729264	15	80237	0.00615001124770084
MD	24041	73.7	64.8170414294775	16	80375	0.00615001124770084
MD	24041	74.2	64.8193880017921	17	80884	0.00615001124770084
MD	24043	0	1.41525301752601	0	198	0.0249846171150309
MD	24043	2.2	2.53337063262766	1	1146	0.0249846171150309
MD	24043	8.5	4.46146430090094	2	5327	0.0249846171150309
MD	24043	16.7	7.64367480356363	3	10686	0.0249846171150309
MD	24043	29	12.5340136511121	4	25343	0.0249846171150309
MD	24043	37.8	19.2822853983403	5	38778	0.0249846171150309
MD	24043	43.2	27.3317539551765	6	44859	0.0249846171150309
MD	24043	45.6	35.4200050849365	7	47249	0.0249846171150309
MD	24043	47.8	42.2610927037942	8	49486	0.0249846171150309
MD	24043	50.3	47.2534718791812	9	48580	0.0249846171150309
MD	24043	52.3	50.5179186892159	10	51691	0.0249846171150309
MD	24043	53.8	52.5019504375918	11	54006	0.0249846171150309
MD	24043	55.9	53.654627519373	12	55781	0.0249846171150309
MD	24043	57.7	54.3068323308858	13	80977	0.0249846171150309
MD	24043	58.8	54.6703503788569	14	79237	0.0249846171150309
MD	24043	59.5	54.8712660410352	15	80237	0.0249846171150309
MD	24043	59.9	54.9817955295788	16	80375	0.0249846171150309
MD	24043	60.2	55.0424451663583	17	80884	0.0249846171150309
MD	24045	0	1.54714123294003	0	198	0.0171376917071363
MD	24045	2.6	2.67371147581387	1	1146	0.0171376917071363
MD	24045	10.5	4.55012666215512	2	5327	0.0171376917071363
MD	24045	17.6	7.55155440576588	3	10686	0.0171376917071363
MD	24045	31.2	12.0550635410841	4	25343	0.0171376917071363
MD	24045	36.6	18.2031160520166	5	38778	0.0171376917071363
MD	24045	41.7	25.5960817415986	6	44859	0.0171376917071363
MD	24045	43.6	33.24217343099	7	47249	0.0171376917071363
MD	24045	45.8	40.0111720310015	8	49486	0.0171376917071363
MD	24045	48.5	45.2268190885596	9	48580	0.0171376917071363
MD	24045	50.1	48.831834268157	10	51691	0.0171376917071363
MD	24045	50.8	51.140456046967	11	54006	0.0171376917071363
MD	24045	52.2	52.5474044052482	12	55781	0.0171376917071363
MD	24045	53.7	53.3790952228249	13	80977	0.0171376917071363
MD	24045	54.7	53.8618976290014	14	79237	0.0171376917071363
MD	24045	55.5	54.139221569586	15	80237	0.0171376917071363
MD	24045	56	54.2975515275569	16	80375	0.0171376917071363
MD	24045	56.3	54.3876315268055	17	80884	0.0171376917071363
MD	24047	0	0.699873406432715	0	198	0.00864683542628786
MD	24047	2.2	1.39513639133969	1	1146	0.00864683542628786
MD	24047	13.7	2.7498518558491	2	5327	0.00864683542628786
MD	24047	23.6	5.30397762230817	3	10686	0.00864683542628786
MD	24047	42.1	9.83345876268554	4	25343	0.00864683542628786
MD	24047	49.8	17.0572434988459	5	38778	0.00864683542628786
MD	24047	55.7	26.8325228352673	6	44859	0.00864683542628786
MD	24047	58	37.4862475308314	7	47249	0.00864683542628786
MD	24047	60.6	46.6770264095783	8	49486	0.00864683542628786
MD	24047	63.7	53.1379451529207	9	48580	0.00864683542628786
MD	24047	65.4	57.0543640825312	10	51691	0.00864683542628786
MD	24047	66.3	59.2188436040783	11	54006	0.00864683542628786
MD	24047	68.1	60.3543307563064	12	55781	0.00864683542628786
MD	24047	69.6	60.9337452420776	13	80977	0.00864683542628786
MD	24047	70.4	61.225233142243	14	79237	0.00864683542628786
MD	24047	71	61.3708238934229	15	80237	0.00864683542628786
MD	24047	72	61.4432819895716	16	80375	0.00864683542628786
MD	24047	72.5	61.4792787073071	17	80884	0.00864683542628786
MD	24510	0	0.541051926885312	0	198	0.098167617207659
MD	24510	1.9	1.02527430058715	1	1146	0.098167617207659
MD	24510	7.8	1.93047411662692	2	5327	0.098167617207659
MD	24510	15.4	3.59205817492652	3	10686	0.098167617207659
MD	24510	29	6.5423710542482	4	25343	0.098167617207659
MD	24510	39.2	11.4844461219494	5	38778	0.098167617207659
MD	24510	46.2	19.0069141012432	6	44859	0.098167617207659
MD	24510	49	28.9378829092787	7	47249	0.098167617207659
MD	24510	51.9	39.8456373875721	8	49486	0.098167617207659
MD	24510	54.8	49.6512112706433	9	48580	0.098167617207659
MD	24510	57	57.0005031705454	10	51691	0.098167617207659
MD	24510	57.8	61.7926131956264	11	54006	0.098167617207659
MD	24510	60	64.6398459680807	12	55781	0.098167617207659
MD	24510	62.1	66.23894133295	13	80977	0.098167617207659
MD	24510	63.5	67.1087581975321	14	79237	0.098167617207659
MD	24510	64.6	67.5736656299631	15	80237	0.098167617207659
MD	24510	64.2	67.8198262227117	16	80375	0.098167617207659
MD	24510	64.7	67.949514876049	17	80884	0.098167617207659
