1494	7
MI	26001	0	1.11508682689872	0	125	0.00104186932885892
MI	26001	1.1	2.49409818223501	1	4336	0.00104186932885892
MI	26001	8	5.39668043600464	2	57213	0.00104186932885892
MI	26001	29.1	10.9275255582821	3	78840	0.00104186932885892
MI	26001	39.7	19.7148604866115	4	139935	0.00104186932885892
MI	26001	45.4	30.3180036882843	5	201632	0.00104186932885892
MI	26001	47.8	39.5747336844523	6	239015	0.00104186932885892
MI	26001	48.5	45.6343888398165	7	257428	0.00104186932885892
MI	26001	49.4	48.8901292566753	8	275316	0.00104186932885892
MI	26001	50.8	50.4556767399798	9	296986	0.00104186932885892
MI	26001	54.7	51.168274590665	10	115826	0.00104186932885892
MI	26001	55.7	51.4845094401853	11	138044	0.00104186932885892
MI	26001	56.4	51.6232658671278	12	240943	0.00104186932885892
MI	26001	57.4	51.6838459731455	13	251859	0.00104186932885892
MI	26001	57.9	51.7102372109193	14	263735	0.00104186932885892
MI	26001	58.1	51.721723416897	15	276296	0.00104186932885892
MI	26001	58.3	51.726720466852	16	290087	0.00104186932885892
MI	26001	58.4	51.7288940315571	17	301629	0.00104186932885892
MI	26003	0	0.948396709575973	0	125	0.000911998639812305
MI	26003	1.4	2.09338592117786	1	4336	0.000911998639812305
MI	26003	15.9	4.50862817211729	2	57213	0.000911998639812305
MI	26003	31.4	9.23779511183826	3	78840	0.000911998639812305
MI	26003	41.6	17.280476317377	4	139935	0.000911998639812305
MI	26003	49.3	28.1583761712582	5	201632	0.000911998639812305
MI	26003	53	39.0716837342853	6	239015	0.000911998639812305
MI	26003	54	47.1863371565936	7	257428	0.000911998639812305
MI	26003	55	51.9761297453158	8	275316	0.000911998639812305
MI	26003	56.3	54.4275876959474	9	296986	0.000911998639812305
MI	26003	58.9	55.5909897812416	10	115826	0.000911998639812305
MI	26003	59.8	56.1232926601247	11	138044	0.000911998639812305
MI	26003	60.6	56.3627629299693	12	240943	0.000911998639812305
MI	26003	61.5	56.4696754764737	13	251859	0.000911998639812305
MI	26003	61.8	56.5172442877328	14	263735	0.000911998639812305
MI	26003	62.2	56.5383770012178	15	276296	0.000911998639812305
MI	26003	62.5	56.5477589834496	16	290087	0.000911998639812305
MI	26003	62.8	56.5519229148524	17	301629	0.000911998639812305
MI	26005	0	1.29551282525578	0	125	0.011823639809802
MI	26005	1.7	2.70980817977761	1	4336	0.011823639809802
MI	26005	6.3	5.4994434596822	2	57213	0.011823639809802
MI	26005	15.2	10.5422537450017	3	78840	0.011823639809802
MI	26005	28.7	18.3686368843211	4	139935	0.011823639809802
MI	26005	35.8	28.0416403027239	5	201632	0.011823639809802
MI	26005	39.9	37.1259595127011	6	239015	0.011823639809802
MI	26005	41.3	43.7047828829725	7	257428	0.011823639809802
MI	26005	42.8	47.6262365868328	8	275316	0.011823639809802
MI	26005	44.3	49.698234797161	9	296986	0.011823639809802
MI	26005	47.3	50.7236117892378	10	115826	0.011823639809802
MI	26005	48.2	51.2145949921985	11	138044	0.011823639809802
MI	26005	49.6	51.4459815950972	12	240943	0.011823639809802
MI	26005	50.9	51.5542094089492	13	251859	0.011823639809802
MI	26005	51.7	51.6046530675778	14	263735	0.011823639809802
MI	26005	52	51.6281255537338	15	276296	0.011823639809802
MI	26005	52.3	51.6390394210912	16	290087	0.011823639809802
MI	26005	52.5	51.6441121705918	17	301629	0.011823639809802
MI	26007	0	0.985113207678571	0	125	0.00284423818224292
MI	26007	2.7	2.00075316780077	1	4336	0.00284423818224292
MI	26007	9.6	3.98189922280427	2	57213	0.00284423818224292
MI	26007	22.5	7.62603205320235	3	78840	0.00284423818224292
MI	26007	35.5	13.6581146626318	4	139935	0.00284423818224292
MI	26007	40.6	22.0903852955736	5	201632	0.00284423818224292
MI	26007	43.2	31.4650209939874	6	239015	0.00284423818224292
MI	26007	44.1	39.5685416823093	7	257428	0.00284423818224292
MI	26007	45.2	45.1842625028653	8	275316	0.00284423818224292
MI	26007	46.3	48.5064779904743	9	296986	0.00284423818224292
MI	26007	51.9	50.2909214214255	10	115826	0.00284423818224292
MI	26007	52.4	51.199881032982	11	138044	0.00284423818224292
MI	26007	53.2	51.6503876462121	12	240943	0.00284423818224292
MI	26007	54.6	51.8706429839008	13	251859	0.00284423818224292
MI	26007	55.3	51.977607994302	14	263735	0.00284423818224292
MI	26007	55.6	52.0293855321539	15	276296	0.00284423818224292
MI	26007	55.8	52.0544094451198	16	290087	0.00284423818224292
MI	26007	55.9	52.0664941890359	17	301629	0.00284423818224292
MI	26009	0	1.35045440933068	0	125	0.0023354695075738
MI	26009	1.3	3.07938112180027	1	4336	0.0023354695075738
MI	26009	9.8	6.74150260956203	2	57213	0.0023354695075738
MI	26009	23.1	13.6082466827702	3	78840	0.0023354695075738
MI	26009	36.8	23.9661482390346	4	139935	0.0023354695075738
MI	26009	45.3	35.3984327271336	5	201632	0.0023354695075738
MI	26009	48.5	44.3812793023385	6	239015	0.0023354695075738
MI	26009	49.5	49.7365991970657	7	257428	0.0023354695075738
MI	26009	50.8	52.4204979391566	8	275316	0.0023354695075738
MI	26009	51.8	53.6488702104637	9	296986	0.0023354695075738
MI	26009	54.2	54.1876465748464	10	115826	0.0023354695075738
MI	26009	55	54.419536658899	11	138044	0.0023354695075738
MI	26009	56	54.5185298691314	12	240943	0.0023354695075738
MI	26009	57.1	54.5606422141224	13	251859	0.0023354695075738
MI	26009	57.7	54.5785304086988	14	263735	0.0023354695075738
MI	26009	57.9	54.5861240255045	15	276296	0.0023354695075738
MI	26009	58.2	54.5893466827716	16	290087	0.0023354695075738
MI	26009	58.4	54.590714191233	17	301629	0.0023354695075738
MI	26011	0	2.13624522025315	0	125	0.00149025864693967
MI	26011	0.9	4.29935176295826	1	4336	0.00149025864693967
MI	26011	5.9	8.26224749788269	2	57213	0.00149025864693967
MI	26011	20	14.6653312492404	3	78840	0.00149025864693967
MI	26011	31.8	23.171462102339	4	139935	0.00149025864693967
MI	26011	38.9	31.9493449318244	5	201632	0.00149025864693967
MI	26011	41.9	38.9361178414343	6	239015	0.00149025864693967
MI	26011	42.7	43.4354335658223	7	257428	0.00149025864693967
MI	26011	43.5	45.9506362622402	8	275316	0.00149025864693967
MI	26011	44.8	47.2465821401913	9	296986	0.00149025864693967
MI	26011	47.5	47.8863086302452	10	115826	0.00149025864693967
MI	26011	48.5	48.1954216951709	11	138044	0.00149025864693967
MI	26011	49.6	48.3432404015668	12	240943	0.00149025864693967
MI	26011	50.5	48.4135765234089	13	251859	0.00149025864693967
MI	26011	51	48.4469650209029	14	263735	0.00149025864693967
MI	26011	51.2	48.4627966577861	15	276296	0.00149025864693967
MI	26011	51.3	48.4702994442505	16	290087	0.00149025864693967
MI	26011	51.4	48.4738541962311	17	301629	0.00149025864693967
MI	26013	0	2.32763336841223	0	125	0.000821980328746071
MI	26013	2.7	4.03212995026164	1	4336	0.000821980328746071
MI	26013	20.5	6.82150671891554	2	57213	0.000821980328746071
MI	26013	26.5	11.1152681665156	3	78840	0.000821980328746071
MI	26013	36.4	17.1394867584819	4	139935	0.000821980328746071
MI	26013	39.4	24.5776680590151	5	201632	0.000821980328746071
MI	26013	44.7	32.4386554571352	6	239015	0.000821980328746071
MI	26013	47.8	39.4919162316128	7	257428	0.000821980328746071
MI	26013	49.1	44.9494550736955	8	275316	0.000821980328746071
MI	26013	50.9	48.7081358711141	9	296986	0.000821980328746071
MI	26013	54.4	51.0938877345178	10	115826	0.000821980328746071
MI	26013	56.8	52.5306395662357	11	138044	0.000821980328746071
MI	26013	58	53.3686400207858	12	240943	0.000821980328746071
MI	26013	58.6	53.8483171470982	13	251859	0.000821980328746071
MI	26013	59.3	54.1199394856291	14	263735	0.000821980328746071
MI	26013	60.7	54.2728090249836	15	276296	0.000821980328746071
MI	26013	61	54.3585477079452	16	290087	0.000821980328746071
MI	26013	61.5	54.4065421492935	17	301629	0.000821980328746071
MI	26015	0	0.995097857507209	0	125	0.00616310016254363
MI	26015	1.7	2.01201087758794	1	4336	0.00616310016254363
MI	26015	6.2	3.9834097081086	2	57213	0.00616310016254363
MI	26015	15.4	7.58037679864584	3	78840	0.00616310016254363
MI	26015	26.9	13.4715201902406	4	139935	0.00616310016254363
MI	26015	34.2	21.6016423680534	5	201632	0.00616310016254363
MI	26015	37.8	30.5223682361016	6	239015	0.00616310016254363
MI	26015	39	38.1526292579382	7	257428	0.00616310016254363
MI	26015	40.3	43.4078497303449	8	275316	0.00616310016254363
MI	26015	41.5	46.5103940016134	9	296986	0.00616310016254363
MI	26015	44.6	48.1780259868196	10	115826	0.00616310016254363
MI	26015	45.4	49.0293758345929	11	138044	0.00616310016254363
MI	26015	46.5	49.4525795893229	12	240943	0.00616310016254363
MI	26015	48	49.6601678697362	13	251859	0.00616310016254363
MI	26015	48.6	49.761327524635	14	263735	0.00616310016254363
MI	26015	48.9	49.8104659528452	15	276296	0.00616310016254363
MI	26015	49.1	49.8342978791349	16	290087	0.00616310016254363
MI	26015	49.3	49.8458475345653	17	301629	0.00616310016254363
MI	26017	0	0.557186762863016	0	125	0.0103261716874488
MI	26017	2.4	1.16328030193116	1	4336	0.0103261716874488
MI	26017	9.5	2.39997902616662	2	57213	0.0103261716874488
MI	26017	19.7	4.83489736017304	3	78840	0.0103261716874488
MI	26017	33.9	9.30883424138088	4	139935	0.0103261716874488
MI	26017	42.1	16.5740596645207	5	201632	0.0103261716874488
MI	26017	46.1	26.2962890675576	6	239015	0.0103261716874488
MI	26017	47.5	36.4153127683019	7	257428	0.0103261716874488
MI	26017	48.8	44.5332603306175	8	275316	0.0103261716874488
MI	26017	50	49.7914273344977	9	296986	0.0103261716874488
MI	26017	52.7	52.7414082619356	10	115826	0.0103261716874488
MI	26017	53.6	54.2643988899354	11	138044	0.0103261716874488
MI	26017	54.8	55.0169914997509	12	240943	0.0103261716874488
MI	26017	56	55.3808412689687	13	251859	0.0103261716874488
MI	26017	56.8	55.5548877079654	14	263735	0.0103261716874488
MI	26017	57.1	55.6377186326212	15	276296	0.0103261716874488
MI	26017	57.3	55.6770432043108	16	290087	0.0103261716874488
MI	26017	57.5	55.6956912741976	17	301629	0.0103261716874488
MI	26019	0	1.16473206174791	0	125	0.00177893805829001
MI	26019	2.4	2.75450980623212	1	4336	0.00177893805829001
MI	26019	10.5	6.28022427484799	2	57213	0.00177893805829001
MI	26019	23.8	13.2622562117402	3	78840	0.00177893805829001
MI	26019	40.4	24.4359851918271	4	139935	0.00177893805829001
MI	26019	50.8	37.394263619386	5	201632	0.00177893805829001
MI	26019	54.4	47.8255856524929	6	239015	0.00177893805829001
MI	26019	55.2	54.0240338938193	7	257428	0.00177893805829001
MI	26019	56.5	57.0660543493759	8	275316	0.00177893805829001
MI	26019	58.1	58.4190334571002	9	296986	0.00177893805829001
MI	26019	62.6	58.9943211121827	10	115826	0.00177893805829001
MI	26019	63.5	59.2342403720837	11	138044	0.00177893805829001
MI	26019	64.7	59.3334871419507	12	240943	0.00177893805829001
MI	26019	61.9	59.3744042022812	13	251859	0.00177893805829001
MI	26019	62.6	59.3912498850649	14	263735	0.00177893805829001
MI	26019	62.8	59.398181335208	15	276296	0.00177893805829001
MI	26019	63.1	59.4010327292414	16	290087	0.00177893805829001
MI	26019	63.3	59.4022055948758	17	301629	0.00177893805829001
MI	26021	0	1.14654990046825	0	125	0.0153602880265533
MI	26021	1.5	2.20428304919872	1	4336	0.0153602880265533
MI	26021	7.7	4.16270115083584	2	57213	0.0153602880265533
MI	26021	18	7.61131803637356	3	78840	0.0153602880265533
MI	26021	31.4	13.1795501716636	4	139935	0.0153602880265533
MI	26021	39	21.0227712121139	5	201632	0.0153602880265533
MI	26021	43.3	30.1829084636653	6	239015	0.0153602880265533
MI	26021	44.8	38.8058705117435	7	257428	0.0153602880265533
MI	26021	46.4	45.4238667625488	8	275316	0.0153602880265533
MI	26021	48	49.7507562251222	9	296986	0.0153602880265533
MI	26021	51.2	52.2909402333198	10	115826	0.0153602880265533
MI	26021	52.1	53.6889077732439	11	138044	0.0153602880265533
MI	26021	53.2	54.4310105582857	12	240943	0.0153602880265533
MI	26021	54.4	54.8174176539615	13	251859	0.0153602880265533
MI	26021	55.3	55.0165947651686	14	263735	0.0153602880265533
MI	26021	55.7	55.1187279959968	15	276296	0.0153602880265533
MI	26021	56.1	55.1709593070236	16	290087	0.0153602880265533
MI	26021	56.4	55.1976339877618	17	301629	0.0153602880265533
MI	26023	0	2.21469590886192	0	125	0.00435742696626176
MI	26023	1.2	4.05607294381596	1	4336	0.00435742696626176
MI	26023	7.5	7.17391907638555	2	57213	0.00435742696626176
MI	26023	17.3	11.992668387227	3	78840	0.00435742696626176
MI	26023	26.7	18.4819181211238	4	139935	0.00435742696626176
MI	26023	31.6	25.7711566006209	5	201632	0.00435742696626176
MI	26023	34.4	32.4639237018504	6	239015	0.00435742696626176
MI	26023	35.6	37.5631378719472	7	257428	0.00435742696626176
MI	26023	37.1	40.9231503432939	8	275316	0.00435742696626176
MI	26023	38.8	42.9304589301154	9	296986	0.00435742696626176
MI	26023	40.8	44.06015252314	10	115826	0.00435742696626176
MI	26023	41.8	44.6746582859756	11	138044	0.00435742696626176
MI	26023	42.9	45.0027449323753	12	240943	0.00435742696626176
MI	26023	44	45.1761677702982	13	251859	0.00435742696626176
MI	26023	44.7	45.2673524686196	14	263735	0.00435742696626176
MI	26023	45.1	45.3151632358547	15	276296	0.00435742696626176
MI	26023	45.4	45.3401951228284	16	290087	0.00435742696626176
MI	26023	45.6	45.3532908141983	17	301629	0.00435742696626176
MI	26025	0	1.19468087791704	0	125	0.0134335557222858
MI	26025	1.8	2.17706432037467	1	4336	0.0134335557222858
MI	26025	8.6	3.90642568658248	2	57213	0.0134335557222858
MI	26025	16.7	6.82527542099802	3	78840	0.0134335557222858
MI	26025	28.2	11.418510806768	4	139935	0.0134335557222858
MI	26025	34.9	17.9059418475976	5	201632	0.0134335557222858
MI	26025	38.9	25.7963275726701	6	239015	0.0134335557222858
MI	26025	40.5	33.8194802721522	7	257428	0.0134335557222858
MI	26025	42.1	40.6211671791282	8	275316	0.0134335557222858
MI	26025	43.6	45.553450943827	9	296986	0.0134335557222858
MI	26025	47.1	48.7395104535315	10	115826	0.0134335557222858
MI	26025	48.2	50.64654923453	11	138044	0.0134335557222858
MI	26025	49.6	51.7363605186982	12	240943	0.0134335557222858
MI	26025	50.8	52.3427265237344	13	251859	0.0134335557222858
MI	26025	51.7	52.6750961833387	14	263735	0.0134335557222858
MI	26025	52.1	52.8557863980042	15	276296	0.0134335557222858
MI	26025	52.3	52.9535780248188	16	290087	0.0134335557222858
MI	26025	52.5	53.0063756399836	17	301629	0.0134335557222858
MI	26027	0	0.601889390340279	0	125	0.00518551532278874
MI	26027	0.9	1.19390159452569	1	4336	0.00518551532278874
MI	26027	4.3	2.33892346497243	2	57213	0.00518551532278874
MI	26027	12.2	4.4750496829579	3	78840	0.00518551532278874
MI	26027	22.5	8.20453136619019	4	139935	0.00518551532278874
MI	26027	29.7	14.0199476582926	5	201632	0.00518551532278874
MI	26027	32.9	21.6619829277821	6	239015	0.00518551532278874
MI	26027	34.3	29.7268021651438	7	257428	0.00518551532278874
MI	26027	35.5	36.4881269494839	8	275316	0.00518551532278874
MI	26027	36.9	41.1460892387867	9	296986	0.00518551532278874
MI	26027	39.3	43.9377731217463	10	115826	0.00518551532278874
MI	26027	40.1	45.4733751051773	11	138044	0.00518551532278874
MI	26027	41.2	46.2783876371191	12	240943	0.00518551532278874
MI	26027	42.3	46.689775081669	13	251859	0.00518551532278874
MI	26027	43	46.8972684211107	14	263735	0.00518551532278874
MI	26027	43.3	47.0012306080953	15	276296	0.00518551532278874
MI	26027	43.6	47.0531465011645	16	290087	0.00518551532278874
MI	26027	43.9	47.0790287730189	17	301629	0.00518551532278874
MI	26029	0	1.33175716285839	0	125	0.00261774049633433
MI	26029	2.9	3.12293354408441	1	4336	0.00261774049633433
MI	26029	11.4	7.02541781504124	2	57213	0.00261774049633433
MI	26029	27.2	14.5183346569775	3	78840	0.00261774049633433
MI	26029	42.6	25.9482267560377	4	139935	0.00261774049633433
MI	26029	50.7	38.4502450741479	5	201632	0.00261774049633433
MI	26029	54.3	48.0021180410394	6	239015	0.00261774049633433
MI	26029	55.3	53.4901823984358	7	257428	0.00261774049633433
MI	26029	56.3	56.1410947148202	8	275316	0.00261774049633433
MI	26029	57.5	57.3142061179238	9	296986	0.00261774049633433
MI	26029	60.1	57.8131372546061	10	115826	0.00261774049633433
MI	26029	61.1	58.0217422880202	11	138044	0.00261774049633433
MI	26029	62.2	58.1083372020082	12	240943	0.00261774049633433
MI	26029	63.1	58.1441768336143	13	251859	0.00261774049633433
MI	26029	63.6	58.1589916969117	14	263735	0.00261774049633433
MI	26029	63.9	58.1651125180044	15	276296	0.00261774049633433
MI	26029	64.2	58.167640825883	16	290087	0.00261774049633433
MI	26029	64.4	58.1686850947324	17	301629	0.00261774049633433
MI	26031	0	0.999860184083652	0	125	0.002530926396563
MI	26031	1.1	1.9735198780065	1	4336	0.002530926396563
MI	26031	7	3.82425458858238	2	57213	0.002530926396563
MI	26031	19.6	7.16219043552441	3	78840	0.002530926396563
MI	26031	32.7	12.6489319657574	4	139935	0.002530926396563
MI	26031	39	20.4250031026268	5	201632	0.002530926396563
MI	26031	41.9	29.4103848181273	6	239015	0.002530926396563
MI	26031	43.1	37.6393681046	7	257428	0.002530926396563
MI	26031	44.4	43.7184774973234	8	275316	0.002530926396563
MI	26031	45.7	47.5337844437947	9	296986	0.002530926396563
MI	26031	52.1	49.6888104221654	10	115826	0.002530926396563
MI	26031	52.9	50.8341523511464	11	138044	0.002530926396563
MI	26031	53.8	51.4232201532417	12	240943	0.002530926396563
MI	26031	55	51.7210763980433	13	251859	0.002530926396563
MI	26031	55.7	51.8703889787632	14	263735	0.002530926396563
MI	26031	55.9	51.9449138670743	15	276296	0.002530926396563
MI	26031	56.2	51.9820301538851	16	290087	0.002530926396563
MI	26031	56.4	52.0004955415604	17	301629	0.002530926396563
MI	26033	0	2.29825117286708	0	125	0.00373981523916884
MI	26033	5.6	4.64346662385154	1	4336	0.00373981523916884
MI	26033	16.6	8.99930026096684	2	57213	0.00373981523916884
MI	26033	32.6	16.213346031906	3	78840	0.00373981523916884
MI	26033	48.7	26.1603018046959	4	139935	0.00373981523916884
MI	26033	54.6	36.8975276407357	5	201632	0.00373981523916884
MI	26033	58.1	45.8173598125062	6	239015	0.00373981523916884
MI	26033	59.2	51.7515284356362	7	257428	0.00373981523916884
MI	26033	60.3	55.1389196893267	8	275316	0.00373981523916884
MI	26033	61.5	56.9056692921899	9	296986	0.00373981523916884
MI	26033	64.4	57.7838841212256	10	115826	0.00373981523916884
MI	26033	65.2	58.2099924856338	11	138044	0.00373981523916884
MI	26033	66.8	58.4143120153279	12	240943	0.00373981523916884
MI	26033	68.1	58.5117285217537	13	251859	0.00373981523916884
MI	26033	69.3	58.5580494413137	14	263735	0.00373981523916884
MI	26033	69.6	58.5800463291812	15	276296	0.00373981523916884
MI	26033	69.8	58.5904858129571	16	290087	0.00373981523916884
MI	26033	70.1	58.5954388366989	17	301629	0.00373981523916884
MI	26035	0	2.93804162838796	0	125	0.00309907311179083
MI	26035	0.9	5.12518298858053	1	4336	0.00309907311179083
MI	26035	5.6	8.60680859753485	2	57213	0.00309907311179083
MI	26035	19.4	13.6430249731682	3	78840	0.00309907311179083
MI	26035	27.8	20.0034933252481	4	139935	0.00309907311179083
MI	26035	33	26.7905414264568	5	201632	0.00309907311179083
MI	26035	36.1	32.8465393218426	6	239015	0.00309907311179083
MI	26035	37.1	37.4462869059764	7	257428	0.00309907311179083
MI	26035	38	40.5305229049836	8	275316	0.00309907311179083
MI	26035	39.2	42.4295368192732	9	296986	0.00309907311179083
MI	26035	43	43.5380370798084	10	115826	0.00309907311179083
MI	26035	43.7	44.1650364674094	11	138044	0.00309907311179083
MI	26035	44.5	44.5133817033834	12	240943	0.00309907311179083
MI	26035	45.5	44.7049873364319	13	251859	0.00309907311179083
MI	26035	45.9	44.8097995031603	14	263735	0.00309907311179083
MI	26035	46.2	44.8669609734913	15	276296	0.00309907311179083
MI	26035	46.3	44.8980838128813	16	290087	0.00309907311179083
MI	26035	46.5	44.9150141307781	17	301629	0.00309907311179083
MI	26037	0	0.756864153717721	0	125	0.00796997493806109
MI	26037	2.2	1.6245218724949	1	4336	0.00796997493806109
MI	26037	9	3.42629883617021	2	57213	0.00796997493806109
MI	26037	17.1	6.97492586955037	3	78840	0.00796997493806109
MI	26037	30.9	13.287976234812	4	139935	0.00796997493806109
MI	26037	41.3	22.7217972258471	5	201632	0.00796997493806109
MI	26037	45.7	33.6952299873749	6	239015	0.00796997493806109
MI	26037	46.8	43.2842724726682	7	257428	0.00796997493806109
MI	26037	48	49.7830834193262	8	275316	0.00796997493806109
MI	26037	49.3	53.4654070245207	9	296986	0.00796997493806109
MI	26037	52.5	55.3432089967395	10	115826	0.00796997493806109
MI	26037	53.2	56.2494431689899	11	138044	0.00796997493806109
MI	26037	54.4	56.675153407084	12	240943	0.00796997493806109
MI	26037	56.3	56.872597536264	13	251859	0.00796997493806109
MI	26037	57.1	56.9636296166657	14	263735	0.00796997493806109
MI	26037	57.3	57.0054851946739	15	276296	0.00796997493806109
MI	26037	57.5	57.0247056661027	16	290087	0.00796997493806109
MI	26037	57.7	57.0335267694523	17	301629	0.00796997493806109
MI	26039	0	0.958420850242208	0	125	0.0014047462580069
MI	26039	1.8	1.9403316952646	1	4336	0.0014047462580069
MI	26039	7.6	3.84918308934387	2	57213	0.0014047462580069
MI	26039	17	7.34848940502042	3	78840	0.0014047462580069
MI	26039	28.2	13.1234531800081	4	139935	0.0014047462580069
MI	26039	36.7	21.1804778266448	5	201632	0.0014047462580069
MI	26039	40.1	30.1362642499592	6	239015	0.0014047462580069
MI	26039	41.1	37.8915564630754	7	257428	0.0014047462580069
MI	26039	42.3	43.283124663929	8	275316	0.0014047462580069
MI	26039	43.5	46.484753138224	9	296986	0.0014047462580069
MI	26039	47.8	48.2109312090926	10	115826	0.0014047462580069
MI	26039	48.4	49.0933722079298	11	138044	0.0014047462580069
MI	26039	49.2	49.5322218144006	12	240943	0.0014047462580069
MI	26039	50.2	49.7474760206214	13	251859	0.0014047462580069
MI	26039	50.8	49.8523426128534	14	263735	0.0014047462580069
MI	26039	50.9	49.9032619551142	15	276296	0.0014047462580069
MI	26039	51.2	49.9279467013368	16	290087	0.0014047462580069
MI	26039	51.3	49.9399040579749	17	301629	0.0014047462580069
MI	26041	0	1.01016955574596	0	125	0.0035831092805274
MI	26041	2.2	2.13906234453812	1	4336	0.0035831092805274
MI	26041	12	4.42646704223124	2	57213	0.0035831092805274
MI	26041	25.2	8.75622914691452	3	78840	0.0035831092805274
MI	26041	39.4	15.9875024154551	4	139935	0.0035831092805274
MI	26041	46.5	25.864652533427	5	201632	0.0035831092805274
MI	26041	50.3	36.2087270019337	6	239015	0.0035831092805274
MI	26041	51.6	44.4241856954931	7	257428	0.0035831092805274
MI	26041	53.1	49.6313596108096	8	275316	0.0035831092805274
MI	26041	54.7	52.475607419069	9	296986	0.0035831092805274
MI	26041	57.7	53.9040406037199	10	115826	0.0035831092805274
MI	26041	58.7	54.5911919216579	11	138044	0.0035831092805274
MI	26041	59.8	54.9148963058781	12	240943	0.0035831092805274
MI	26041	60.9	55.0658820541582	13	251859	0.0035831092805274
MI	26041	61.1	55.135980475961	14	263735	0.0035831092805274
MI	26041	61.4	55.1684550761519	15	276296	0.0035831092805274
MI	26041	61.7	55.1834845986346	16	290087	0.0035831092805274
MI	26041	62	55.1904371714332	17	301629	0.0035831092805274
MI	26043	0	1.74672744539114	0	125	0.00252722152725327
MI	26043	3.6	3.53989426594307	1	4336	0.00252722152725327
MI	26043	17.3	6.94448321975859	2	57213	0.00252722152725327
MI	26043	27.4	12.8436848131237	3	78840	0.00252722152725327
MI	26043	39	21.6106858356493	4	139935	0.00252722152725327
MI	26043	48.7	32.062368736288	5	201632	0.00252722152725327
MI	26043	53.7	41.6917102192862	6	239015	0.00252722152725327
MI	26043	55.5	48.6726741507169	7	257428	0.00252722152725327
MI	26043	57.2	52.9030144592455	8	275316	0.00252722152725327
MI	26043	58.9	55.1939384782254	9	296986	0.00252722152725327
MI	26043	62.2	56.3594764286942	10	115826	0.00252722152725327
MI	26043	63.3	56.9336367316622	11	138044	0.00252722152725327
MI	26043	64.8	57.2119810760583	12	240943	0.00252722152725327
MI	26043	66.2	57.3458700533814	13	251859	0.00252722152725327
MI	26043	65.7	57.4100316003637	14	263735	0.00252722152725327
MI	26043	66	57.4407233596468	15	276296	0.00252722152725327
MI	26043	66.5	57.4553921395803	16	290087	0.00252722152725327
MI	26043	67	57.4624000260352	17	301629	0.00252722152725327
MI	26045	0	0.46738632811811	0	125	0.0110413115958304
MI	26045	1.7	0.983281971101194	1	4336	0.0110413115958304
MI	26045	7.1	2.04797758891592	2	57213	0.0110413115958304
MI	26045	16.4	4.17946221600225	3	78840	0.0110413115958304
MI	26045	29.9	8.19820462503961	4	139935	0.0110413115958304
MI	26045	40.3	14.9843193606986	5	201632	0.0110413115958304
MI	26045	44.8	24.5591169737751	6	239015	0.0110413115958304
MI	26045	46.1	35.1325725541389	7	257428	0.0110413115958304
MI	26045	47.4	44.068686935414	8	275316	0.0110413115958304
MI	26045	48.6	50.0666174362114	9	296986	0.0110413115958304
MI	26045	52.3	53.4959249466169	10	115826	0.0110413115958304
MI	26045	53.1	55.2792679145637	11	138044	0.0110413115958304
MI	26045	54.4	56.1610552215259	12	240943	0.0110413115958304
MI	26045	55.7	56.5861897933137	13	251859	0.0110413115958304
MI	26045	56.5	56.7886628398911	14	263735	0.0110413115958304
MI	26045	56.9	56.8845290024649	15	276296	0.0110413115958304
MI	26045	57.1	56.9297935017019	16	290087	0.0110413115958304
MI	26045	57.3	56.9511377256579	17	301629	0.0110413115958304
MI	26047	0	1.29525872733089	0	125	0.00334589751310147
MI	26047	3.1	3.00456148694854	1	4336	0.00334589751310147
MI	26047	12.6	6.72426984753125	2	57213	0.00334589751310147
MI	26047	27.8	13.9784418790255	3	78840	0.00334589751310147
MI	26047	46.8	25.5180709170048	4	139935	0.00334589751310147
MI	26047	56.1	39.0212273474642	5	201632	0.00334589751310147
MI	26047	60.6	50.143824385245	6	239015	0.00334589751310147
MI	26047	61.8	56.9481695899444	7	257428	0.00334589751310147
MI	26047	62.9	60.3828286151379	8	275316	0.00334589751310147
MI	26047	64.5	61.9490006126412	9	296986	0.00334589751310147
MI	26047	68.1	62.6299413186698	10	115826	0.00334589751310147
MI	26047	68.8	62.9198518381918	11	138044	0.00334589751310147
MI	26047	70.1	63.0421766227542	12	240943	0.00334589751310147
MI	26047	71.2	63.093594403571	13	251859	0.00334589751310147
MI	26047	71.9	63.11517270199	14	263735	0.00334589751310147
MI	26047	72.2	63.124222299348	15	276296	0.00334589751310147
MI	26047	72.5	63.128016487961	16	290087	0.00334589751310147
MI	26047	72.8	63.1296070743168	17	301629	0.00334589751310147
MI	26049	0	0.873668142705652	0	125	0.0406347061943512
MI	26049	1.3	1.71663687921421	1	4336	0.0406347061943512
MI	26049	6	3.32284630361028	2	57213	0.0406347061943512
MI	26049	15.1	6.25488895157632	3	78840	0.0406347061943512
MI	26049	26.9	11.2108016230378	4	139935	0.0406347061943512
MI	26049	34.6	18.5900336222164	5	201632	0.0406347061943512
MI	26049	38.8	27.7364924644322	6	239015	0.0406347061943512
MI	26049	40.2	36.8097330029492	7	257428	0.0406347061943512
MI	26049	41.5	44.0246977975731	8	275316	0.0406347061943512
MI	26049	42.9	48.818534486108	9	296986	0.0406347061943512
MI	26049	45.9	51.6353672911347	10	115826	0.0406347061943512
MI	26049	46.7	53.1724234470867	11	138044	0.0406347061943512
MI	26049	47.9	53.9773965057896	12	240943	0.0406347061943512
MI	26049	49.3	54.3899119324456	13	251859	0.0406347061943512
MI	26049	50.2	54.5989568215125	14	263735	0.0406347061943512
MI	26049	50.5	54.7042910552877	15	276296	0.0406347061943512
MI	26049	50.7	54.7572151570734	16	290087	0.0406347061943512
MI	26049	50.8	54.7837679952869	17	301629	0.0406347061943512
MI	26051	0	2.12401769580261	0	125	0.00254824916387608
MI	26051	1.4	4.20470780143623	1	4336	0.00254824916387608
MI	26051	6.5	7.96092907566672	2	57213	0.00254824916387608
MI	26051	17.9	13.973462973723	3	78840	0.00254824916387608
MI	26051	29.2	21.96305704743	4	139935	0.00254824916387608
MI	26051	36.4	30.3104588595029	5	201632	0.00254824916387608
MI	26051	39	37.1024911474673	6	239015	0.00254824916387608
MI	26051	40	41.5914941415107	7	257428	0.00254824916387608
MI	26051	40.8	44.1652393765674	8	275316	0.00254824916387608
MI	26051	41.6	45.5220556397531	9	296986	0.00254824916387608
MI	26051	44.7	46.2057701665425	10	115826	0.00254824916387608
MI	26051	45.3	46.5424681336111	11	138044	0.00254824916387608
MI	26051	46.1	46.7063982702679	12	240943	0.00254824916387608
MI	26051	47	46.7857691705896	13	251859	0.00254824916387608
MI	26051	47.5	46.8240950795219	14	263735	0.00254824916387608
MI	26051	47.7	46.8425774476009	15	276296	0.00254824916387608
MI	26051	47.9	46.8514848223287	16	290087	0.00254824916387608
MI	26051	48	46.8557763332256	17	301629	0.00254824916387608
MI	26053	0	0.89235982693212	0	125	0.00139933915144675
MI	26053	2.1	1.82340543887563	1	4336	0.00139933915144675
MI	26053	15.1	3.66390049200369	2	57213	0.00139933915144675
MI	26053	27.6	7.127825867721	3	78840	0.00139933915144675
MI	26053	40.5	13.0829438975506	4	139935	0.00139933915144675
MI	26053	47.2	21.8868903262894	5	201632	0.00139933915144675
MI	26053	50.2	32.3765900319659	6	239015	0.00139933915144675
MI	26053	51.7	42.0884369644164	7	257428	0.00139933915144675
MI	26053	53.7	49.1929368422345	8	275316	0.00139933915144675
MI	26053	55.8	53.5445035671981	9	296986	0.00139933915144675
MI	26053	61.4	55.926382380082	10	115826	0.00139933915144675
MI	26053	62.4	57.1503896521259	11	138044	0.00139933915144675
MI	26053	63.9	57.7590108221057	12	240943	0.00139933915144675
MI	26053	65.1	58.0566842886758	13	251859	0.00139933915144675
MI	26053	62.5	58.2010990548292	14	263735	0.00139933915144675
MI	26053	63.1	58.2708854921225	15	276296	0.00139933915144675
MI	26053	63.8	58.3045445756162	16	290087	0.00139933915144675
MI	26053	64.3	58.320763942964	17	301629	0.00139933915144675
MI	26055	0	1.15338000873877	0	125	0.00932105065687834
MI	26055	3.8	2.57647342776722	1	4336	0.00932105065687834
MI	26055	15.7	5.59292493982041	2	57213	0.00932105065687834
MI	26055	26.3	11.4552976549138	3	78840	0.00932105065687834
MI	26055	41.1	21.1420377138989	4	139935	0.00932105065687834
MI	26055	51.5	33.5391115737932	5	201632	0.00932105065687834
MI	26055	55.9	45.0983551364755	6	239015	0.00932105065687834
MI	26055	57.1	53.0976027747951	7	257428	0.00932105065687834
MI	26055	58.4	57.5604162137816	8	275316	0.00932105065687834
MI	26055	59.6	59.7557989381427	9	296986	0.00932105065687834
MI	26055	62.7	60.7689267797975	10	115826	0.00932105065687834
MI	26055	63.5	61.2226517664608	11	138044	0.00932105065687834
MI	26055	64.7	61.423117131699	12	240943	0.00932105065687834
MI	26055	66	61.5111566126526	13	251859	0.00932105065687834
MI	26055	67	61.549719368718	14	263735	0.00932105065687834
MI	26055	67.1	61.5665909444447	15	276296	0.00932105065687834
MI	26055	67.3	61.5739686799568	16	290087	0.00932105065687834
MI	26055	67.4	61.5771941591024	17	301629	0.00932105065687834
MI	26057	0	1.94927987954929	0	125	0.00407645768833978
MI	26057	2.4	3.66352624120668	1	4336	0.00407645768833978
MI	26057	7	6.6629669458689	2	57213	0.00407645768833978
MI	26057	16.6	11.4700165658773	3	78840	0.00407645768833978
MI	26057	26.9	18.1862967485221	4	139935	0.00407645768833978
MI	26057	32.9	25.9706149181084	5	201632	0.00407645768833978
MI	26057	35.7	33.2574477947946	6	239015	0.00407645768833978
MI	26057	36.7	38.8351473841517	7	257428	0.00407645768833978
MI	26057	37.6	42.4822437066605	8	275316	0.00407645768833978
MI	26057	38.7	44.6275998169185	9	296986	0.00407645768833978
MI	26057	41.9	45.8118497223239	10	115826	0.00407645768833978
MI	26057	42.9	46.442706738401	11	138044	0.00407645768833978
MI	26057	44	46.7724048012578	12	240943	0.00407645768833978
MI	26057	45.1	46.9429907334749	13	251859	0.00407645768833978
MI	26057	45.7	47.030793744139	14	263735	0.00407645768833978
MI	26057	46	47.0758661310284	15	276296	0.00407645768833978
MI	26057	46.1	47.0989715186384	16	290087	0.00407645768833978
MI	26057	46.3	47.1108076308709	17	301629	0.00407645768833978
MI	26059	0	2.36941609689683	0	125	0.0045665017532543
MI	26059	2.8	4.19125672649434	1	4336	0.0045665017532543
MI	26059	8	7.15588944414185	2	57213	0.0045665017532543
MI	26059	14.6	11.5626956835732	3	78840	0.0045665017532543
MI	26059	23.5	17.3046825802284	4	139935	0.0045665017532543
MI	26059	27.1	23.6264755422903	5	201632	0.0045665017532543
MI	26059	29.5	29.4169226010962	6	239015	0.0045665017532543
MI	26059	30.5	33.8925702099231	7	257428	0.0045665017532543
MI	26059	31.6	36.9191229689096	8	275316	0.0045665017532543
MI	26059	33.2	38.7852832342118	9	296986	0.0045665017532543
MI	26059	35.1	39.8711962912421	10	115826	0.0045665017532543
MI	26059	35.8	40.4818952090731	11	138044	0.0045665017532543
MI	26059	36.7	40.8187680534068	12	240943	0.0045665017532543
MI	26059	37.6	41.0026143738131	13	251859	0.0045665017532543
MI	26059	38.2	41.1023614211852	14	263735	0.0045665017532543
MI	26059	38.4	41.1563079038969	15	276296	0.0045665017532543
MI	26059	38.8	41.1854337285474	16	290087	0.0045665017532543
MI	26059	39	41.2011442039178	17	301629	0.0045665017532543
MI	26061	0	0.779809996718638	0	125	0.00357309612023082
MI	26061	1.1	1.62363538940506	1	4336	0.00357309612023082
MI	26061	10.4	3.32207292919377	2	57213	0.00357309612023082
MI	26061	17.6	6.56847414563646	3	78840	0.00357309612023082
MI	26061	28.6	12.2024912521278	4	139935	0.00357309612023082
MI	26061	38.1	20.5172432466616	5	201632	0.00357309612023082
MI	26061	41.6	30.2588250399078	6	239015	0.00357309612023082
MI	26061	42.6	39.009913851366	7	257428	0.00357309612023082
MI	26061	43.8	45.1839777259073	8	275316	0.00357309612023082
MI	26061	45.1	48.8358129630539	9	296986	0.00357309612023082
MI	26061	48.3	50.7746916408512	10	115826	0.00357309612023082
MI	26061	49	51.7453358071755	11	138044	0.00357309612023082
MI	26061	49.9	52.2169653582668	12	240943	0.00357309612023082
MI	26061	51.1	52.442800906524	13	251859	0.00357309612023082
MI	26061	51.7	52.5501829177099	14	263735	0.00357309612023082
MI	26061	52.1	52.6010710918417	15	276296	0.00357309612023082
MI	26061	52.4	52.6251486587511	16	290087	0.00357309612023082
MI	26061	52.7	52.6365323185218	17	301629	0.00357309612023082
MI	26063	0	1.07045292813982	0	125	0.00310217719148277
MI	26063	1.5	2.34066997841172	1	4336	0.00310217719148277
MI	26063	9.3	4.96445384590908	2	57213	0.00310217719148277
MI	26063	19	9.91440116171484	3	78840	0.00310217719148277
MI	26063	36.1	17.8346854298711	4	139935	0.00310217719148277
MI	26063	41.9	27.6855255376213	5	201632	0.00310217719148277
MI	26063	44.5	36.7187257001227	6	239015	0.00310217719148277
MI	26063	45.4	42.9621203115476	7	257428	0.00310217719148277
MI	26063	46.6	46.4823190951181	8	275316	0.00310217719148277
MI	26063	47.5	48.242921530453	9	296986	0.00310217719148277
MI	26063	50.6	49.0707540033458	10	115826	0.00310217719148277
MI	26063	51.2	49.4486826397082	11	138044	0.00310217719148277
MI	26063	52.2	49.6188907841522	12	240943	0.00310217719148277
MI	26063	53.1	49.6950785448344	13	251859	0.00310217719148277
MI	26063	53.7	49.729087623383	14	263735	0.00310217719148277
MI	26063	53.9	49.7442501155195	15	276296	0.00310217719148277
MI	26063	54.1	49.7510064039901	16	290087	0.00310217719148277
MI	26063	54.3	49.7540162179743	17	301629	0.00310217719148277
MI	26065	0	0.662580691319135	0	125	0.0292790814968113
MI	26065	2	1.38987135594012	1	4336	0.0292790814968113
MI	26065	8	2.87725120754399	2	57213	0.0292790814968113
MI	26065	16	5.80079607832429	3	78840	0.0292790814968113
MI	26065	30.5	11.1238762538462	4	139935	0.0292790814968113
MI	26065	40.9	19.5900037291372	5	201632	0.0292790814968113
MI	26065	45.7	30.5344436500142	6	239015	0.0292790814968113
MI	26065	47	41.4367909626971	7	257428	0.0292790814968113
MI	26065	48.3	49.8130015852192	8	275316	0.0292790814968113
MI	26065	49.7	55.054149392624	9	296986	0.0292790814968113
MI	26065	52.6	57.9244020712687	10	115826	0.0292790814968113
MI	26065	53.4	59.3824199229118	11	138044	0.0292790814968113
MI	26065	54.5	60.0948021358726	12	240943	0.0292790814968113
MI	26065	55.8	60.4362524984629	13	251859	0.0292790814968113
MI	26065	56.6	60.5984061548542	14	263735	0.0292790814968113
MI	26065	57	60.6750742037018	15	276296	0.0292790814968113
MI	26065	57.2	60.7112482630996	16	290087	0.0292790814968113
MI	26065	57.3	60.7282993837114	17	301629	0.0292790814968113
MI	26067	0	0.891150052628098	0	125	0.00647821431707693
MI	26067	1.3	1.8456485421226	1	4336	0.00647821431707693
MI	26067	5.5	3.74110338048983	2	57213	0.00647821431707693
MI	26067	15.2	7.27552093206834	3	78840	0.00647821431707693
MI	26067	26.4	13.1540080872097	4	139935	0.00647821431707693
MI	26067	33.5	21.2916968756786	5	201632	0.00647821431707693
MI	26067	36.8	30.1001875097111	6	239015	0.00647821431707693
MI	26067	37.8	37.4238644187088	7	257428	0.00647821431707693
MI	26067	38.7	42.2913015421694	8	275316	0.00647821431707693
MI	26067	39.7	45.0637832654489	9	296986	0.00647821431707693
MI	26067	42.9	46.5059500369323	10	115826	0.00647821431707693
MI	26067	43.6	47.2207926466115	11	138044	0.00647821431707693
MI	26067	44.8	47.5666474223334	12	240943	0.00647821431707693
MI	26067	46.1	47.7320185272152	13	251859	0.00647821431707693
MI	26067	46.8	47.8106454022022	14	263735	0.00647821431707693
MI	26067	47.1	47.847928645045	15	276296	0.00647821431707693
MI	26067	47.2	47.8655850291478	16	290087	0.00647821431707693
MI	26067	47.4	47.8739415814398	17	301629	0.00647821431707693
MI	26069	0	0.942114406650115	0	125	0.0025160067877211
MI	26069	0.8	2.0449075610784	1	4336	0.0025160067877211
MI	26069	5.7	4.32964747099339	2	57213	0.0025160067877211
MI	26069	22.1	8.72354466154786	3	78840	0.0025160067877211
MI	26069	34.3	16.0802688678459	4	139935	0.0025160067877211
MI	26069	42.2	25.9433042134954	5	201632	0.0025160067877211
MI	26069	45.3	35.8585606713741	6	239015	0.0025160067877211
MI	26069	46.2	43.3228714344063	7	257428	0.0025160067877211
MI	26069	47	47.8093262372578	8	275316	0.0025160067877211
MI	26069	48.7	50.1506215620933	9	296986	0.0025160067877211
MI	26069	52.3	51.2827846427868	10	115826	0.0025160067877211
MI	26069	53.6	51.8100638074892	11	138044	0.0025160067877211
MI	26069	54.5	52.0513289879318	12	240943	0.0025160067877211
MI	26069	55.4	52.1608301760266	13	251859	0.0025160067877211
MI	26069	55.9	52.2103452450386	14	263735	0.0025160067877211
MI	26069	56.1	52.2326979027142	15	276296	0.0025160067877211
MI	26069	56.3	52.2427809708982	16	290087	0.0025160067877211
MI	26069	56.3	52.2473277948975	17	301629	0.0025160067877211
MI	26071	0	0.990153438392942	0	125	0.0011080563184193
MI	26071	1.9	2.0835958281912	1	4336	0.0011080563184193
MI	26071	15.1	4.28464734623111	2	57213	0.0011080563184193
MI	26071	25.5	8.42445685908114	3	78840	0.0011080563184193
MI	26071	37.5	15.302053758339	4	139935	0.0011080563184193
MI	26071	43	24.6714359076883	5	201632	0.0011080563184193
MI	26071	45.7	34.4972146184368	6	239015	0.0011080563184193
MI	26071	47.1	42.3416579658872	7	257428	0.0011080563184193
MI	26071	48.4	47.3503330193674	8	275316	0.0011080563184193
MI	26071	49.8	50.1076100654442	9	296986	0.0011080563184193
MI	26071	52.6	51.5027227112296	10	115826	0.0011080563184193
MI	26071	53.6	52.1785241250489	11	138044	0.0011080563184193
MI	26071	54.7	52.4989749915881	12	240943	0.0011080563184193
MI	26071	55.7	52.6493877596342	13	251859	0.0011080563184193
MI	26071	55.3	52.7196509919813	14	263735	0.0011080563184193
MI	26071	55.7	52.7524000446599	15	276296	0.0011080563184193
MI	26071	55.9	52.7676481425807	16	290087	0.0011080563184193
MI	26071	56.2	52.7747442683708	17	301629	0.0011080563184193
MI	26073	0	1.33584745729949	0	125	0.00699639536242483
MI	26073	1.2	2.67046086340635	1	4336	0.00699639536242483
MI	26073	5.8	5.19603856346371	2	57213	0.00699639536242483
MI	26073	12.9	9.62430320030804	3	78840	0.00699639536242483
MI	26073	23.7	16.4411396145646	4	139935	0.00699639536242483
MI	26073	31.5	25.0852943068866	5	201632	0.00699639536242483
MI	26073	34.8	33.7071940357965	6	239015	0.00699639536242483
MI	26073	35.8	40.4752335256231	7	257428	0.00699639536242483
MI	26073	36.8	44.8571233747224	8	275316	0.00699639536242483
MI	26073	37.8	47.3510972144483	9	296986	0.00699639536242483
MI	26073	41	48.6675014734444	10	115826	0.00699639536242483
MI	26073	41.7	49.3347722626449	11	138044	0.00699639536242483
MI	26073	42.6	49.666065501996	12	240943	0.00699639536242483
MI	26073	43.6	49.8288564001876	13	251859	0.00699639536242483
MI	26073	44.3	49.9084419330132	14	263735	0.00699639536242483
MI	26073	44.6	49.9472529094413	15	276296	0.00699639536242483
MI	26073	44.7	49.9661565850218	16	290087	0.00699639536242483
MI	26073	44.9	49.9753585445903	17	301629	0.00699639536242483
MI	26075	0	1.32976785080516	0	125	0.0158718603861055
MI	26075	1.9	2.4772056079118	1	4336	0.0158718603861055
MI	26075	9.8	4.52653955362102	2	57213	0.0158718603861055
MI	26075	18.5	7.99818311303621	3	78840	0.0158718603861055
MI	26075	29.5	13.3839223930373	4	139935	0.0158718603861055
MI	26075	37.2	20.6958102902168	5	201632	0.0158718603861055
MI	26075	40.9	29.0117987387397	6	239015	0.0158718603861055
MI	26075	42.2	36.7622419489623	7	257428	0.0158718603861055
MI	26075	43.7	42.7550827433134	8	275316	0.0158718603861055
MI	26075	45.3	46.7540021403351	9	296986	0.0158718603861055
MI	26075	48.2	49.1667942182745	10	115826	0.0158718603861055
MI	26075	49.1	50.5351135361388	11	138044	0.0158718603861055
MI	26075	50.1	51.2839555243743	12	240943	0.0158718603861055
MI	26075	51.2	51.6858030672699	13	251859	0.0158718603861055
MI	26075	52	51.8991730622913	14	263735	0.0158718603861055
MI	26075	52.3	52.0118298382571	15	276296	0.0158718603861055
MI	26075	52.5	52.0711342530815	16	290087	0.0158718603861055
MI	26075	52.7	52.1023041185726	17	301629	0.0158718603861055
MI	26077	0	0.383491565106165	0	125	0.0265414834717269
MI	26077	2.8	0.819531992582843	1	4336	0.0265414834717269
MI	26077	9.9	1.73726506843941	2	57213	0.0265414834717269
MI	26077	19.6	3.62134867444423	3	78840	0.0265414834717269
MI	26077	36	7.29910670324223	4	139935	0.0265414834717269
MI	26077	43.7	13.8198042954473	5	201632	0.0265414834717269
MI	26077	48.4	23.6257431794745	6	239015	0.0265414834717269
MI	26077	49.8	35.2444336417135	7	257428	0.0265414834717269
MI	26077	51.4	45.6819040312986	8	275316	0.0265414834717269
MI	26077	52.9	52.9699993562202	9	296986	0.0265414834717269
MI	26077	56.1	57.2105824007104	10	115826	0.0265414834717269
MI	26077	57.2	59.4206859510887	11	138044	0.0265414834717269
MI	26077	58.4	60.5066583266739	12	240943	0.0265414834717269
MI	26077	59.9	61.0248220384149	13	251859	0.0265414834717269
MI	26077	60.8	61.2685925039412	14	263735	0.0265414834717269
MI	26077	61.2	61.3825121376414	15	276296	0.0265414834717269
MI	26077	61.5	61.4355834735625	16	290087	0.0265414834717269
MI	26077	61.8	61.4602716602882	17	301629	0.0265414834717269
MI	26079	0	2.35266359560776	0	125	0.0018061738542967
MI	26079	1.7	4.45653296808038	1	4336	0.0018061738542967
MI	26079	11.4	8.09246854354783	2	57213	0.0018061738542967
MI	26079	19	13.7141047730616	3	78840	0.0018061738542967
MI	26079	28.9	21.0670587181412	4	139935	0.0018061738542967
MI	26079	35.6	28.8346236084244	5	201632	0.0018061738542967
MI	26079	38.6	35.3907435837163	6	239015	0.0018061738542967
MI	26079	39.5	39.9551177798854	7	257428	0.0018061738542967
MI	26079	40.4	42.7235582578508	8	275316	0.0018061738542967
MI	26079	41.7	44.264530655445	9	296986	0.0018061738542967
MI	26079	43.6	45.0814928374086	10	115826	0.0018061738542967
MI	26079	44.3	45.5034483054535	11	138044	0.0018061738542967
MI	26079	45.1	45.7184470982069	12	240943	0.0018061738542967
MI	26079	45.9	45.8272377587111	13	251859	0.0018061738542967
MI	26079	46.4	45.8820931839725	14	263735	0.0018061738542967
MI	26079	46.6	45.909703833099	15	276296	0.0018061738542967
MI	26079	46.7	45.9235888187343	16	290087	0.0018061738542967
MI	26079	46.8	45.9305682330934	17	301629	0.0018061738542967
MI	26081	0	0.450510291744029	0	125	0.0657819572263826
MI	26081	2.7	0.928043496419264	1	4336	0.0657819572263826
MI	26081	9.6	1.89560434081423	2	57213	0.0657819572263826
MI	26081	17.8	3.8067699126911	3	78840	0.0657819572263826
MI	26081	33.6	7.39885904442365	4	139935	0.0657819572263826
MI	26081	42.4	13.5605396103524	5	201632	0.0657819572263826
MI	26081	47.4	22.6393906872152	6	239015	0.0657819572263826
MI	26081	49.1	33.4107999241848	7	257428	0.0657819572263826
MI	26081	50.9	43.3404202308638	8	275316	0.0657819572263826
MI	26081	52.5	50.5788905741923	9	296986	0.0657819572263826
MI	26081	55.9	55.0024010688409	10	115826	0.0657819572263826
MI	26081	56.7	57.4206302052902	11	138044	0.0657819572263826
MI	26081	58.1	58.6625935922701	12	240943	0.0657819572263826
MI	26081	59.7	59.280013838605	13	251859	0.0657819572263826
MI	26081	60.6	59.5819855849906	14	263735	0.0657819572263826
MI	26081	61.1	59.7284969559654	15	276296	0.0657819572263826
MI	26081	61.4	59.7993052662139	16	290087	0.0657819572263826
MI	26081	61.7	59.833462171061	17	301629	0.0657819572263826
MI	26083	0	1.23160371579687	0	125	0.000211878471875586
MI	26083	0	2.70871185903484	1	4336	0.000211878471875586
MI	26083	14.8	5.77100897572697	2	57213	0.000211878471875586
MI	26083	26.4	11.5465062993897	3	78840	0.000211878471875586
MI	26083	36.9	20.7217777740168	4	139935	0.000211878471875586
MI	26083	44.6	31.9572767103329	5	201632	0.000211878471875586
MI	26083	47.1	42.0431916846826	6	239015	0.000211878471875586
MI	26083	48	48.8667931360695	7	257428	0.000211878471875586
MI	26083	48.7	52.6472842575204	8	275316	0.000211878471875586
MI	26083	49.7	54.5131924565711	9	296986	0.000211878471875586
MI	26083	54.7	55.3816212989139	10	115826	0.000211878471875586
MI	26083	55.9	55.7747406805751	11	138044	0.000211878471875586
MI	26083	56.7	55.9504588688735	12	240943	0.000211878471875586
MI	26083	57.4	56.0285574010417	13	251859	0.000211878471875586
MI	26083	57.8	56.0631809218022	14	263735	0.000211878471875586
MI	26083	58.1	56.0785134069765	15	276296	0.000211878471875586
MI	26083	58.4	56.0852997864065	16	290087	0.000211878471875586
MI	26083	58.6	56.0883028755114	17	301629	0.000211878471875586
MI	26085	0	2.85639292524432	0	125	0.00118685988995337
MI	26085	1.2	5.0990737511646	1	4336	0.00118685988995337
MI	26085	5.7	8.79457943052847	2	57213	0.00118685988995337
MI	26085	16.6	14.3672947787464	3	78840	0.00118685988995337
MI	26085	27.5	21.7398389675673	4	139935	0.00118685988995337
MI	26085	44.8	29.97078559963	5	201632	0.00118685988995337
MI	26085	47.7	37.5870273345938	6	239015	0.00118685988995337
MI	26085	49.1	43.5037082373011	7	257428	0.00118685988995337
MI	26085	50.4	47.5058909568275	8	275316	0.00118685988995337
MI	26085	51.4	49.9660008229506	9	296986	0.00118685988995337
MI	26085	53.9	51.3902873235726	10	115826	0.00118685988995337
MI	26085	54.6	52.1864276326083	11	138044	0.00118685988995337
MI	26085	56.4	52.6227336973205	12	240943	0.00118685988995337
MI	26085	60.1	52.8592515720226	13	251859	0.00118685988995337
MI	26085	62	52.9867094811203	14	263735	0.00118685988995337
MI	26085	63.7	53.0551767213266	15	276296	0.00118685988995337
MI	26085	64.1	53.0918925518168	16	290087	0.00118685988995337
MI	26085	64.3	53.1115634392724	17	301629	0.00118685988995337
MI	26087	0	1.0009372794482	0	125	0.00877222934102291
MI	26087	0.9	2.03363199097496	1	4336	0.00877222934102291
MI	26087	4.9	4.04142011164949	2	57213	0.00877222934102291
MI	26087	12.9	7.70389513159021	3	78840	0.00877222934102291
MI	26087	23.6	13.6684669826746	4	139935	0.00877222934102291
MI	26087	32.9	21.7931884147059	5	201632	0.00877222934102291
MI	26087	36.5	30.5322915819949	6	239015	0.00877222934102291
MI	26087	37.6	37.8386405498479	7	257428	0.00877222934102291
MI	26087	38.9	42.7665666913531	8	275316	0.00877222934102291
MI	26087	40.4	45.6279667048861	9	296986	0.00877222934102291
MI	26087	43.4	47.1469268242943	10	115826	0.00877222934102291
MI	26087	44.2	47.9150052909062	11	138044	0.00877222934102291
MI	26087	45.3	48.2938514036508	12	240943	0.00877222934102291
MI	26087	46.3	48.4784203140548	13	251859	0.00877222934102291
MI	26087	47.2	48.5677989912892	14	263735	0.00877222934102291
MI	26087	47.4	48.6109547153537	15	276296	0.00877222934102291
MI	26087	47.5	48.6317626411049	16	290087	0.00877222934102291
MI	26087	47.6	48.6417885318533	17	301629	0.00877222934102291
MI	26089	0	1.15372813589705	0	125	0.00217896381213829
MI	26089	3.6	2.76945474607189	1	4336	0.00217896381213829
MI	26089	16.4	6.43584645293242	2	57213	0.00217896381213829
MI	26089	35.7	13.9465331605492	3	78840	0.00217896381213829
MI	26089	54	26.5509540999876	4	139935	0.00217896381213829
MI	26089	65.4	41.9872367752981	5	201632	0.00217896381213829
MI	26089	69.3	54.9931158627798	6	239015	0.00217896381213829
MI	26089	70.5	62.9216168752628	7	257428	0.00217896381213829
MI	26089	71.7	66.8417360869384	8	275316	0.00217896381213829
MI	26089	73.1	68.5797945221767	9	296986	0.00217896381213829
MI	26089	77.6	69.3129563909878	10	115826	0.00217896381213829
MI	26089	78.4	69.6157032868663	11	138044	0.00217896381213829
MI	26089	79.8	69.7396153584286	12	240943	0.00217896381213829
MI	26089	80.9	69.7901476873124	13	251859	0.00217896381213829
MI	26089	81.6	69.8107246232856	14	263735	0.00217896381213829
MI	26089	81.7	69.8190985589544	15	276296	0.00217896381213829
MI	26089	82.2	69.8225055555337	16	290087	0.00217896381213829
MI	26089	82.5	69.8238915781102	17	301629	0.00217896381213829
MI	26091	0	0.853245626704927	0	125	0.0098580564435838
MI	26091	1.4	1.64333407958838	1	4336	0.0098580564435838
MI	26091	8.4	3.12064875130569	2	57213	0.0098580564435838
MI	26091	16.2	5.77462932529055	3	78840	0.0098580564435838
MI	26091	27.8	10.2167815497484	4	139935	0.0098580564435838
MI	26091	34.9	16.8392160729876	5	201632	0.0098580564435838
MI	26091	38.5	25.1851397561792	6	239015	0.0098580564435838
MI	26091	39.8	33.7323823949809	7	257428	0.0098580564435838
MI	26091	41.3	40.8137008021162	8	275316	0.0098580564435838
MI	26091	45.8	45.7205793805073	9	296986	0.0098580564435838
MI	26091	48.5	48.7148216015339	10	115826	0.0098580564435838
MI	26091	49.4	50.4023555437953	11	138044	0.0098580564435838
MI	26091	50.4	51.3110732227608	12	240943	0.0098580564435838
MI	26091	51.4	51.7884236484615	13	251859	0.0098580564435838
MI	26091	52.4	52.03591263091	14	263735	0.0098580564435838
MI	26091	52.8	52.1633553931678	15	276296	0.0098580564435838
MI	26091	53	52.2287509313659	16	290087	0.0098580564435838
MI	26091	53.3	52.2622472560521	17	301629	0.0098580564435838
MI	26093	0	0.936430633805391	0	125	0.0192247671114145
MI	26093	2.3	1.98491978696016	1	4336	0.0192247671114145
MI	26093	7.8	4.12015811883796	2	57213	0.0192247671114145
MI	26093	15.9	8.20595311389043	3	78840	0.0192247671114145
MI	26093	31.8	15.1679469535763	4	139935	0.0192247671114145
MI	26093	43.4	24.975584546615	5	201632	0.0192247671114145
MI	26093	47.7	35.642887627864	6	239015	0.0192247671114145
MI	26093	49.1	44.4252914702805	7	257428	0.0192247671114145
MI	26093	50.7	50.1440844131838	8	275316	0.0192247671114145
MI	26093	52.6	53.3210843337926	9	296986	0.0192247671114145
MI	26093	56	54.93197802385	10	115826	0.0192247671114145
MI	26093	56.8	55.7110059982064	11	138044	0.0192247671114145
MI	26093	57.8	56.079112161896	12	240943	0.0192247671114145
MI	26093	58.9	56.2511435084816	13	251859	0.0192247671114145
MI	26093	59.7	56.3311267576221	14	263735	0.0192247671114145
MI	26093	60	56.3682243894016	15	276296	0.0192247671114145
MI	26093	60.2	56.3854117286241	16	290087	0.0192247671114145
MI	26093	60.3	56.3933705084568	17	301629	0.0192247671114145
MI	26095	0	2.4688106902445	0	125	0.000623719754873831
MI	26095	2.1	4.50050757994363	1	4336	0.000623719754873831
MI	26095	16.6	7.89278370094365	2	57213	0.000623719754873831
MI	26095	21.7	13.017058701611	3	78840	0.000623719754873831
MI	26095	28.1	19.6951275616127	4	139935	0.000623719754873831
MI	26095	33.7	26.9034878177818	5	201632	0.000623719754873831
MI	26095	36.5	33.2612833170888	6	239015	0.000623719754873831
MI	26095	37.6	37.9444067283468	7	257428	0.000623719754873831
MI	26095	38.4	40.9560575194074	8	275316	0.000623719754873831
MI	26095	39.3	42.727189990568	9	296986	0.000623719754873831
MI	26095	41.4	43.7144877750946	10	115826	0.000623719754873831
MI	26095	42	44.2484764171276	11	138044	0.000623719754873831
MI	26095	43	44.5325784458067	12	240943	0.000623719754873831
MI	26095	43.7	44.6824097181454	13	251859	0.000623719754873831
MI	26095	44.3	44.7610626437951	14	263735	0.000623719754873831
MI	26095	44.5	44.8022503865438	15	276296	0.000623719754873831
MI	26095	44.8	44.8237913963838	16	290087	0.000623719754873831
MI	26095	45	44.8350497206575	17	301629	0.000623719754873831
MI	26097	0	2.45940455025235	0	125	0.00108132118042744
MI	26097	3.8	4.68184777666379	1	4336	0.00108132118042744
MI	26097	17.8	8.619282149606	2	57213	0.00108132118042744
MI	26097	30.2	14.9938494995148	3	78840	0.00108132118042744
MI	26097	46.8	23.9468805922709	4	139935	0.00108132118042744
MI	26097	56.3	34.3007297223387	5	201632	0.00108132118042744
MI	26097	59.5	43.8949297748181	6	239015	0.00108132118042744
MI	26097	61.4	51.123792961708	7	257428	0.00108132118042744
MI	26097	63.4	55.7664916363506	8	275316	0.00108132118042744
MI	26097	65.6	58.4498090845684	9	296986	0.00108132118042744
MI	26097	70.3	59.9070047309591	10	115826	0.00108132118042744
MI	26097	71.2	60.6716537370887	11	138044	0.00108132118042744
MI	26097	72.4	61.0656782447227	12	240943	0.00108132118042744
MI	26097	73.8	61.2668209448516	13	251859	0.00108132118042744
MI	26097	74.5	61.369008433122	14	263735	0.00108132118042744
MI	26097	74.7	61.4207964582248	15	276296	0.00108132118042744
MI	26097	74.9	61.4470098081406	16	290087	0.00108132118042744
MI	26097	75.1	61.4602697943076	17	301629	0.00108132118042744
MI	26099	0	0.519473774896398	0	125	0.0875122173072069
MI	26099	1.9	1.07206800209642	1	4336	0.0875122173072069
MI	26099	7.6	2.18934210858971	2	57213	0.0875122173072069
MI	26099	16.1	4.37838967507938	3	78840	0.0875122173072069
MI	26099	29.1	8.41468293120613	4	139935	0.0875122173072069
MI	26099	39.8	15.0869422483028	5	201632	0.0875122173072069
MI	26099	44.6	24.3494196969296	6	239015	0.0875122173072069
MI	26099	46.1	34.5151667483957	7	257428	0.0875122173072069
MI	26099	47.9	43.1594744865226	8	275316	0.0875122173072069
MI	26099	49.7	49.0532164940551	9	296986	0.0875122173072069
MI	26099	52.4	52.4920563121728	10	115826	0.0875122173072069
MI	26099	53.3	54.3188887783277	11	138044	0.0875122173072069
MI	26099	54.3	55.2411873314196	12	240943	0.0875122173072069
MI	26099	55.3	55.6948563544819	13	251859	0.0875122173072069
MI	26099	56.2	55.915153581953	14	263735	0.0875122173072069
MI	26099	56.7	56.0214581039816	15	276296	0.0875122173072069
MI	26099	56.9	56.0725999379868	16	290087	0.0875122173072069
MI	26099	57	56.0971677348492	17	301629	0.0875122173072069
MI	26101	0	0.824739950939821	0	125	0.00245903190563357
MI	26101	1.9	1.80453642119387	1	4336	0.00245903190563357
MI	26101	8.7	3.86627982242556	2	57213	0.00245903190563357
MI	26101	20.4	7.936549468774	3	78840	0.00245903190563357
MI	26101	35.7	15.0471611744257	4	139935	0.00245903190563357
MI	26101	45.3	25.1691665179161	5	201632	0.00245903190563357
MI	26101	48.3	36.0563751509644	6	239015	0.00245903190563357
MI	26101	49.4	44.7440980847176	7	257428	0.00245903190563357
MI	26101	50.4	50.1702599090718	8	275316	0.00245903190563357
MI	26101	51.5	53.0585080991161	9	296986	0.00245903190563357
MI	26101	55.8	54.4659674921991	10	115826	0.00245903190563357
MI	26101	56.6	55.122310319451	11	138044	0.00245903190563357
MI	26101	57.7	55.4220960519834	12	240943	0.00245903190563357
MI	26101	59	55.5577244055366	13	251859	0.00245903190563357
MI	26101	59.5	55.6188202691571	14	263735	0.00245903190563357
MI	26101	59.7	55.6462882067558	15	276296	0.00245903190563357
MI	26101	60.1	55.6586266184583	16	290087	0.00245903190563357
MI	26101	60.3	55.6641667651178	17	301629	0.00245903190563357
MI	26103	0	0.625508137089972	0	125	0.00667867778621442
MI	26103	3.5	1.4305792753784	1	4336	0.00667867778621442
MI	26103	14.1	3.21690047166028	2	57213	0.00667867778621442
MI	26103	25	6.97395309010394	3	78840	0.00667867778621442
MI	26103	41.2	14.0570924825664	4	139935	0.00667867778621442
MI	26103	49.6	25.0213010519055	5	201632	0.00667867778621442
MI	26103	54	37.711843345392	6	239015	0.00667867778621442
MI	26103	55.2	48.2756067800589	7	257428	0.00667867778621442
MI	26103	56.5	54.9119424698707	8	275316	0.00667867778621442
MI	26103	57.6	58.3740543344512	9	296986	0.00667867778621442
MI	26103	59.7	60.0063241380947	10	115826	0.00667867778621442
MI	26103	60.5	60.7390827835041	11	138044	0.00667867778621442
MI	26103	61.5	61.0607797062067	12	240943	0.00667867778621442
MI	26103	62.8	61.2006273599704	13	251859	0.00667867778621442
MI	26103	63.5	61.2611612658694	14	263735	0.00667867778621442
MI	26103	63.8	61.2873150209268	15	276296	0.00667867778621442
MI	26103	64.2	61.298605699827	16	290087	0.00667867778621442
MI	26103	64.5	61.3034782375561	17	301629	0.00667867778621442
MI	26105	0	0.907643061470861	0	125	0.00291823543683463
MI	26105	2.1	1.92489258529102	1	4336	0.00291823543683463
MI	26105	12.1	3.99865314178761	2	57213	0.00291823543683463
MI	26105	21.1	7.97374056905297	3	78840	0.00291823543683463
MI	26105	36.3	14.7664061607949	4	139935	0.00291823543683463
MI	26105	45.4	24.3748318075093	5	201632	0.00291823543683463
MI	26105	49	34.8759637306334	6	239015	0.00291823543683463
MI	26105	50.2	43.5598302349899	7	257428	0.00291823543683463
MI	26105	51.7	49.2322605837303	8	275316	0.00291823543683463
MI	26105	53.1	52.3891302728853	9	296986	0.00291823543683463
MI	26105	56.1	53.9911274533635	10	115826	0.00291823543683463
MI	26105	56.9	54.7660611374356	11	138044	0.00291823543683463
MI	26105	58.1	55.1322289506296	12	240943	0.00291823543683463
MI	26105	59.4	55.3033298980319	13	251859	0.00291823543683463
MI	26105	60.1	55.3828642503827	14	263735	0.00291823543683463
MI	26105	60.4	55.4197450615204	15	276296	0.00291823543683463
MI	26105	60.7	55.4368277371893	16	290087	0.00291823543683463
MI	26105	61	55.4447360559364	17	301629	0.00291823543683463
MI	26107	0	1.83753077662001	0	125	0.00435101854367195
MI	26107	1	3.43380367921403	1	4336	0.00435101854367195
MI	26107	6.2	6.2189022398552	2	57213	0.00435101854367195
MI	26107	13.6	10.6879295581078	3	78840	0.00435101854367195
MI	26107	23.7	16.9776461431711	4	139935	0.00435101854367195
MI	26107	29.4	24.3715784646135	5	201632	0.00435101854367195
MI	26107	31.9	31.4276760992839	6	239015	0.00435101854367195
MI	26107	32.9	36.9414533983201	7	257428	0.00435101854367195
MI	26107	33.9	40.6149272378809	8	275316	0.00435101854367195
MI	26107	35	42.8095397531242	9	296986	0.00435101854367195
MI	26107	38.4	44.036234969743	10	115826	0.00435101854367195
MI	26107	39	44.6965087230094	11	138044	0.00435101854367195
MI	26107	39.9	45.0446951399213	12	240943	0.00435101854367195
MI	26107	40.9	45.2263235697207	13	251859	0.00435101854367195
MI	26107	41.5	45.3205319407744	14	263735	0.00435101854367195
MI	26107	41.8	45.369252711999	15	276296	0.00435101854367195
MI	26107	42.1	45.394410697217	16	290087	0.00435101854367195
MI	26107	42.2	45.4073913072554	17	301629	0.00435101854367195
MI	26109	0	0.990211910475525	0	125	0.00228099791556042
MI	26109	1.2	2.26870897750674	1	4336	0.00228099791556042
MI	26109	7.6	5.04657884399751	2	57213	0.00228099791556042
MI	26109	22.4	10.5578515758362	3	78840	0.00228099791556042
MI	26109	38	19.7558687577502	4	139935	0.00228099791556042
MI	26109	50.3	31.4292181852391	5	201632	0.00228099791556042
MI	26109	54.7	42.0125248151333	6	239015	0.00228099791556042
MI	26109	57.4	49.054791720694	7	257428	0.00228099791556042
MI	26109	59.6	52.8301557512271	8	275316	0.00228099791556042
MI	26109	62.6	54.6223753562008	9	296986	0.00228099791556042
MI	26109	65.5	55.423961386376	10	115826	0.00228099791556042
MI	26109	66.6	55.7728975719345	11	138044	0.00228099791556042
MI	26109	68.7	55.922998070815	12	240943	0.00228099791556042
MI	26109	70.2	55.987235950644	13	251859	0.00228099791556042
MI	26109	56.3	56.0146672106285	14	263735	0.00228099791556042
MI	26109	56.7	56.0263700827221	15	276296	0.00228099791556042
MI	26109	57.3	56.0313608246415	16	290087	0.00228099791556042
MI	26109	57.8	56.0334887850029	17	301629	0.00228099791556042
MI	26111	0	0.873134138742909	0	125	0.00832654357622223
MI	26111	2.9	1.82655379528628	1	4336	0.00832654357622223
MI	26111	9.7	3.75134128271315	2	57213	0.00832654357622223
MI	26111	19.3	7.43071667857349	3	78840	0.00832654357622223
MI	26111	35.1	13.7828507176687	4	139935	0.00832654357622223
MI	26111	42.1	23.0359832679987	5	201632	0.00832654357622223
MI	26111	46.6	33.6517177212065	6	239015	0.00832654357622223
MI	26111	47.9	42.9526459218025	7	257428	0.00832654357622223
MI	26111	49.2	49.3635370759041	8	275316	0.00832654357622223
MI	26111	50.5	53.0866561853192	9	296986	0.00832654357622223
MI	26111	54.5	55.0371737307464	10	115826	0.00832654357622223
MI	26111	55.3	56.0040638232566	11	138044	0.00832654357622223
MI	26111	56.5	56.4702222736033	12	240943	0.00832654357622223
MI	26111	57.6	56.6919543511495	13	251859	0.00832654357622223
MI	26111	58.5	56.7967457311726	14	263735	0.00832654357622223
MI	26111	58.9	56.8461196995014	15	276296	0.00832654357622223
MI	26111	59.1	56.8693495235388	16	290087	0.00832654357622223
MI	26111	59.3	56.8802714647171	17	301629	0.00832654357622223
MI	26113	0	1.22062836832758	0	125	0.00151378957363663
MI	26113	1	2.47223970222003	1	4336	0.00151378957363663
MI	26113	6.8	4.86554074604039	2	57213	0.00151378957363663
MI	26113	16.7	9.08418514147592	3	78840	0.00151378957363663
MI	26113	29.1	15.5532918374218	4	139935	0.00151378957363663
MI	26113	35.7	23.6234444117365	5	201632	0.00151378957363663
MI	26113	38.1	31.4521497588358	6	239015	0.00151378957363663
MI	26113	38.9	37.3973704743712	7	257428	0.00151378957363663
MI	26113	39.8	41.1266144373621	8	275316	0.00151378957363663
MI	26113	40.6	43.1928097565704	9	296986	0.00151378957363663
MI	26113	43.9	44.259491902222	10	115826	0.00151378957363663
MI	26113	45.1	44.7901147334119	11	138044	0.00151378957363663
MI	26113	46.6	45.049202437974	12	240943	0.00151378957363663
MI	26113	47.6	45.1745565875805	13	251859	0.00151378957363663
MI	26113	48.2	45.2349383520067	14	263735	0.00151378957363663
MI	26113	48.3	45.263961508934	15	276296	0.00151378957363663
MI	26113	48.5	45.2778974752269	16	290087	0.00151378957363663
MI	26113	48.7	45.284585765512	17	301629	0.00151378957363663
MI	26115	0	0.932591994242426	0	125	0.0150698062463496
MI	26115	1.4	1.67506934289549	1	4336	0.0150698062463496
MI	26115	6.9	2.97658740726883	2	57213	0.0150698062463496
MI	26115	12.7	5.1923337786334	3	78840	0.0150698062463496
MI	26115	22.6	8.78312989224458	4	139935	0.0150698062463496
MI	26115	31.4	14.1620341810315	5	201632	0.0150698062463496
MI	26115	34.9	21.3394415244678	6	239015	0.0150698062463496
MI	26115	36.5	29.5701053206795	7	257428	0.0150698062463496
MI	26115	38	37.517522221377	8	275316	0.0150698062463496
MI	26115	48.9	44.0144569983842	9	296986	0.0150698062463496
MI	26115	51.4	48.6405324646026	10	115826	0.0150698062463496
MI	26115	52.4	51.6202675185758	11	138044	0.0150698062463496
MI	26115	53.9	53.4174942769776	12	240943	0.0150698062463496
MI	26115	55.1	54.4588304864552	13	251859	0.0150698062463496
MI	26115	56.1	55.0482040434411	14	263735	0.0150698062463496
MI	26115	56.6	55.3773545864414	15	276296	0.0150698062463496
MI	26115	57.1	55.5598080837774	16	290087	0.0150698062463496
MI	26115	57.4	55.6605261383848	17	301629	0.0150698062463496
MI	26117	0	1.48530939254542	0	125	0.00639720785027762
MI	26117	1.3	2.69938169514733	1	4336	0.00639720785027762
MI	26117	4.6	4.79632224061067	2	57213	0.00639720785027762
MI	26117	12.9	8.205867480176	3	78840	0.00639720785027762
MI	26117	22.3	13.2400296379942	4	139935	0.00639720785027762
MI	26117	29.2	19.7063902453205	5	201632	0.00639720785027762
MI	26117	32.2	26.6745522834363	6	239015	0.00639720785027762
MI	26117	33.1	32.8962285965863	7	257428	0.00639720785027762
MI	26117	34.2	37.5851962400704	8	275316	0.00639720785027762
MI	26117	35.5	40.6871748585604	9	296986	0.00639720785027762
MI	26117	38.8	42.566219951226	10	115826	0.00639720785027762
MI	26117	39.4	43.6443161113096	11	138044	0.00639720785027762
MI	26117	40.4	44.2436845093035	12	240943	0.00639720785027762
MI	26117	41.5	44.5710775332859	13	251859	0.00639720785027762
MI	26117	42.1	44.7481877955492	14	263735	0.00639720785027762
MI	26117	42.3	44.8434981788654	15	276296	0.00639720785027762
MI	26117	42.5	44.894643915155	16	290087	0.00639720785027762
MI	26117	42.7	44.9220482736974	17	301629	0.00639720785027762
MI	26119	0	1.14415284436003	0	125	0.000934027592464776
MI	26119	0.8	2.4547029793925	1	4336	0.000934027592464776
MI	26119	8.2	5.1070372939507	2	57213	0.000934027592464776
MI	26119	21.3	10.0120904562574	3	78840	0.000934027592464776
MI	26119	36.1	17.735459091361	4	139935	0.000934027592464776
MI	26119	41.5	27.2753014555341	5	201632	0.000934027592464776
MI	26119	43.8	36.0730425590676	6	239015	0.000934027592464776
MI	26119	44.6	42.2523887216633	7	257428	0.000934027592464776
MI	26119	45.6	45.8104546624508	8	275316	0.000934027592464776
MI	26119	46.7	47.6289986773869	9	296986	0.000934027592464776
MI	26119	51.1	48.5019868997099	10	115826	0.000934027592464776
MI	26119	51.8	48.9084399463857	11	138044	0.000934027592464776
MI	26119	52.7	49.0949823641981	12	240943	0.000934027592464776
MI	26119	53.7	49.1800319568083	13	251859	0.000934027592464776
MI	26119	54.2	49.2186913320451	14	263735	0.000934027592464776
MI	26119	54.3	49.2362398539894	15	276296	0.000934027592464776
MI	26119	54.5	49.2442006264855	16	290087	0.000934027592464776
MI	26119	54.6	49.2478109565255	17	301629	0.000934027592464776
MI	26121	0	1.04085251015554	0	125	0.0173794418003582
MI	26121	2	1.99828494888585	1	4336	0.0173794418003582
MI	26121	8.8	3.77553944604441	2	57213	0.0173794418003582
MI	26121	18.5	6.92936021452746	3	78840	0.0173794418003582
MI	26121	31.2	12.1031354213795	4	139935	0.0173794418003582
MI	26121	38.4	19.5872255079383	5	201632	0.0173794418003582
MI	26121	42.4	28.6547703527798	6	239015	0.0173794418003582
MI	26121	43.8	37.5505698767915	7	257428	0.0173794418003582
MI	26121	45.4	44.6429616843671	8	275316	0.0173794418003582
MI	26121	47	49.4196574811282	9	296986	0.0173794418003582
MI	26121	50.1	52.2823963636441	10	115826	0.0173794418003582
MI	26121	51.1	53.879591450748	11	138044	0.0173794418003582
MI	26121	52.3	54.7352915494928	12	240943	0.0173794418003582
MI	26121	53.6	55.1837895122138	13	251859	0.0173794418003582
MI	26121	54.4	55.4161600880099	14	263735	0.0173794418003582
MI	26121	54.8	55.5358326440968	15	276296	0.0173794418003582
MI	26121	55.1	55.5972743556164	16	290087	0.0173794418003582
MI	26121	55.3	55.6287693210046	17	301629	0.0173794418003582
MI	26123	0	2.19871208206419	0	125	0.0049044459132638
MI	26123	0.9	3.98399931684155	1	4336	0.0049044459132638
MI	26123	5.8	6.98231452303063	2	57213	0.0049044459132638
MI	26123	13.4	11.5987604606023	3	78840	0.0049044459132638
MI	26123	24.2	17.8349296469804	4	139935	0.0049044459132638
MI	26123	30.4	24.921101626806	5	201632	0.0049044459132638
MI	26123	33.4	31.5507040634231	6	239015	0.0049044459132638
MI	26123	34.4	36.7162566720226	7	257428	0.0049044459132638
MI	26123	35.8	40.196715006933	8	275316	0.0049044459132638
MI	26123	37.2	42.31821752222	9	296986	0.0049044459132638
MI	26123	41	43.5333200390282	10	115826	0.0049044459132638
MI	26123	41.7	44.2045803477716	11	138044	0.0049044459132638
MI	26123	42.7	44.5680186107038	12	240943	0.0049044459132638
MI	26123	43.7	44.7626519918827	13	251859	0.0049044459132638
MI	26123	44.3	44.8662740341855	14	263735	0.0049044459132638
MI	26123	44.5	44.9212694515339	15	276296	0.0049044459132638
MI	26123	44.8	44.9504086958541	16	290087	0.0049044459132638
MI	26123	44.9	44.965834473399	17	301629	0.0049044459132638
MI	26125	0	0.603757043636655	0	125	0.125923901784115
MI	26125	2.5	1.36721170134111	1	4336	0.125923901784115
MI	26125	9.3	3.0494497392408	2	57213	0.125923901784115
MI	26125	17.9	6.58316150269526	3	78840	0.125923901784115
MI	26125	35.7	13.3138105444391	4	139935	0.125923901784115
MI	26125	47.7	24.0335973095789	5	201632	0.125923901784115
MI	26125	53.4	37.046578801241	6	239015	0.125923901784115
MI	26125	55.1	48.5037802771491	7	257428	0.125923901784115
MI	26125	56.7	56.0685295747274	8	275316	0.125923901784115
MI	26125	58.5	60.1619442798704	9	296986	0.125923901784115
MI	26125	61.3	62.1411493311185	10	115826	0.125923901784115
MI	26125	62.2	63.0459883400137	11	138044	0.125923901784115
MI	26125	63.4	63.449041219513	12	240943	0.125923901784115
MI	26125	64.6	63.6264959199525	13	251859	0.125923901784115
MI	26125	65.7	63.7042235813187	14	263735	0.125923901784115
MI	26125	66.1	63.7381925427684	15	276296	0.125923901784115
MI	26125	66.3	63.7530231781121	16	290087	0.125923901784115
MI	26125	66.6	63.7594953465945	17	301629	0.125923901784115
MI	26127	0	2.85547381106713	0	125	0.00265018313569524
MI	26127	0.9	4.96775846677742	1	4336	0.00265018313569524
MI	26127	7.3	8.36323632649013	2	57213	0.00265018313569524
MI	26127	15.8	13.3841637393469	3	78840	0.00265018313569524
MI	26127	29.3	19.9616123164659	4	139935	0.00265018313569524
MI	26127	38.1	27.3343142024493	5	201632	0.00265018313569524
MI	26127	41.3	34.2841935707646	6	239015	0.00265018313569524
MI	26127	42.6	39.84436623921	7	257428	0.00265018313569524
MI	26127	44.4	43.7375122126108	8	275316	0.00265018313569524
MI	26127	46	46.2159493867389	9	296986	0.00265018313569524
MI	26127	49.9	47.6994561695575	10	115826	0.00265018313569524
MI	26127	50.7	48.5548829450982	11	138044	0.00265018313569524
MI	26127	51.8	49.0375531325026	12	240943	0.00265018313569524
MI	26127	53.1	49.306566957616	13	251859	0.00265018313569524
MI	26127	53.7	49.4554730405262	14	263735	0.00265018313569524
MI	26127	54	49.537582795543	15	276296	0.00265018313569524
MI	26127	54.4	49.5827645826823	16	290087	0.00265018313569524
MI	26127	55.3	49.6075975753494	17	301629	0.00265018313569524
MI	26129	0	2.17750883426105	0	125	0.00210246326747244
MI	26129	1.5	4.17791451963873	1	4336	0.00210246326747244
MI	26129	6.1	7.68776112147548	2	57213	0.00210246326747244
MI	26129	15.9	13.1979212489774	3	78840	0.00210246326747244
MI	26129	27.3	20.5000467345583	4	139935	0.00210246326747244
MI	26129	33.3	28.2744737544338	5	201632	0.00210246326747244
MI	26129	35.9	34.8409733259345	6	239015	0.00210246326747244
MI	26129	36.9	39.3868865701923	7	257428	0.00210246326747244
MI	26129	37.9	42.11792581333	8	275316	0.00210246326747244
MI	26129	38.9	43.6210773929118	9	296986	0.00210246326747244
MI	26129	41.9	44.4087291544881	10	115826	0.00210246326747244
MI	26129	42.6	44.8108449144451	11	138044	0.00210246326747244
MI	26129	43.4	45.013405395848	12	240943	0.00210246326747244
MI	26129	44.3	45.1147545872957	13	251859	0.00210246326747244
MI	26129	45	45.1652920393614	14	263735	0.00210246326747244
MI	26129	45.2	45.1904497726258	15	276296	0.00210246326747244
MI	26129	45.3	45.2029628372744	16	290087	0.00210246326747244
MI	26129	45.6	45.2091840319897	17	301629	0.00210246326747244
MI	26131	0	1.11992061556091	0	125	0.00057275276896425
MI	26131	2	2.36819649607735	1	4336	0.00057275276896425
MI	26131	22.2	4.89007611372379	2	57213	0.00057275276896425
MI	26131	33	9.63962041765874	3	78840	0.00057275276896425
MI	26131	47.2	17.5071100339543	4	139935	0.00057275276896425
MI	26131	53.9	28.1295554110051	5	201632	0.00057275276896425
MI	26131	57.2	39.1087110174687	6	239015	0.00057275276896425
MI	26131	59	47.727836737377	7	257428	0.00057275276896425
MI	26131	60.6	53.1473004955591	8	275316	0.00057275276896425
MI	26131	62	56.0943617999775	9	296986	0.00057275276896425
MI	26131	65.3	57.5714293759668	10	115826	0.00057275276896425
MI	26131	66.5	58.281492917638	11	138044	0.00057275276896425
MI	26131	67.5	58.6159895084156	12	240943	0.00057275276896425
MI	26131	68.7	58.7720587517145	13	251859	0.00057275276896425
MI	26131	68.5	58.84455121742	14	263735	0.00057275276896425
MI	26131	68.8	58.8781529396897	15	276296	0.00057275276896425
MI	26131	69.2	58.8937129403438	16	290087	0.00057275276896425
MI	26131	69.6	58.9009151020578	17	301629	0.00057275276896425
MI	26133	0	2.28671378716269	0	125	0.00234908740557715
MI	26133	1	4.22146222796466	1	4336	0.00234908740557715
MI	26133	6	7.49180598092612	2	57213	0.00234908740557715
MI	26133	13.6	12.4799221845806	3	78840	0.00234908740557715
MI	26133	23.7	19.0101829757076	4	139935	0.00234908740557715
MI	26133	29.9	26.0402171784733	5	201632	0.00234908740557715
MI	26133	32.6	32.1799713341031	6	239015	0.00234908740557715
MI	26133	33.6	36.636708431941	7	257428	0.00234908740557715
MI	26133	34.6	39.4559903056379	8	275316	0.00234908740557715
MI	26133	35.3	41.0872508123838	9	296986	0.00234908740557715
MI	26133	38.9	41.9827715922922	10	115826	0.00234908740557715
MI	26133	39.6	42.4602406403532	11	138044	0.00234908740557715
MI	26133	40.2	42.7108553594785	12	240943	0.00234908740557715
MI	26133	41.1	42.8413164844357	13	251859	0.00234908740557715
MI	26133	41.7	42.9089379849766	14	263735	0.00234908740557715
MI	26133	41.9	42.9439097671966	15	276296	0.00234908740557715
MI	26133	42.1	42.9619752023665	16	290087	0.00234908740557715
MI	26133	42.3	42.9713017206017	17	301629	0.00234908740557715
MI	26135	0	2.10934314078691	0	125	0.000825184540040976
MI	26135	0	4.27200640429721	1	4336	0.000825184540040976
MI	26135	5.7	8.20914364690602	2	57213	0.000825184540040976
MI	26135	15.5	14.430147234916	3	78840	0.000825184540040976
MI	26135	26.7	22.3546353195998	4	139935	0.000825184540040976
MI	26135	32.3	30.0824018657818	5	201632	0.000825184540040976
MI	26135	34.9	35.8852851652277	6	239015	0.000825184540040976
MI	26135	35.6	39.444541538193	7	257428	0.000825184540040976
MI	26135	36.1	41.3636649888016	8	275316	0.000825184540040976
MI	26135	37.3	42.3269935856257	9	296986	0.000825184540040976
MI	26135	39.3	42.7931923923594	10	115826	0.000825184540040976
MI	26135	39.9	43.0148143663806	11	138044	0.000825184540040976
MI	26135	40.6	43.1192745075497	12	240943	0.000825184540040976
MI	26135	41.3	43.1683131754945	13	251859	0.000825184540040976
MI	26135	41.7	43.1912907632462	14	263735	0.000825184540040976
MI	26135	41.8	43.2020476034336	15	276296	0.000825184540040976
MI	26135	41.9	43.2070812705755	16	290087	0.000825184540040976
MI	26135	42	43.2094363187436	17	301629	0.000825184540040976
MI	26137	0	1.03113119343052	0	125	0.00247004638195981
MI	26137	1.8	2.23255590999188	1	4336	0.00247004638195981
MI	26137	10.4	4.70249880185647	2	57213	0.00247004638195981
MI	26137	21	9.38105459395659	3	78840	0.00247004638195981
MI	26137	36.1	17.009952448836	4	139935	0.00247004638195981
MI	26137	42.7	26.8547515010203	5	201632	0.00247004638195981
MI	26137	45.9	36.3345505125032	6	239015	0.00247004638195981
MI	26137	46.9	43.2106918090499	7	257428	0.00247004638195981
MI	26137	48.1	47.2408113620354	8	275316	0.00247004638195981
MI	26137	49.1	49.3141679514486	9	296986	0.00247004638195981
MI	26137	51.3	50.3095333127635	10	115826	0.00247004638195981
MI	26137	52.1	50.7714954158311	11	138044	0.00247004638195981
MI	26137	53.3	50.9825297037539	12	240943	0.00247004638195981
MI	26137	54.4	51.0782368897609	13	251859	0.00247004638195981
MI	26137	55.1	51.1214984643969	14	263735	0.00247004638195981
MI	26137	55.3	51.1410243809554	15	276296	0.00247004638195981
MI	26137	55.6	51.1498313737562	16	290087	0.00247004638195981
MI	26137	55.7	51.1538024819701	17	301629	0.00247004638195981
MI	26139	0	0.934828735129988	0	125	0.029221405693503
MI	26139	2.5	1.92904402619485	1	4336	0.029221405693503
MI	26139	8.6	3.90465005454668	2	57213	0.029221405693503
MI	26139	17.2	7.61471808122105	3	78840	0.029221405693503
MI	26139	31.8	13.8962933873369	4	139935	0.029221405693503
MI	26139	40.3	22.8726829491181	5	201632	0.029221405693503
MI	26139	44.8	33.01994592392	6	239015	0.029221405693503
MI	26139	46.2	41.853447299613	7	257428	0.029221405693503
MI	26139	47.9	47.956930314096	8	275316	0.029221405693503
MI	26139	49.5	51.5320781293307	9	296986	0.029221405693503
MI	26139	52.6	53.426918335575	10	115826	0.029221405693503
MI	26139	53.5	54.3781564763587	11	138044	0.029221405693503
MI	26139	54.8	54.8426907106641	12	240943	0.029221405693503
MI	26139	56.3	55.0664857455735	13	251859	0.029221405693503
MI	26139	57	55.1735964381397	14	263735	0.029221405693503
MI	26139	57.4	55.2246997056514	15	276296	0.029221405693503
MI	26139	57.7	55.2490448296136	16	290087	0.029221405693503
MI	26139	57.9	55.2606343198388	17	301629	0.029221405693503
MI	26141	0	1.00249827617992	0	125	0.00126085714454508
MI	26141	1.6	2.31986792779922	1	4336	0.00126085714454508
MI	26141	10.9	5.1978233375317	2	57213	0.00126085714454508
MI	26141	26.8	10.8902426345316	3	78840	0.00126085714454508
MI	26141	42.6	20.2209851068748	4	139935	0.00126085714454508
MI	26141	48.1	31.6451446105005	5	201632	0.00126085714454508
MI	26141	50.5	41.5315559794008	6	239015	0.00126085714454508
MI	26141	51.4	47.8272819962613	7	257428	0.00126085714454508
MI	26141	52.1	51.0905016720865	8	275316	0.00126085714454508
MI	26141	53.1	52.6027301831878	9	296986	0.00126085714454508
MI	26141	56.6	53.2670456921445	10	115826	0.00126085714454508
MI	26141	57.2	53.5520033644788	11	138044	0.00126085714454508
MI	26141	58.1	53.6729840418177	12	240943	0.00126085714454508
MI	26141	58.9	53.724122560863	13	251859	0.00126085714454508
MI	26141	59.5	53.7456987452718	14	263735	0.00126085714454508
MI	26141	59.7	53.7547949672514	15	276296	0.00126085714454508
MI	26141	59.9	53.7586285429525	16	290087	0.00126085714454508
MI	26141	60.2	53.7602439671767	17	301629	0.00126085714454508
MI	26143	0	0.981079298135925	0	125	0.00240506097163502
MI	26143	0.9	2.13338936196701	1	4336	0.00240506097163502
MI	26143	7.7	4.51927520852536	2	57213	0.00240506097163502
MI	26143	22.1	9.08733336853058	3	78840	0.00240506097163502
MI	26143	34.1	16.653758097769	4	139935	0.00240506097163502
MI	26143	42.8	26.6143720356262	5	201632	0.00240506097163502
MI	26143	45.8	36.4000667895083	6	239015	0.00240506097163502
MI	26143	46.8	43.6069360309063	7	257428	0.00240506097163502
MI	26143	47.7	47.8667865894262	8	275316	0.00240506097163502
MI	26143	48.6	50.0650994608744	9	296986	0.00240506097163502
MI	26143	52.6	51.1203725625003	10	115826	0.00240506097163502
MI	26143	53.4	51.6093329303385	11	138044	0.00240506097163502
MI	26143	54.4	51.8321737258147	12	240943	0.00240506097163502
MI	26143	55.3	51.9329655268793	13	251859	0.00240506097163502
MI	26143	55.8	51.9783977825939	14	263735	0.00240506097163502
MI	26143	56	51.9988448251812	15	276296	0.00240506097163502
MI	26143	56.3	52.0080407144836	16	290087	0.00240506097163502
MI	26143	56.5	52.0121751924731	17	301629	0.00240506097163502
MI	26145	0	1.02658440461763	0	125	0.0190789754974964
MI	26145	2.1	2.03773373302249	1	4336	0.0190789754974964
MI	26145	8.3	3.97105543521963	2	57213	0.0190789754974964
MI	26145	19.4	7.47785998427209	3	78840	0.0190789754974964
MI	26145	31.8	13.2703555829674	4	139935	0.0190789754974964
MI	26145	38.6	21.5037870493556	5	201632	0.0190789754974964
MI	26145	42.1	31.0153707095588	6	239015	0.0190789754974964
MI	26145	43.3	39.6937225185985	7	257428	0.0190789754974964
MI	26145	44.6	46.0646998891209	8	275316	0.0190789754974964
MI	26145	45.8	50.034129670786	9	296986	0.0190789754974964
MI	26145	48.5	52.2600372784874	10	115826	0.0190789754974964
MI	26145	49.3	53.4350554677336	11	138044	0.0190789754974964
MI	26145	50.4	54.0355820681408	12	240943	0.0190789754974964
MI	26145	51.8	54.3374260964723	13	251859	0.0190789754974964
MI	26145	52.6	54.4878719219411	14	263735	0.0190789754974964
MI	26145	52.9	54.5625431380488	15	276296	0.0190789754974964
MI	26145	53.1	54.5995276425291	16	290087	0.0190789754974964
MI	26145	53.2	54.6178270555288	17	301629	0.0190789754974964
MI	26147	0	0.636467805766692	0	125	0.0159337417167383
MI	26147	1.4	1.31709210727791	1	4336	0.0159337417167383
MI	26147	6.4	2.68586362986008	2	57213	0.0159337417167383
MI	26147	13.2	5.3212520879667	3	78840	0.0159337417167383
MI	26147	27.4	9.99488251265172	4	139935	0.0159337417167383
MI	26147	35.8	17.1898436346234	5	201632	0.0159337417167383
MI	26147	39.7	26.166430332198	6	239015	0.0159337417167383
MI	26147	41	34.8356289136769	7	257428	0.0159337417167383
MI	26147	42.3	41.3670023370069	8	275316	0.0159337417167383
MI	26147	43.6	45.4258208754037	9	296986	0.0159337417167383
MI	26147	46	47.6540583226108	10	115826	0.0159337417167383
MI	26147	46.8	48.794694871176	11	138044	0.0159337417167383
MI	26147	47.7	49.3577077974198	12	240943	0.0159337417167383
MI	26147	48.7	49.6306127319803	13	251859	0.0159337417167383
MI	26147	49.3	49.7617324146742	14	263735	0.0159337417167383
MI	26147	49.6	49.8244626429985	15	276296	0.0159337417167383
MI	26147	49.7	49.8544129290987	16	290087	0.0159337417167383
MI	26147	49.8	49.868698657175	17	301629	0.0159337417167383
MI	26149	0	1.95780033102611	0	125	0.00610442304320569
MI	26149	0.7	3.66762132266572	1	4336	0.00610442304320569
MI	26149	5.1	6.64764805125945	2	57213	0.00610442304320569
MI	26149	14	11.4037893948922	3	78840	0.00610442304320569
MI	26149	26	18.0224583278004	4	139935	0.00610442304320569
MI	26149	30.8	25.6698841363677	5	201632	0.00610442304320569
MI	26149	34	32.8178245855529	6	239015	0.00610442304320569
MI	26149	35.6	38.2907684461539	7	257428	0.00610442304320569
MI	26149	37.1	41.8753597695078	8	275316	0.00610442304320569
MI	26149	38.4	43.989145627892	9	296986	0.00610442304320569
MI	26149	41.3	45.1592346470968	10	115826	0.00610442304320569
MI	26149	42.1	45.7843502307774	11	138044	0.00610442304320569
MI	26149	43.2	46.1119906840526	12	240943	0.00610442304320569
MI	26149	44.2	46.281995974758	13	251859	0.00610442304320569
MI	26149	44.9	46.3697471997696	14	263735	0.00610442304320569
MI	26149	45.1	46.4149191249088	15	276296	0.00610442304320569
MI	26149	45.3	46.4381399999815	16	290087	0.00610442304320569
MI	26149	45.4	46.450068263761	17	301629	0.00610442304320569
MI	26151	0	1.08437584038912	0	125	0.00412241809410108
MI	26151	1.1	2.2069672511795	1	4336	0.00412241809410108
MI	26151	9.7	4.37338890340558	2	57213	0.00412241809410108
MI	26151	15.8	8.24716961307897	3	78840	0.00412241809410108
MI	26151	26.4	14.313978177553	4	139935	0.00412241809410108
MI	26151	32	22.0893539179998	5	201632	0.00412241809410108
MI	26151	34.9	29.8473563662505	6	239015	0.00412241809410108
MI	26151	35.8	35.876572478501	7	257428	0.00412241809410108
MI	26151	36.7	39.7153836427611	8	275316	0.00412241809410108
MI	26151	37.7	41.8585349562313	9	296986	0.00412241809410108
MI	26151	39.6	42.968022540842	10	115826	0.00412241809410108
MI	26151	40.3	43.5199858055478	11	138044	0.00412241809410108
MI	26151	41.1	43.7891481554641	12	240943	0.00412241809410108
MI	26151	41.8	43.9191238782307	13	251859	0.00412241809410108
MI	26151	42.4	43.9815907394238	14	263735	0.00412241809410108
MI	26151	42.6	44.0115441051259	15	276296	0.00412241809410108
MI	26151	42.7	44.02589126241	16	290087	0.00412241809410108
MI	26151	42.8	44.0327597033133	17	301629	0.00412241809410108
MI	26153	0	2.35614591335736	0	125	0.000810465194405007
MI	26153	4.1	4.12324257074687	1	4336	0.000810465194405007
MI	26153	13	7.02589128369887	2	57213	0.000810465194405007
MI	26153	21.2	11.4761748031068	3	78840	0.000810465194405007
MI	26153	33.6	17.6262649036927	4	139935	0.000810465194405007
MI	26153	38.9	25.0089588905642	5	201632	0.000810465194405007
MI	26153	41.4	32.5096616390267	6	239015	0.000810465194405007
MI	26153	42.8	38.9436083940136	7	257428	0.000810465194405007
MI	26153	43.9	43.7086578812023	8	275316	0.000810465194405007
MI	26153	45	46.8675781863578	9	296986	0.000810465194405007
MI	26153	52.3	48.8107984989622	10	115826	0.000810465194405007
MI	26153	53.1	49.9516639259597	11	138044	0.000810465194405007
MI	26153	54	50.6031892895971	12	240943	0.000810465194405007
MI	26153	54.8	50.9693955650008	13	251859	0.000810465194405007
MI	26153	55.3	51.1733940990531	14	263735	0.000810465194405007
MI	26153	55.6	51.2864661499659	15	276296	0.000810465194405007
MI	26153	55.9	51.3489658134444	16	290087	0.000810465194405007
MI	26153	56.1	51.383458988372	17	301629	0.000810465194405007
MI	26155	0	1.16559671992292	0	125	0.00682116505723472
MI	26155	1.7	2.56039779896224	1	4336	0.00682116505723472
MI	26155	5.7	5.44546945940434	2	57213	0.00682116505723472
MI	26155	13.3	10.8668564622872	3	78840	0.00682116505723472
MI	26155	27.8	19.4325381944043	4	139935	0.00682116505723472
MI	26155	36.5	29.8499167915462	5	201632	0.00682116505723472
MI	26155	40.5	39.1396481509828	6	239015	0.00682116505723472
MI	26155	41.6	45.3945594631913	7	257428	0.00682116505723472
MI	26155	42.6	48.8510507685688	8	275316	0.00682116505723472
MI	26155	43.9	50.5553916534373	9	296986	0.00682116505723472
MI	26155	47.2	51.3485651333981	10	115826	0.00682116505723472
MI	26155	48	51.7077463653349	11	138044	0.00682116505723472
MI	26155	49.2	51.8683832802625	12	240943	0.00682116505723472
MI	26155	50.4	51.9398242829052	13	251859	0.00682116505723472
MI	26155	51	51.9715175892348	14	263735	0.00682116505723472
MI	26155	51.3	51.9855621168592	15	276296	0.00682116505723472
MI	26155	51.4	51.9917827382192	16	290087	0.00682116505723472
MI	26155	51.5	51.9945373859063	17	301629	0.00682116505723472
MI	26157	0	1.00899254283896	0	125	0.00523137559694707
MI	26157	1	2.04390031868468	1	4336	0.00523137559694707
MI	26157	6.4	4.04533570094808	2	57213	0.00523137559694707
MI	26157	15.1	7.6665645379148	3	78840	0.00523137559694707
MI	26157	27.1	13.4925347681295	4	139935	0.00523137559694707
MI	26157	32.8	21.3002929473993	5	201632	0.00523137559694707
MI	26157	35.8	29.5480259191018	6	239015	0.00523137559694707
MI	26157	36.8	36.3344485264231	7	257428	0.00523137559694707
MI	26157	37.9	40.8613196451344	8	275316	0.00523137559694707
MI	26157	39	43.4739756194188	9	296986	0.00523137559694707
MI	26157	42.6	44.8574717320609	10	115826	0.00523137559694707
MI	26157	43.3	45.5567902294227	11	138044	0.00523137559694707
MI	26157	44.2	45.901969619617	12	240943	0.00523137559694707
MI	26157	45.1	46.0703480844167	13	251859	0.00523137559694707
MI	26157	45.7	46.1520099234423	14	263735	0.00523137559694707
MI	26157	45.9	46.1915041014167	15	276296	0.00523137559694707
MI	26157	46.1	46.2105787778625	16	290087	0.00523137559694707
MI	26157	46.2	46.2197853150591	17	301629	0.00523137559694707
MI	26159	0	1.22094385797859	0	125	0.00757765931764118
MI	26159	1.6	2.29032129526125	1	4336	0.00757765931764118
MI	26159	6.3	4.22274386451819	2	57213	0.00757765931764118
MI	26159	15.6	7.55189720227946	3	78840	0.00757765931764118
MI	26159	30	12.8415785573216	4	139935	0.00757765931764118
MI	26159	38.3	20.2538972465971	5	201632	0.00757765931764118
MI	26159	42.8	28.9997443043387	6	239015	0.00757765931764118
MI	26159	44.4	37.4486755969977	7	257428	0.00757765931764118
MI	26159	46.2	44.1727787824314	8	275316	0.00757765931764118
MI	26159	48	48.7458456819808	9	296986	0.00757765931764118
MI	26159	51.4	51.5333343945348	10	115826	0.00757765931764118
MI	26159	52.6	53.120452753491	11	138044	0.00757765931764118
MI	26159	54	53.9892133410595	12	240943	0.00757765931764118
MI	26159	55.7	54.4545254553351	13	251859	0.00757765931764118
MI	26159	56.6	54.7008475987315	14	263735	0.00757765931764118
MI	26159	57.1	54.8304351277804	15	276296	0.00757765931764118
MI	26159	57.4	54.8983868981269	16	290087	0.00757765931764118
MI	26159	57.6	54.9339575652523	17	301629	0.00757765931764118
MI	26161	0	0.41547228632869	0	125	0.0368084773818229
MI	26161	4.8	0.930651696159908	1	4336	0.0368084773818229
MI	26161	11.6	2.06563650137119	2	57213	0.0368084773818229
MI	26161	20.7	4.49451048198763	3	78840	0.0368084773818229
MI	26161	38.3	9.38388890159346	4	139935	0.0368084773818229
MI	26161	50.3	18.11732082915	5	201632	0.0368084773818229
MI	26161	55.5	30.8329010428712	6	239015	0.0368084773818229
MI	26161	56.9	44.750290312561	7	257428	0.0368084773818229
MI	26161	58.3	55.938928805657	8	275316	0.0368084773818229
MI	26161	62.8	62.9085788086632	9	296986	0.0368084773818229
MI	26161	66	66.5847104066357	10	115826	0.0368084773818229
MI	26161	66.8	68.3546939552011	11	138044	0.0368084773818229
MI	26161	68.3	69.1694521953191	12	240943	0.0368084773818229
MI	26161	69.4	69.53672975261	13	251859	0.0368084773818229
MI	26161	70.3	69.7007271949764	14	263735	0.0368084773818229
MI	26161	70.8	69.773645058429	15	276296	0.0368084773818229
MI	26161	71.1	69.8060051037554	16	290087	0.0368084773818229
MI	26161	71.4	69.8203540321045	17	301629	0.0368084773818229
MI	26163	0	0.86926439749757	0	125	0.175164518726963
MI	26163	1.5	1.60851021632762	1	4336	0.175164518726963
MI	26163	6.1	2.94448618551173	2	57213	0.175164518726963
MI	26163	14.4	5.2875241702927	3	78840	0.175164518726963
MI	26163	26.6	9.18839556742996	4	139935	0.175164518726963
MI	26163	35.6	15.1525104504549	5	201632	0.175164518726963
MI	26163	40.3	23.1797777663042	6	239015	0.175164518726963
MI	26163	42	32.3126637454034	7	257428	0.175164518726963
MI	26163	43.8	40.9129198417612	8	275316	0.175164518726963
MI	26163	45.8	47.684099718527	9	296986	0.175164518726963
MI	26163	48.7	52.3023471334119	10	115826	0.175164518726963
MI	26163	49.7	55.1521733707104	11	138044	0.175164518726963
MI	26163	50.8	56.8034665340092	12	240943	0.175164518726963
MI	26163	52.1	57.7255748937956	13	251859	0.175164518726963
MI	26163	53.4	58.2298938101653	14	263735	0.175164518726963
MI	26163	54	58.502580635849	15	276296	0.175164518726963
MI	26163	54.3	58.6491123881041	16	290087	0.175164518726963
MI	26163	54.5	58.7275909518378	17	301629	0.175164518726963
MI	26165	0	2.16624836884123	0	125	0.00336752593934208
MI	26165	1.6	4.02696136467952	1	4336	0.00336752593934208
MI	26165	6.7	7.2385324195638	2	57213	0.00336752593934208
MI	26165	16.2	12.3092124896349	3	78840	0.00336752593934208
MI	26165	29	19.2884728336286	4	139935	0.00336752593934208
MI	26165	35.9	27.2771271084146	5	201632	0.00336752593934208
MI	26165	39.4	34.7006328159559	6	239015	0.00336752593934208
MI	26165	40.5	40.3765415726282	7	257428	0.00336752593934208
MI	26165	41.8	44.1026788343958	8	275316	0.00336752593934208
MI	26165	42.7	46.310186024428	9	296986	0.00336752593934208
MI	26165	47.4	47.5392815573457	10	115826	0.00336752593934208
MI	26165	48.2	48.2000549040034	11	138044	0.00336752593934208
MI	26165	49.3	48.5486109175693	12	240943	0.00336752593934208
MI	26165	50.3	48.7306325331227	13	251859	0.00336752593934208
MI	26165	51	48.825187848667	14	263735	0.00336752593934208
MI	26165	51.3	48.8741724057081	15	276296	0.00336752593934208
MI	26165	51.5	48.8995129339991	16	290087	0.00336752593934208
MI	26165	51.7	48.912612381418	17	301629	0.00336752593934208
