1566	6
27001	0	158	0	89	0.00281685046116484
27001	314	350	1	124805	0.00281685046116484
27001	1992	756	2	484447	0.00281685046116484
27001	4238	1544	3	1122319	0.00281685046116484
27001	6610	2852	4	2029277	0.00281685046116484
27001	7255	4547	5	2638994	0.00281685046116484
27001	7655	6157	6	2938451	0.00281685046116484
27001	7824	7293	7	3037714	0.00281685046116484
27001	8112	7937	8	3163686	0.00281685046116484
27001	8391	8259	9	3283285	0.00281685046116484
27001	8645	8408	10	3380551	0.00281685046116484
27001	8826	8476	11	3530588	0.00281685046116484
27001	9064	8506	12	3694207	0.00281685046116484
27001	9193	8519	13	3783597	0.00281685046116484
27001	9276	8525	14	3848796	0.00281685046116484
27001	9310	8528	15	3877441	0.00281685046116484
27001	9372	8529	16	3900268	0.00281685046116484
27001	9428	8530	17	3919314	0.00281685046116484
27003	0	2497	0	89	0.0632879946776669
27003	5406	5117	1	124805	0.0632879946776669
27003	19960	10350	2	484447	0.0632879946776669
27003	50805	20399	3	1122319	0.0632879946776669
27003	96639	38319	4	2029277	0.0632879946776669
27003	136290	66428	5	2638994	0.0632879946776669
27003	154627	102722	6	2938451	0.0632879946776669
27003	159829	139412	7	3037714	0.0632879946776669
27003	168327	168381	8	3163686	0.0632879946776669
27003	175963	187110	9	3283285	0.0632879946776669
27003	181509	197702	10	3380551	0.0632879946776669
27003	189066	203244	11	3530588	0.0632879946776669
27003	198056	206025	12	3694207	0.0632879946776669
27003	204605	207393	13	3783597	0.0632879946776669
27003	209201	208058	14	3848796	0.0632879946776669
27003	211020	208380	15	3877441	0.0632879946776669
27003	212323	208535	16	3900268	0.0632879946776669
27003	213283	208610	17	3919314	0.0632879946776669
27005	0	352	0	89	0.00610376705430425
27005	890	731	1	124805	0.00610376705430425
27005	3653	1485	2	484447	0.00610376705430425
27005	9265	2882	3	1122319	0.00610376705430425
27005	12683	5172	4	2029277	0.00610376705430425
27005	13814	8256	5	2638994	0.00610376705430425
27005	14557	11474	6	2938451	0.00610376705430425
27005	14868	14051	7	3037714	0.00610376705430425
27005	15436	15709	8	3163686	0.00610376705430425
27005	16077	16633	9	3283285	0.00610376705430425
27005	16842	17106	10	3380551	0.00610376705430425
27005	17366	17337	11	3530588	0.00610376705430425
27005	17887	17449	12	3694207	0.00610376705430425
27005	18254	17501	13	3783597	0.00610376705430425
27005	18481	17526	14	3848796	0.00610376705430425
27005	18649	17538	15	3877441	0.00610376705430425
27005	18795	17544	16	3900268	0.00610376705430425
27005	18906	17546	17	3919314	0.00610376705430425
27007	0	1196	0	89	0.00836721261245415
27007	1705	1863	1	124805	0.00836721261245415
27007	6618	2861	2	484447	0.00836721261245415
27007	12056	4308	3	1122319	0.00836721261245415
27007	17356	6304	4	2029277	0.00836721261245415
27007	19092	8883	5	2638994	0.00836721261245415
27007	20913	11943	6	2938451	0.00836721261245415
27007	21603	15230	7	3037714	0.00836721261245415
27007	22432	18402	8	3163686	0.00836721261245415
27007	23664	21163	9	3283285	0.00836721261245415
27007	24784	23359	10	3380551	0.00836721261245415
27007	27542	24982	11	3530588	0.00836721261245415
27007	29350	26120	12	3694207	0.00836721261245415
27007	30543	26886	13	3783597	0.00836721261245415
27007	31260	27390	14	3848796	0.00836721261245415
27007	31719	27715	15	3877441	0.00836721261245415
27007	32076	27923	16	3900268	0.00836721261245415
27007	32366	28054	17	3919314	0.00836721261245415
27009	0	268	0	89	0.00725029576397893
27009	688	459	1	124805	0.00725029576397893
27009	2806	780	2	484447	0.00725029576397893
27009	5223	1311	3	1122319	0.00725029576397893
27009	8194	2162	4	2029277	0.00725029576397893
27009	10599	3458	5	2638994	0.00725029576397893
27009	11678	5293	6	2938451	0.00725029576397893
27009	12120	7634	7	3037714	0.00725029576397893
27009	12937	10257	8	3163686	0.00725029576397893
27009	13835	12800	9	3283285	0.00725029576397893
27009	14622	14941	10	3380551	0.00725029576397893
27009	15504	16541	11	3530588	0.00725029576397893
27009	16459	17632	12	3694207	0.00725029576397893
27009	17134	18331	13	3783597	0.00725029576397893
27009	17593	18761	14	3848796	0.00725029576397893
27009	17771	19019	15	3877441	0.00725029576397893
27009	17882	19171	16	3900268	0.00725029576397893
27009	17985	19260	17	3919314	0.00725029576397893
27011	0	78	0	89	0.000884986821835184
27011	251	184	1	124805	0.000884986821835184
27011	871	411	2	484447	0.000884986821835184
27011	1604	832	3	1122319	0.000884986821835184
27011	2435	1426	4	2029277	0.000884986821835184
27011	2577	2014	5	2638994	0.000884986821835184
27011	2696	2420	6	2938451	0.000884986821835184
27011	2726	2638	7	3037714	0.000884986821835184
27011	2792	2738	8	3163686	0.000884986821835184
27011	2855	2781	9	3283285	0.000884986821835184
27011	2892	2799	10	3380551	0.000884986821835184
27011	2948	2806	11	3530588	0.000884986821835184
27011	3015	2809	12	3694207	0.000884986821835184
27011	3079	2810	13	3783597	0.000884986821835184
27011	3124	2811	14	3848796	0.000884986821835184
27011	3143	2811	15	3877441	0.000884986821835184
27011	3157	2811	16	3900268	0.000884986821835184
27011	3163	2811	17	3919314	0.000884986821835184
27013	0	305	0	89	0.0119959954833932
27013	1356	645	1	124805	0.0119959954833932
27013	5374	1352	2	484447	0.0119959954833932
27013	13430	2781	3	1122319	0.0119959954833932
27013	22717	5506	4	2029277	0.0119959954833932
27013	29390	10175	5	2638994	0.0119959954833932
27013	32286	16877	6	2938451	0.0119959954833932
27013	33080	24404	7	3037714	0.0119959954833932
27013	34256	30845	8	3163686	0.0119959954833932
27013	35588	35196	9	3283285	0.0119959954833932
27013	36499	37685	10	3380551	0.0119959954833932
27013	37631	38976	11	3530588	0.0119959954833932
27013	39214	39611	12	3694207	0.0119959954833932
27013	40117	39916	13	3783597	0.0119959954833932
27013	40658	40060	14	3848796	0.0119959954833932
27013	40883	40128	15	3877441	0.0119959954833932
27013	41115	40160	16	3900268	0.0119959954833932
27013	41280	40175	17	3919314	0.0119959954833932
27015	0	398	0	89	0.00443433188548473
27015	492	880	1	124805	0.00443433188548473
27015	2015	1868	2	484447	0.00443433188548473
27015	6274	3659	3	1122319	0.00443433188548473
27015	10553	6290	4	2029277	0.00443433188548473
27015	12314	9163	5	2638994	0.00443433188548473
27015	13125	11444	6	2938451	0.00443433188548473
27015	13386	12838	7	3037714	0.00443433188548473
27015	13800	13558	8	3163686	0.00443433188548473
27015	14389	13898	9	3283285	0.00443433188548473
27015	14837	14051	10	3380551	0.00443433188548473
27015	15290	14119	11	3530588	0.00443433188548473
27015	15850	14149	12	3694207	0.00443433188548473
27015	16147	14162	13	3783597	0.00443433188548473
27015	16376	14168	14	3848796	0.00443433188548473
27015	16447	14171	15	3877441	0.00443433188548473
27015	16498	14172	16	3900268	0.00443433188548473
27015	16544	14172	17	3919314	0.00443433188548473
27017	0	183	0	89	0.00636052139572227
27017	1145	376	1	124805	0.00636052139572227
27017	4510	763	2	484447	0.00636052139572227
27017	9110	1521	3	1122319	0.00636052139572227
27017	14835	2926	4	2029277	0.00636052139572227
27017	16654	5288	5	2638994	0.00636052139572227
27017	17841	8674	6	2938451	0.00636052139572227
27017	18179	12565	7	3037714	0.00636052139572227
27017	18850	16045	8	3163686	0.00636052139572227
27017	19635	18527	9	3283285	0.00636052139572227
27017	20278	20024	10	3380551	0.00636052139572227
27017	21105	20839	11	3530588	0.00636052139572227
27017	22111	21257	12	3694207	0.00636052139572227
27017	22598	21465	13	3783597	0.00636052139572227
27017	22920	21567	14	3848796	0.00636052139572227
27017	23056	21617	15	3877441	0.00636052139572227
27017	23164	21641	16	3900268	0.00636052139572227
27017	23270	21653	17	3919314	0.00636052139572227
27019	0	808	0	89	0.0186340172550266
27019	1750	1689	1	124805	0.0186340172550266
27019	6520	3480	2	484447	0.0186340172550266
27019	17144	6962	3	1122319	0.0186340172550266
27019	33606	13177	4	2029277	0.0186340172550266
27019	47180	22756	5	2638994	0.0186340172550266
27019	53160	34625	6	2938451	0.0186340172550266
27019	54518	45918	7	3037714	0.0186340172550266
27019	56874	54262	8	3163686	0.0186340172550266
27019	58800	59347	9	3283285	0.0186340172550266
27019	60201	62091	10	3380551	0.0186340172550266
27019	63244	63474	11	3530588	0.0186340172550266
27019	67154	64149	12	3694207	0.0186340172550266
27019	69041	64471	13	3783597	0.0186340172550266
27019	70193	64625	14	3848796	0.0186340172550266
27019	70642	64697	15	3877441	0.0186340172550266
27019	70911	64731	16	3900268	0.0186340172550266
27019	71185	64748	17	3919314	0.0186340172550266
27021	0	307	0	89	0.00528030906981165
27021	629	552	1	124805	0.00528030906981165
27021	3300	980	2	484447	0.00528030906981165
27021	6419	1703	3	1122319	0.00528030906981165
27021	9677	2855	4	2029277	0.00528030906981165
27021	10991	4536	5	2638994	0.00528030906981165
27021	11919	6690	6	2938451	0.00528030906981165
27021	12248	9039	7	3037714	0.00528030906981165
27021	12745	11190	8	3163686	0.00528030906981165
27021	13242	12865	9	3283285	0.00528030906981165
27021	13740	14013	10	3380551	0.00528030906981165
27021	15316	14732	11	3530588	0.00528030906981165
27021	15983	15158	12	3694207	0.00528030906981165
27021	16572	15401	13	3783597	0.00528030906981165
27021	16781	15538	14	3848796	0.00528030906981165
27021	16895	15614	15	3877441	0.00528030906981165
27021	16995	15656	16	3900268	0.00528030906981165
27021	17069	15679	17	3919314	0.00528030906981165
27023	0	118	0	89	0.00209233510271592
27023	195	235	1	124805	0.00209233510271592
27023	950	457	2	484447	0.00209233510271592
27023	2778	858	3	1122319	0.00209233510271592
27023	4021	1514	4	2029277	0.00209233510271592
27023	4377	2430	5	2638994	0.00209233510271592
27023	4679	3467	6	2938451	0.00209233510271592
27023	4801	4392	7	3037714	0.00209233510271592
27023	5013	5059	8	3163686	0.00209233510271592
27023	5233	5468	9	3283285	0.00209233510271592
27023	5454	5696	10	3380551	0.00209233510271592
27023	5767	5816	11	3530588	0.00209233510271592
27023	5943	5877	12	3694207	0.00209233510271592
27023	6103	5907	13	3783597	0.00209233510271592
27023	6209	5922	14	3848796	0.00209233510271592
27023	6264	5930	15	3877441	0.00209233510271592
27023	6307	5934	16	3900268	0.00209233510271592
27023	6323	5935	17	3919314	0.00209233510271592
27025	0	570	0	89	0.0100323921844546
27025	894	1142	1	124805	0.0100323921844546
27025	3573	2248	2	484447	0.0100323921844546
27025	9343	4269	3	1122319	0.0100323921844546
27025	16468	7621	4	2029277	0.0100323921844546
27025	21933	12376	5	2638994	0.0100323921844546
27025	24544	17813	6	2938451	0.0100323921844546
27025	25298	22688	7	3037714	0.0100323921844546
27025	26506	26195	8	3163686	0.0100323921844546
27025	27654	28338	9	3283285	0.0100323921844546
27025	28608	29520	10	3380551	0.0100323921844546
27025	29701	30134	11	3530588	0.0100323921844546
27025	30848	30444	12	3694207	0.0100323921844546
27025	31633	30598	13	3783597	0.0100323921844546
27025	32170	30674	14	3848796	0.0100323921844546
27025	32350	30711	15	3877441	0.0100323921844546
27025	32573	30730	16	3900268	0.0100323921844546
27025	32736	30739	17	3919314	0.0100323921844546
27027	0	418	0	89	0.0113876224547985
27027	633	706	1	124805	0.0113876224547985
27027	4319	1186	2	484447	0.0113876224547985
27027	9293	1976	3	1122319	0.0113876224547985
27027	14760	3249	4	2029277	0.0113876224547985
27027	16534	5232	5	2638994	0.0113876224547985
27027	17976	8158	6	2938451	0.0113876224547985
27027	18615	12155	7	3037714	0.0113876224547985
27027	19784	17073	8	3163686	0.0113876224547985
27027	21140	22402	9	3283285	0.0113876224547985
27027	31448	27437	10	3380551	0.0113876224547985
27027	34021	31615	11	3530588	0.0113876224547985
27027	36183	34723	12	3694207	0.0113876224547985
27027	37089	36853	13	3783597	0.0113876224547985
27027	37662	38231	14	3848796	0.0113876224547985
27027	37906	39091	15	3877441	0.0113876224547985
27027	38262	39615	16	3900268	0.0113876224547985
27027	38891	39930	17	3919314	0.0113876224547985
27029	0	288	0	89	0.00156357719794483
27029	152	506	1	124805	0.00156357719794483
27029	885	848	2	484447	0.00156357719794483
27029	1854	1324	3	1122319	0.00156357719794483
27029	2589	1888	4	2029277	0.00156357719794483
27029	2787	2442	5	2638994	0.00156357719794483
27029	2934	2894	6	2938451	0.00156357719794483
27029	3009	3211	7	3037714	0.00156357719794483
27029	3113	3409	8	3163686	0.00156357719794483
27029	3216	3525	9	3283285	0.00156357719794483
27029	3325	3589	10	3380551	0.00156357719794483
27029	3471	3625	11	3530588	0.00156357719794483
27029	3545	3644	12	3694207	0.00156357719794483
27029	3618	3654	13	3783597	0.00156357719794483
27029	3657	3660	14	3848796	0.00156357719794483
27029	3679	3663	15	3877441	0.00156357719794483
27029	3696	3664	16	3900268	0.00156357719794483
27029	3708	3665	17	3919314	0.00156357719794483
27031	0	42	0	89	0.00096868022594382
27031	187	111	1	124805	0.00096868022594382
27031	1178	281	2	484447	0.00096868022594382
27031	2241	667	3	1122319	0.00096868022594382
27031	3178	1383	4	2029277	0.00096868022594382
27031	3526	2318	5	2638994	0.00096868022594382
27031	3688	3110	6	2938451	0.00096868022594382
27031	3775	3569	7	3037714	0.00096868022594382
27031	3807	3779	8	3163686	0.00096868022594382
27031	3880	3864	9	3283285	0.00096868022594382
27031	3931	3897	10	3380551	0.00096868022594382
27031	4097	3910	11	3530588	0.00096868022594382
27031	4261	3915	12	3694207	0.00096868022594382
27031	4324	3916	13	3783597	0.00096868022594382
27031	4360	3917	14	3848796	0.00096868022594382
27031	4380	3917	15	3877441	0.00096868022594382
27031	4392	3917	16	3900268	0.00096868022594382
27031	4414	3917	17	3919314	0.00096868022594382
27033	0	126	0	89	0.00198523591610233
27033	355	258	1	124805	0.00198523591610233
27033	982	514	2	484447	0.00198523591610233
27033	2660	981	3	1122319	0.00198523591610233
27033	4184	1728	4	2029277	0.00198523591610233
27033	4539	2715	5	2638994	0.00198523591610233
27033	4877	3731	6	2938451	0.00198523591610233
27033	5020	4542	7	3037714	0.00198523591610233
27033	5182	5068	8	3163686	0.00198523591610233
27033	5377	5363	9	3283285	0.00198523591610233
27033	5558	5517	10	3380551	0.00198523591610233
27033	5829	5594	11	3530588	0.00198523591610233
27033	5992	5631	12	3694207	0.00198523591610233
27033	6159	5649	13	3783597	0.00198523591610233
27033	6214	5657	14	3848796	0.00198523591610233
27033	6263	5661	15	3877441	0.00198523591610233
27033	6286	5663	16	3900268	0.00198523591610233
27033	6300	5664	17	3919314	0.00198523591610233
27035	0	973	0	89	0.0115353271277275
27035	1301	2030	1	124805	0.0115353271277275
27035	7325	4096	2	484447	0.0115353271277275
27035	14746	7762	3	1122319	0.0115353271277275
27035	23242	13278	4	2029277	0.0115353271277275
27035	26707	19814	5	2638994	0.0115353271277275
27035	28843	25679	6	2938451	0.0115353271277275
27035	29574	29768	7	3037714	0.0115353271277275
27035	30827	32143	8	3163686	0.0115353271277275
27035	32039	33380	9	3283285	0.0115353271277275
27035	33160	33986	10	3380551	0.0115353271277275
27035	34153	34275	11	3530588	0.0115353271277275
27035	35324	34411	12	3694207	0.0115353271277275
27035	35988	34474	13	3783597	0.0115353271277275
27035	36454	34504	14	3848796	0.0115353271277275
27035	36659	34518	15	3877441	0.0115353271277275
27035	36869	34524	16	3900268	0.0115353271277275
27035	37050	34527	17	3919314	0.0115353271277275
27037	0	2591	0	89	0.0760725167883295
27037	7425	5659	1	124805	0.0760725167883295
27037	28546	12201	2	484447	0.0760725167883295
27037	76064	25597	3	1122319	0.0760725167883295
27037	144598	50889	4	2029277	0.0760725167883295
27037	201292	92079	5	2638994	0.0760725167883295
27037	227115	145335	6	2938451	0.0760725167883295
27037	234044	196887	7	3037714	0.0760725167883295
27037	243725	234553	8	3163686	0.0760725167883295
27037	252129	256793	9	3283285	0.0760725167883295
27037	258784	268311	10	3380551	0.0760725167883295
27037	268719	273872	11	3530588	0.0760725167883295
27037	282492	276466	12	3694207	0.0760725167883295
27037	290233	277657	13	3783597	0.0760725167883295
27037	295181	278199	14	3848796	0.0760725167883295
27037	297424	278446	15	3877441	0.0760725167883295
27037	299188	278557	16	3900268	0.0760725167883295
27037	300542	278608	17	3919314	0.0760725167883295
27039	0	233	0	89	0.00371194432544535
27039	733	447	1	124805	0.00371194432544535
27039	2560	842	2	484447	0.00371194432544535
27039	4551	1540	3	1122319	0.00371194432544535
27039	7191	2672	4	2029277	0.00371194432544535
27039	8675	4283	5	2638994	0.00371194432544535
27039	9557	6193	6	2938451	0.00371194432544535
27039	9788	8021	7	3037714	0.00371194432544535
27039	10208	9447	8	3163686	0.00371194432544535
27039	10579	10393	9	3283285	0.00371194432544535
27039	10894	10953	10	3380551	0.00371194432544535
27039	11479	11264	11	3530588	0.00371194432544535
27039	12129	11430	12	3694207	0.00371194432544535
27039	12384	11516	13	3783597	0.00371194432544535
27039	12571	11561	14	3848796	0.00371194432544535
27039	12642	11584	15	3877441	0.00371194432544535
27039	12686	11596	16	3900268	0.00371194432544535
27039	12734	11602	17	3919314	0.00371194432544535
27041	0	603	0	89	0.0067630299281939
27041	795	1247	1	124805	0.0067630299281939
27041	4713	2489	2	484447	0.0067630299281939
27041	9732	4664	3	1122319	0.0067630299281939
27041	14082	7891	4	2029277	0.0067630299281939
27041	15929	11671	5	2638994	0.0067630299281939
27041	17074	15043	6	2938451	0.0067630299281939
27041	17523	17396	7	3037714	0.0067630299281939
27041	18248	18770	8	3163686	0.0067630299281939
27041	18981	19491	9	3283285	0.0067630299281939
27041	19579	19848	10	3380551	0.0067630299281939
27041	20190	20019	11	3530588	0.0067630299281939
27041	20977	20100	12	3694207	0.0067630299281939
27041	21443	20139	13	3783597	0.0067630299281939
27041	21696	20157	14	3848796	0.0067630299281939
27041	21822	20165	15	3877441	0.0067630299281939
27041	21946	20169	16	3900268	0.0067630299281939
27041	22054	20171	17	3919314	0.0067630299281939
27043	0	208	0	89	0.00242090264045597
27043	303	436	1	124805	0.00242090264045597
27043	957	880	2	484447	0.00242090264045597
27043	2948	1667	3	1122319	0.00242090264045597
27043	4793	2840	4	2029277	0.00242090264045597
27043	5565	4210	5	2638994	0.00242090264045597
27043	6080	5421	6	2938451	0.00242090264045597
27043	6219	6252	7	3037714	0.00242090264045597
27043	6446	6729	8	3163686	0.00242090264045597
27043	6736	6975	9	3283285	0.00242090264045597
27043	7006	7096	10	3380551	0.00242090264045597
27043	7304	7153	11	3530588	0.00242090264045597
27043	7552	7179	12	3694207	0.00242090264045597
27043	7670	7192	13	3783597	0.00242090264045597
27043	7776	7197	14	3848796	0.00242090264045597
27043	7821	7200	15	3877441	0.00242090264045597
27043	7853	7201	16	3900268	0.00242090264045597
27043	7879	7202	17	3919314	0.00242090264045597
27045	0	222	0	89	0.00373552742448443
27045	516	461	1	124805	0.00373552742448443
27045	2680	937	2	484447	0.00373552742448443
27045	5587	1830	3	1122319	0.00373552742448443
27045	9106	3334	4	2029277	0.00373552742448443
27045	10571	5448	5	2638994	0.00373552742448443
27045	11268	7778	6	2938451	0.00373552742448443
27045	11531	9748	7	3037714	0.00373552742448443
27045	11842	11074	8	3163686	0.00373552742448443
27045	12230	11834	9	3283285	0.00373552742448443
27045	12560	12231	10	3380551	0.00373552742448443
27045	13368	12427	11	3530588	0.00373552742448443
27045	13911	12523	12	3694207	0.00373552742448443
27045	14151	12568	13	3783597	0.00373552742448443
27045	14310	12590	14	3848796	0.00373552742448443
27045	14397	12600	15	3877441	0.00373552742448443
27045	14479	12605	16	3900268	0.00373552742448443
27045	14551	12607	17	3919314	0.00373552742448443
27047	0	245	0	89	0.00536932196994414
27047	328	535	1	124805	0.00536932196994414
27047	1936	1147	2	484447	0.00536932196994414
27047	6244	2354	3	1122319	0.00536932196994414
27047	10560	4460	4	2029277	0.00536932196994414
27047	12616	7452	5	2638994	0.00536932196994414
27047	13702	10660	6	2938451	0.00536932196994414
27047	14054	13214	7	3037714	0.00536932196994414
27047	14457	14805	8	3163686	0.00536932196994414
27047	14902	15651	9	3283285	0.00536932196994414
27047	15315	16062	10	3380551	0.00536932196994414
27047	15931	16254	11	3530588	0.00536932196994414
27047	16548	16342	12	3694207	0.00536932196994414
27047	16961	16381	13	3783597	0.00536932196994414
27047	17232	16399	14	3848796	0.00536932196994414
27047	17380	16407	15	3877441	0.00536932196994414
27047	17478	16411	16	3900268	0.00536932196994414
27047	17560	16412	17	3919314	0.00536932196994414
27049	0	584	0	89	0.00821684819151321
27049	1016	1292	1	124805	0.00821684819151321
27049	3945	2769	2	484447	0.00821684819151321
27049	10450	5575	3	1122319	0.00821684819151321
27049	18231	10068	4	2029277	0.00821684819151321
27049	22246	15605	5	2638994	0.00821684819151321
27049	24309	20593	6	2938451	0.00821684819151321
27049	24890	23966	7	3037714	0.00821684819151321
27049	25725	25829	8	3163686	0.00821684819151321
27049	26552	26744	9	3283285	0.00821684819151321
27049	27166	27168	10	3380551	0.00821684819151321
27049	28297	27359	11	3530588	0.00821684819151321
27049	29541	27444	12	3694207	0.00821684819151321
27049	30210	27482	13	3783597	0.00821684819151321
27049	30613	27499	14	3848796	0.00821684819151321
27049	30778	27506	15	3877441	0.00821684819151321
27049	30903	27509	16	3900268	0.00821684819151321
27049	31034	27511	17	3919314	0.00821684819151321
27051	0	85	0	89	0.00105893434181521
27051	180	188	1	124805	0.00105893434181521
27051	767	396	2	484447	0.00105893434181521
27051	1565	775	3	1122319	0.00105893434181521
27051	2247	1340	4	2029277	0.00105893434181521
27051	2507	1974	5	2638994	0.00105893434181521
27051	2670	2493	6	2938451	0.00105893434181521
27051	2723	2819	7	3037714	0.00105893434181521
27051	2794	2991	8	3163686	0.00105893434181521
27051	2887	3074	9	3283285	0.00105893434181521
27051	2953	3112	10	3380551	0.00105893434181521
27051	3052	3129	11	3530588	0.00105893434181521
27051	3136	3136	12	3694207	0.00105893434181521
27051	3205	3140	13	3783597	0.00105893434181521
27051	3259	3141	14	3848796	0.00105893434181521
27051	3279	3142	15	3877441	0.00105893434181521
27051	3301	3142	16	3900268	0.00105893434181521
27051	3314	3142	17	3919314	0.00105893434181521
27053	0	3540	0	89	0.224454893510782
27053	24785	8079	1	124805	0.224454893510782
27053	98837	18314	2	484447	0.224454893510782
27053	236361	40910	3	1122319	0.224454893510782
27053	479091	88531	4	2029277	0.224454893510782
27053	656002	179746	5	2638994	0.224454893510782
27053	733864	326330	6	2938451	0.224454893510782
27053	755599	506354	7	3037714	0.224454893510782
27053	780306	666698	8	3163686	0.224454893510782
27053	800926	773481	9	3283285	0.224454893510782
27053	819577	831545	10	3380551	0.224454893510782
27053	848987	859680	11	3530588	0.224454893510782
27053	892053	872551	12	3694207	0.224454893510782
27053	911895	878284	13	3783597	0.224454893510782
27053	927007	880806	14	3848796	0.224454893510782
27053	934314	881911	15	3877441	0.224454893510782
27053	939897	882393	16	3900268	0.224454893510782
27053	944675	882604	17	3919314	0.224454893510782
27055	0	162	0	89	0.0032980875347895
27055	288	267	1	124805	0.0032980875347895
27055	1689	438	2	484447	0.0032980875347895
27055	3243	712	3	1122319	0.0032980875347895
27055	5513	1138	4	2029277	0.0032980875347895
27055	6228	1775	5	2638994	0.0032980875347895
27055	6501	2673	6	2938451	0.0032980875347895
27055	6610	3838	7	3037714	0.0032980875347895
27055	6824	5198	8	3163686	0.0032980875347895
27055	7051	6602	9	3283285	0.0032980875347895
27055	7289	7879	10	3380551	0.0032980875347895
27055	10468	8914	11	3530588	0.0032980875347895
27055	10690	9677	12	3694207	0.0032980875347895
27055	10816	10201	13	3783597	0.0032980875347895
27055	10916	10543	14	3848796	0.0032980875347895
27055	10957	10760	15	3877441	0.0032980875347895
27055	11039	10894	16	3900268	0.0032980875347895
27055	11156	10976	17	3919314	0.0032980875347895
27057	0	286	0	89	0.0038107096349549
27057	320	620	1	124805	0.0038107096349549
27057	1594	1296	2	484447	0.0038107096349549
27057	4166	2520	3	1122319	0.0038107096349549
27057	6692	4352	4	2029277	0.0038107096349549
27057	7474	6439	5	2638994	0.0038107096349549
27057	7945	8190	6	2938451	0.0038107096349549
27057	8118	9318	7	3037714	0.0038107096349549
27057	8437	9928	8	3163686	0.0038107096349549
27057	8706	10227	9	3283285	0.0038107096349549
27057	8985	10366	10	3380551	0.0038107096349549
27057	9496	10429	11	3530588	0.0038107096349549
27057	9774	10457	12	3694207	0.0038107096349549
27057	9951	10470	13	3783597	0.0038107096349549
27057	10066	10475	14	3848796	0.0038107096349549
27057	10127	10478	15	3877441	0.0038107096349549
27057	10193	10479	16	3900268	0.0038107096349549
27057	10243	10480	17	3919314	0.0038107096349549
27059	0	407	0	89	0.00719834201947929
27059	458	757	1	124805	0.00719834201947929
27059	1624	1384	2	484447	0.00719834201947929
27059	4458	2460	3	1122319	0.00719834201947929
27059	8004	4174	4	2029277	0.00719834201947929
27059	10657	6605	5	2638994	0.00719834201947929
27059	12247	9538	6	2938451	0.00719834201947929
27059	12708	12458	7	3037714	0.00719834201947929
27059	13463	14859	8	3163686	0.00719834201947929
27059	14209	16543	9	3283285	0.00719834201947929
27059	14734	17596	10	3380551	0.00719834201947929
27059	15832	18208	11	3530588	0.00719834201947929
27059	16462	18549	12	3694207	0.00719834201947929
27059	16915	18734	13	3783597	0.00719834201947929
27059	17273	18833	14	3848796	0.00719834201947929
27059	17422	18886	15	3877441	0.00719834201947929
27059	17557	18914	16	3900268	0.00719834201947929
27059	17637	18928	17	3919314	0.00719834201947929
27061	0	385	0	89	0.00800229518521776
27061	1033	805	1	124805	0.00800229518521776
27061	4576	1651	2	484447	0.00800229518521776
27061	10285	3262	3	1122319	0.00800229518521776
27061	16477	6026	4	2029277	0.00800229518521776
27061	18551	10019	5	2638994	0.00800229518521776
27061	19835	14550	6	2938451	0.00800229518521776
27061	20293	18479	7	3037714	0.00800229518521776
27061	21009	21166	8	3163686	0.00800229518521776
27061	21750	22718	9	3283285	0.00800229518521776
27061	22516	23530	10	3380551	0.00800229518521776
27061	23713	23932	11	3530588	0.00800229518521776
27061	24520	24126	12	3694207	0.00800229518521776
27061	24959	24218	13	3783597	0.00800229518521776
27061	25309	24261	14	3848796	0.00800229518521776
27061	25458	24282	15	3877441	0.00800229518521776
27061	25571	24292	16	3900268	0.00800229518521776
27061	25662	24296	17	3919314	0.00800229518521776
27063	0	154	0	89	0.0017458585950289
27063	247	313	1	124805	0.0017458585950289
27063	728	613	2	484447	0.0017458585950289
27063	2022	1128	3	1122319	0.0017458585950289
27063	3336	1885	4	2029277	0.0017458585950289
27063	3558	2769	5	2638994	0.0017458585950289
27063	3756	3567	6	2938451	0.0017458585950289
27063	3854	4136	7	3037714	0.0017458585950289
27063	4000	4476	8	3163686	0.0017458585950289
27063	4168	4659	9	3283285	0.0017458585950289
27063	4309	4751	10	3380551	0.0017458585950289
27063	4692	4796	11	3530588	0.0017458585950289
27063	4801	4818	12	3694207	0.0017458585950289
27063	4906	4829	13	3783597	0.0017458585950289
27063	4983	4834	14	3848796	0.0017458585950289
27063	5001	4836	15	3877441	0.0017458585950289
27063	5021	4837	16	3900268	0.0017458585950289
27063	5045	4838	17	3919314	0.0017458585950289
27065	0	162	0	89	0.00289682021805678
27065	234	309	1	124805	0.00289682021805678
27065	1192	581	2	484447	0.00289682021805678
27065	2410	1056	3	1122319	0.00289682021805678
27065	4239	1814	4	2029277	0.00289682021805678
27065	4808	2867	5	2638994	0.00289682021805678
27065	5159	4081	6	2938451	0.00289682021805678
27065	5279	5209	7	3037714	0.00289682021805678
27065	5530	6067	8	3163686	0.00289682021805678
27065	5809	6626	9	3283285	0.00289682021805678
27065	6010	6954	10	3380551	0.00289682021805678
27065	6352	7135	11	3530588	0.00289682021805678
27065	6638	7231	12	3694207	0.00289682021805678
27065	6823	7281	13	3783597	0.00289682021805678
27065	6931	7307	14	3848796	0.00289682021805678
27065	6993	7321	15	3877441	0.00289682021805678
27065	7028	7328	16	3900268	0.00289682021805678
27065	7062	7331	17	3919314	0.00289682021805678
27067	0	410	0	89	0.00765989695781569
27067	936	767	1	124805	0.00765989695781569
27067	4351	1414	2	484447	0.00765989695781569
27067	8086	2546	3	1122319	0.00765989695781569
27067	13275	4393	4	2029277	0.00765989695781569
27067	15417	7101	5	2638994	0.00765989695781569
27067	16720	10508	6	2938451	0.00765989695781569
27067	17387	14050	7	3037714	0.00765989695781569
27067	18308	17077	8	3163686	0.00765989695781569
27067	19248	19259	9	3283285	0.00765989695781569
27067	20104	20645	10	3380551	0.00765989695781569
27067	21215	21457	11	3530588	0.00765989695781569
27067	22057	21910	12	3694207	0.00765989695781569
27067	22679	22156	13	3783597	0.00765989695781569
27067	23085	22287	14	3848796	0.00765989695781569
27067	23304	22357	15	3877441	0.00765989695781569
27067	23470	22394	16	3900268	0.00765989695781569
27067	23616	22413	17	3919314	0.00765989695781569
27069	0	58	0	89	0.000762106463684155
27069	0	119	1	124805	0.000762106463684155
27069	553	237	2	484447	0.000762106463684155
27069	1068	449	3	1122319	0.000762106463684155
27069	1647	783	4	2029277	0.000762106463684155
27069	1819	1209	5	2638994	0.000762106463684155
27069	1898	1629	6	2938451	0.000762106463684155
27069	1937	1951	7	3037714	0.000762106463684155
27069	1989	2154	8	3163686	0.000762106463684155
27069	2025	2265	9	3283285	0.000762106463684155
27069	2249	2322	10	3380551	0.000762106463684155
27069	2352	2350	11	3530588	0.000762106463684155
27069	2418	2364	12	3694207	0.000762106463684155
27069	2480	2370	13	3783597	0.000762106463684155
27069	2522	2374	14	3848796	0.000762106463684155
27069	2546	2375	15	3877441	0.000762106463684155
27069	2565	2376	16	3900268	0.000762106463684155
27069	2585	2376	17	3919314	0.000762106463684155
27071	0	112	0	89	0.00216840389585703
27071	248	236	1	124805	0.00216840389585703
27071	1260	486	2	484447	0.00216840389585703
27071	2882	961	3	1122319	0.00216840389585703
27071	4447	1769	4	2029277	0.00216840389585703
27071	5257	2910	5	2638994	0.00216840389585703
27071	5710	4161	6	2938451	0.00216840389585703
27071	5933	5204	7	3037714	0.00216840389585703
27071	6160	5893	8	3163686	0.00216840389585703
27071	6314	6280	9	3283285	0.00216840389585703
27071	6506	6479	10	3380551	0.00216840389585703
27071	6761	6576	11	3530588	0.00216840389585703
27071	6911	6622	12	3694207	0.00216840389585703
27071	7049	6644	13	3783597	0.00216840389585703
27071	7131	6654	14	3848796	0.00216840389585703
27071	7156	6659	15	3877441	0.00216840389585703
27071	7192	6661	16	3900268	0.00216840389585703
27071	7231	6662	17	3919314	0.00216840389585703
27073	0	99	0	89	0.00117436740553284
27073	200	226	1	124805	0.00117436740553284
27073	965	494	2	484447	0.00117436740553284
27073	2025	985	3	1122319	0.00117436740553284
27073	2854	1695	4	2029277	0.00117436740553284
27073	3023	2436	5	2638994	0.00117436740553284
27073	3144	2985	6	2938451	0.00117436740553284
27073	3194	3298	7	3037714	0.00117436740553284
27073	3272	3451	8	3163686	0.00117436740553284
27073	3410	3519	9	3283285	0.00117436740553284
27073	3488	3549	10	3380551	0.00117436740553284
27073	3589	3562	11	3530588	0.00117436740553284
27073	3749	3567	12	3694207	0.00117436740553284
27073	3816	3569	13	3783597	0.00117436740553284
27073	3860	3570	14	3848796	0.00117436740553284
27073	3880	3571	15	3877441	0.00117436740553284
27073	3890	3571	16	3900268	0.00117436740553284
27073	3900	3571	17	3919314	0.00117436740553284
27075	0	107	0	89	0.00188682523966103
27075	0	257	1	124805	0.00188682523966103
27075	1267	596	2	484447	0.00188682523966103
27075	2562	1292	3	1122319	0.00188682523966103
27075	4676	2466	4	2029277	0.00188682523966103
27075	5304	3915	5	2638994	0.00188682523966103
27075	5750	5148	6	2938451	0.00188682523966103
27075	5893	5907	7	3037714	0.00188682523966103
27075	6064	6284	8	3163686	0.00188682523966103
27075	6263	6452	9	3283285	0.00188682523966103
27075	6410	6523	10	3380551	0.00188682523966103
27075	6607	6553	11	3530588	0.00188682523966103
27075	6873	6565	12	3694207	0.00188682523966103
27075	6997	6570	13	3783597	0.00188682523966103
27075	7048	6572	14	3848796	0.00188682523966103
27075	7065	6573	15	3877441	0.00188682523966103
27075	7099	6573	16	3900268	0.00188682523966103
27075	7122	6573	17	3919314	0.00188682523966103
27077	0	67	0	89	0.00066316383764047
27077	128	141	1	124805	0.00066316383764047
27077	419	287	2	484447	0.00066316383764047
27077	1026	537	3	1122319	0.00066316383764047
27077	1374	884	4	2029277	0.00066316383764047
27077	1580	1250	5	2638994	0.00066316383764047
27077	1693	1536	6	2938451	0.00066316383764047
27077	1747	1714	7	3037714	0.00066316383764047
27077	1783	1808	8	3163686	0.00066316383764047
27077	1845	1854	9	3283285	0.00066316383764047
27077	1907	1876	10	3380551	0.00066316383764047
27077	1950	1886	11	3530588	0.00066316383764047
27077	1991	1890	12	3694207	0.00066316383764047
27077	2029	1892	13	3783597	0.00066316383764047
27077	2050	1893	14	3848796	0.00066316383764047
27077	2061	1894	15	3877441	0.00066316383764047
27077	2070	1894	16	3900268	0.00066316383764047
27077	2081	1894	17	3919314	0.00066316383764047
27079	0	284	0	89	0.00512214272136905
27079	495	555	1	124805	0.00512214272136905
27079	1862	1065	2	484447	0.00512214272136905
27079	4686	1980	3	1122319	0.00512214272136905
27079	7674	3477	4	2029277	0.00512214272136905
27079	9689	5599	5	2638994	0.00512214272136905
27079	10511	8070	6	2938451	0.00512214272136905
27079	10834	10364	7	3037714	0.00512214272136905
27079	11426	12088	8	3163686	0.00512214272136905
27079	11962	13187	9	3283285	0.00512214272136905
27079	12332	13818	10	3380551	0.00512214272136905
27079	12735	14157	11	3530588	0.00512214272136905
27079	13369	14333	12	3694207	0.00512214272136905
27079	13736	14424	13	3783597	0.00512214272136905
27079	14059	14469	14	3848796	0.00512214272136905
27079	14174	14492	15	3877441	0.00512214272136905
27079	14260	14504	16	3900268	0.00512214272136905
27079	14326	14510	17	3919314	0.00512214272136905
27081	0	93	0	89	0.000999887935950431
27081	214	175	1	124805	0.000999887935950431
27081	447	322	2	484447	0.000999887935950431
27081	1275	567	3	1122319	0.000999887935950431
27081	1882	929	4	2029277	0.000999887935950431
27081	2052	1381	5	2638994	0.000999887935950431
27081	2160	1840	6	2938451	0.000999887935950431
27081	2231	2220	7	3037714	0.000999887935950431
27081	2339	2482	8	3163686	0.000999887935950431
27081	2414	2643	9	3283285	0.000999887935950431
27081	2516	2734	10	3380551	0.000999887935950431
27081	2779	2783	11	3530588	0.000999887935950431
27081	2890	2808	12	3694207	0.000999887935950431
27081	2951	2822	13	3783597	0.000999887935950431
27081	2975	2829	14	3848796	0.000999887935950431
27081	2989	2832	15	3877441	0.000999887935950431
27081	3006	2834	16	3900268	0.000999887935950431
27081	3021	2835	17	3919314	0.000999887935950431
27083	0	245	0	89	0.00451696139038859
27083	422	488	1	124805	0.00451696139038859
27083	2322	957	2	484447	0.00451696139038859
27083	5494	1812	3	1122319	0.00451696139038859
27083	8910	3235	4	2029277	0.00451696139038859
27083	10096	5268	5	2638994	0.00451696139038859
27083	10837	7625	6	2938451	0.00451696139038859
27083	11163	9776	7	3037714	0.00451696139038859
27083	11724	11352	8	3163686	0.00451696139038859
27083	12272	12329	9	3283285	0.00451696139038859
27083	12704	12874	10	3380551	0.00451696139038859
27083	13321	13160	11	3530588	0.00451696139038859
27083	13746	13306	12	3694207	0.00451696139038859
27083	14096	13378	13	3783597	0.00451696139038859
27083	14280	13414	14	3848796	0.00451696139038859
27083	14366	13432	15	3877441	0.00451696139038859
27083	14443	13441	16	3900268	0.00451696139038859
27083	14513	13445	17	3919314	0.00451696139038859
27085	0	563	0	89	0.0063644223594731
27085	642	1126	1	124805	0.0063644223594731
27085	2475	2184	2	484447	0.0063644223594731
27085	6488	4014	3	1122319	0.0063644223594731
27085	11444	6758	4	2029277	0.0063644223594731
27085	14025	10108	5	2638994	0.0063644223594731
27085	15577	13306	6	2938451	0.0063644223594731
27085	15978	15717	7	3037714	0.0063644223594731
27085	16655	17231	8	3163686	0.0063644223594731
27085	17321	18076	9	3283285	0.0063644223594731
27085	17848	18515	10	3380551	0.0063644223594731
27085	19130	18736	11	3530588	0.0063644223594731
27085	19723	18845	12	3694207	0.0063644223594731
27085	20218	18899	13	3783597	0.0063644223594731
27085	20620	18925	14	3848796	0.0063644223594731
27085	20745	18937	15	3877441	0.0063644223594731
27085	20852	18944	16	3900268	0.0063644223594731
27085	20934	18947	17	3919314	0.0063644223594731
27087	0	133	0	89	0.000980028484128042
27087	222	247	1	124805	0.000980028484128042
27087	1357	445	2	484447	0.000980028484128042
27087	2015	756	3	1122319	0.000980028484128042
27087	2357	1187	4	2029277	0.000980028484128042
27087	2469	1683	5	2638994	0.000980028484128042
27087	2595	2146	6	2938451	0.000980028484128042
27087	2655	2502	7	3037714	0.000980028484128042
27087	2752	2737	8	3163686	0.000980028484128042
27087	2860	2877	9	3283285	0.000980028484128042
27087	2993	2955	10	3380551	0.000980028484128042
27087	3043	2997	11	3530588	0.000980028484128042
27087	3120	3019	12	3694207	0.000980028484128042
27087	3184	3030	13	3783597	0.000980028484128042
27087	3230	3036	14	3848796	0.000980028484128042
27087	3297	3039	15	3877441	0.000980028484128042
27087	3326	3041	16	3900268	0.000980028484128042
27087	3343	3042	17	3919314	0.000980028484128042
27089	0	168	0	89	0.00165542716262338
27089	322	294	1	124805	0.00165542716262338
27089	760	505	2	484447	0.00165542716262338
27089	1719	838	3	1122319	0.00165542716262338
27089	2719	1317	4	2029277	0.00165542716262338
27089	3041	1926	5	2638994	0.00165542716262338
27089	3200	2588	6	2938451	0.00165542716262338
27089	3278	3195	7	3037714	0.00165542716262338
27089	3404	3670	8	3163686	0.00165542716262338
27089	3570	4000	9	3283285	0.00165542716262338
27089	3892	4208	10	3380551	0.00165542716262338
27089	4367	4333	11	3530588	0.00165542716262338
27089	4527	4406	12	3694207	0.00165542716262338
27089	4587	4447	13	3783597	0.00165542716262338
27089	4633	4470	14	3848796	0.00165542716262338
27089	4642	4483	15	3877441	0.00165542716262338
27089	4660	4490	16	3900268	0.00165542716262338
27089	4691	4494	17	3919314	0.00165542716262338
27091	0	312	0	89	0.00349012134125063
27091	477	681	1	124805	0.00349012134125063
27091	1465	1422	2	484447	0.00349012134125063
27091	4547	2735	3	1122319	0.00349012134125063
27091	7244	4611	4	2029277	0.00349012134125063
27091	8118	6612	5	2638994	0.00349012134125063
27091	8658	8178	6	2938451	0.00349012134125063
27091	8860	9132	7	3037714	0.00349012134125063
27091	9161	9627	8	3163686	0.00349012134125063
27091	9510	9863	9	3283285	0.00349012134125063
27091	9763	9971	10	3380551	0.00349012134125063
27091	10216	10019	11	3530588	0.00349012134125063
27091	10493	10041	12	3694207	0.00349012134125063
27091	10666	10050	13	3783597	0.00349012134125063
27091	10808	10055	14	3848796	0.00349012134125063
27091	10870	10056	15	3877441	0.00349012134125063
27091	10923	10057	16	3900268	0.00349012134125063
27091	10968	10058	17	3919314	0.00349012134125063
27093	0	358	0	89	0.00411764455553128
27093	336	735	1	124805	0.00411764455553128
27093	1660	1456	2	484447	0.00411764455553128
27093	4133	2696	3	1122319	0.00411764455553128
27093	6807	4496	4	2029277	0.00411764455553128
27093	7923	6553	5	2638994	0.00411764455553128
27093	8568	8347	6	2938451	0.00411764455553128
27093	8782	9580	7	3037714	0.00411764455553128
27093	9087	10295	8	3163686	0.00411764455553128
27093	9427	10668	9	3283285	0.00411764455553128
27093	9692	10854	10	3380551	0.00411764455553128
27093	10172	10943	11	3530588	0.00411764455553128
27093	10562	10985	12	3694207	0.00411764455553128
27093	10847	11006	13	3783597	0.00411764455553128
27093	11082	11015	14	3848796	0.00411764455553128
27093	11135	11019	15	3877441	0.00411764455553128
27093	11195	11022	16	3900268	0.00411764455553128
27093	11244	11023	17	3919314	0.00411764455553128
27095	0	455	0	89	0.00465934656729375
27095	583	831	1	124805	0.00465934656729375
27095	2243	1481	2	484447	0.00465934656729375
27095	5105	2540	3	1122319	0.00465934656729375
27095	8382	4101	4	2029277	0.00465934656729375
27095	10639	6093	5	2638994	0.00465934656729375
27095	11703	8217	6	2938451	0.00465934656729375
27095	12057	10090	7	3037714	0.00465934656729375
27095	12475	11483	8	3163686	0.00465934656729375
27095	13003	12393	9	3283285	0.00465934656729375
27095	13372	12939	10	3380551	0.00465934656729375
27095	13940	13250	11	3530588	0.00465934656729375
27095	14401	13422	12	3694207	0.00465934656729375
27095	14774	13515	13	3783597	0.00465934656729375
27095	15000	13565	14	3848796	0.00465934656729375
27095	15134	13592	15	3877441	0.00465934656729375
27095	15244	13606	16	3900268	0.00465934656729375
27095	15361	13614	17	3919314	0.00465934656729375
27097	0	432	0	89	0.00591988980841303
27097	536	787	1	124805	0.00591988980841303
27097	2844	1409	2	484447	0.00591988980841303
27097	6458	2438	3	1122319	0.00591988980841303
27097	9283	4003	4	2029277	0.00591988980841303
27097	11084	6096	5	2638994	0.00591988980841303
27097	11943	8464	6	2938451	0.00591988980841303
27097	12324	10683	7	3037714	0.00591988980841303
27097	12933	12426	8	3163686	0.00591988980841303
27097	13607	13615	9	3283285	0.00591988980841303
27097	14124	14349	10	3380551	0.00591988980841303
27097	14826	14775	11	3530588	0.00591988980841303
27097	15437	15013	12	3694207	0.00591988980841303
27097	16003	15144	13	3783597	0.00591988980841303
27097	16263	15215	14	3848796	0.00591988980841303
27097	16372	15253	15	3877441	0.00591988980841303
27097	16478	15274	16	3900268	0.00591988980841303
27097	16539	15285	17	3919314	0.00591988980841303
27099	0	646	0	89	0.00710365499025468
27099	546	1297	1	124805	0.00710365499025468
27099	2844	2530	2	484447	0.00710365499025468
27099	8197	4681	3	1122319	0.00710365499025468
27099	15163	7946	4	2029277	0.00710365499025468
27099	17494	11989	5	2638994	0.00710365499025468
27099	19186	15902	6	2938451	0.00710365499025468
27099	19669	18881	7	3037714	0.00710365499025468
27099	20390	20761	8	3163686	0.00710365499025468
27099	21288	21812	9	3283285	0.00710365499025468
27099	21879	22359	10	3380551	0.00710365499025468
27099	22622	22633	11	3530588	0.00710365499025468
27099	23669	22768	12	3694207	0.00710365499025468
27099	24190	22834	13	3783597	0.00710365499025468
27099	24666	22866	14	3848796	0.00710365499025468
27099	24867	22882	15	3877441	0.00710365499025468
27099	25002	22889	16	3900268	0.00710365499025468
27099	25107	22893	17	3919314	0.00710365499025468
27101	0	137	0	89	0.00145293168064867
27101	203	277	1	124805	0.00145293168064867
27101	803	540	2	484447	0.00145293168064867
27101	1957	990	3	1122319	0.00145293168064867
27101	2975	1644	4	2029277	0.00145293168064867
27101	3217	2401	5	2638994	0.00145293168064867
27101	3383	3078	6	2938451	0.00145293168064867
27101	3471	3555	7	3037714	0.00145293168064867
27101	3605	3840	8	3163686	0.00145293168064867
27101	3752	3992	9	3283285	0.00145293168064867
27101	3889	4070	10	3380551	0.00145293168064867
27101	4137	4107	11	3530588	0.00145293168064867
27101	4302	4126	12	3694207	0.00145293168064867
27101	4385	4135	13	3783597	0.00145293168064867
27101	4439	4139	14	3848796	0.00145293168064867
27101	4462	4141	15	3877441	0.00145293168064867
27101	4486	4142	16	3900268	0.00145293168064867
27101	4507	4142	17	3919314	0.00145293168064867
27103	0	161	0	89	0.00607734689071911
27103	788	344	1	124805	0.00607734689071911
27103	3143	729	2	484447	0.00607734689071911
27103	7414	1513	3	1122319	0.00607734689071911
27103	12702	3009	4	2029277	0.00607734689071911
27103	15673	5554	5	2638994	0.00607734689071911
27103	17047	9129	6	2938451	0.00607734689071911
27103	17435	13005	7	3037714	0.00607734689071911
27103	18016	16188	8	3163686	0.00607734689071911
27103	18603	18256	9	3283285	0.00607734689071911
27103	19142	19405	10	3380551	0.00607734689071911
27103	19634	19987	11	3530588	0.00607734689071911
27103	20594	20269	12	3694207	0.00607734689071911
27103	21008	20402	13	3783597	0.00607734689071911
27103	21310	20464	14	3848796	0.00607734689071911
27103	21412	20493	15	3877441	0.00607734689071911
27103	21509	20506	16	3900268	0.00607734689071911
27103	21578	20513	17	3919314	0.00607734689071911
27105	0	706	0	89	0.00383517931666463
27105	359	1198	1	124805	0.00383517931666463
27105	1444	1969	2	484447	0.00383517931666463
27105	5783	3084	3	1122319	0.00383517931666463
27105	8349	4522	4	2029277	0.00383517931666463
27105	9014	6126	5	2638994	0.00383517931666463
27105	9651	7651	6	2938451	0.00383517931666463
27105	10010	8894	7	3037714	0.00383517931666463
27105	10367	9788	8	3163686	0.00383517931666463
27105	10933	10373	9	3283285	0.00383517931666463
27105	11297	10734	10	3380551	0.00383517931666463
27105	11972	10947	11	3530588	0.00383517931666463
27105	12583	11071	12	3694207	0.00383517931666463
27105	12883	11142	13	3783597	0.00383517931666463
27105	13094	11182	14	3848796	0.00383517931666463
27105	13204	11205	15	3877441	0.00383517931666463
27105	13285	11218	16	3900268	0.00383517931666463
27105	13356	11225	17	3919314	0.00383517931666463
27107	0	57	0	89	0.00113039290506898
27107	0	110	1	124805	0.00113039290506898
27107	817	206	2	484447	0.00113039290506898
27107	1848	379	3	1122319	0.00113039290506898
27107	2484	668	4	2029277	0.00113039290506898
27107	2619	1101	5	2638994	0.00113039290506898
27107	2774	1654	6	2938451	0.00113039290506898
27107	2825	2233	7	3037714	0.00113039290506898
27107	2913	2725	8	3163686	0.00113039290506898
27107	3029	3074	9	3283285	0.00113039290506898
27107	3419	3292	10	3380551	0.00113039290506898
27107	3593	3416	11	3530588	0.00113039290506898
27107	3698	3485	12	3694207	0.00113039290506898
27107	3763	3521	13	3783597	0.00113039290506898
27107	3806	3540	14	3848796	0.00113039290506898
27107	3830	3550	15	3877441	0.00113039290506898
27107	3853	3555	16	3900268	0.00113039290506898
27107	3867	3558	17	3919314	0.00113039290506898
27109	0	801	0	89	0.0280679661367976
27109	11200	1588	1	124805	0.0280679661367976
27109	30412	3122	2	484447	0.0280679661367976
27109	48167	6054	3	1122319	0.0280679661367976
27109	73520	11438	4	2029277	0.0280679661367976
27109	86415	20630	5	2638994	0.0280679661367976
27109	94416	34542	6	2938451	0.0280679661367976
27109	96348	52172	7	3037714	0.0280679661367976
27109	99348	70101	8	3163686	0.0280679661367976
27109	102783	84685	9	3283285	0.0280679661367976
27109	106101	94540	10	3380551	0.0280679661367976
27109	109740	100395	11	3530588	0.0280679661367976
27109	116548	103611	12	3694207	0.0280679661367976
27109	119229	105301	13	3783597	0.0280679661367976
27109	120661	106169	14	3848796	0.0280679661367976
27109	121389	106609	15	3877441	0.0280679661367976
27109	121928	106831	16	3900268	0.0280679661367976
27109	122414	106943	17	3919314	0.0280679661367976
27111	0	879	0	89	0.010416637113911
27111	1119	1740	1	124805	0.010416637113911
27111	5939	3345	2	484447	0.010416637113911
27111	12488	6101	3	1122319	0.010416637113911
27111	18717	10234	4	2029277	0.010416637113911
27111	20933	15317	5	2638994	0.010416637113911
27111	22271	20243	6	2938451	0.010416637113911
27111	22858	24030	7	3037714	0.010416637113911
27111	23790	26454	8	3163686	0.010416637113911
27111	24899	27829	9	3283285	0.010416637113911
27111	26163	28557	10	3380551	0.010416637113911
27111	27540	28927	11	3530588	0.010416637113911
27111	28417	29112	12	3694207	0.010416637113911
27111	29017	29204	13	3783597	0.010416637113911
27111	29496	29249	14	3848796	0.010416637113911
27111	29710	29271	15	3877441	0.010416637113911
27111	29923	29282	16	3900268	0.010416637113911
27111	30083	29287	17	3919314	0.010416637113911
27113	0	135	0	89	0.00250353214535984
27113	247	253	1	124805	0.00250353214535984
27113	1341	469	2	484447	0.00250353214535984
27113	2515	847	3	1122319	0.00250353214535984
27113	4449	1463	4	2029277	0.00250353214535984
27113	5042	2364	5	2638994	0.00250353214535984
27113	5406	3486	6	2938451	0.00250353214535984
27113	5613	4638	7	3037714	0.00250353214535984
27113	5859	5607	8	3163686	0.00250353214535984
27113	6209	6296	9	3283285	0.00250353214535984
27113	6483	6728	10	3380551	0.00250353214535984
27113	6958	6978	11	3530588	0.00250353214535984
27113	7264	7117	12	3694207	0.00250353214535984
27113	7399	7192	13	3783597	0.00250353214535984
27113	7513	7232	14	3848796	0.00250353214535984
27113	7549	7253	15	3877441	0.00250353214535984
27113	7584	7264	16	3900268	0.00250353214535984
27113	7611	7269	17	3919314	0.00250353214535984
27115	0	275	0	89	0.00524484576298595
27115	340	544	1	124805	0.00524484576298595
27115	1920	1055	2	484447	0.00524484576298595
27115	4906	1979	3	1122319	0.00524484576298595
27115	8096	3501	4	2029277	0.00524484576298595
27115	9887	5661	5	2638994	0.00524484576298595
27115	10886	8161	6	2938451	0.00524484576298595
27115	11172	10453	7	3037714	0.00524484576298595
27115	11693	12146	8	3163686	0.00524484576298595
27115	12202	13207	9	3283285	0.00524484576298595
27115	12639	13807	10	3380551	0.00524484576298595
27115	13331	14125	11	3530588	0.00524484576298595
27115	13796	14288	12	3694207	0.00524484576298595
27115	14082	14371	13	3783597	0.00524484576298595
27115	14323	14412	14	3848796	0.00524484576298595
27115	14422	14432	15	3877441	0.00524484576298595
27115	14529	14443	16	3900268	0.00524484576298595
27115	14594	14448	17	3919314	0.00524484576298595
27117	0	110	0	89	0.0016181906904564
27117	177	226	1	124805	0.0016181906904564
27117	727	450	2	484447	0.0016181906904564
27117	2120	853	3	1122319	0.0016181906904564
27117	3301	1483	4	2029277	0.0016181906904564
27117	3621	2284	5	2638994	0.0016181906904564
27117	3847	3072	6	2938451	0.0016181906904564
27117	3952	3673	7	3037714	0.0016181906904564
27117	4105	4049	8	3163686	0.0016181906904564
27117	4291	4256	9	3283285	0.0016181906904564
27117	4445	4362	10	3380551	0.0016181906904564
27117	4610	4414	11	3530588	0.0016181906904564
27117	4763	4439	12	3694207	0.0016181906904564
27117	4867	4451	13	3783597	0.0016181906904564
27117	4922	4457	14	3848796	0.0016181906904564
27117	4962	4460	15	3877441	0.0016181906904564
27117	4992	4461	16	3900268	0.0016181906904564
27117	5008	4462	17	3919314	0.0016181906904564
27119	0	229	0	89	0.00556135577640527
27119	865	362	1	124805	0.00556135577640527
27119	3346	568	2	484447	0.00556135577640527
27119	5737	887	3	1122319	0.00556135577640527
27119	8358	1370	4	2029277	0.00556135577640527
27119	9119	2083	5	2638994	0.00556135577640527
27119	9727	3097	6	2938451	0.00556135577640527
27119	9966	4466	7	3037714	0.00556135577640527
27119	10376	6187	8	3163686	0.00556135577640527
27119	10902	8166	9	3283285	0.00556135577640527
27119	14315	10223	10	3380551	0.00556135577640527
27119	16709	12149	11	3530588	0.00556135577640527
27119	17349	13783	12	3694207	0.00556135577640527
27119	17800	15056	13	3783597	0.00556135577640527
27119	18045	15985	14	3848796	0.00556135577640527
27119	18137	16631	15	3877441	0.00556135577640527
27119	18220	17065	16	3900268	0.00556135577640527
27119	18356	17350	17	3919314	0.00556135577640527
27121	0	166	0	89	0.00199463369241114
27121	318	357	1	124805	0.00199463369241114
27121	1284	740	2	484447	0.00199463369241114
27121	2899	1432	3	1122319	0.00199463369241114
27121	4284	2466	4	2029277	0.00199463369241114
27121	4798	3650	5	2638994	0.00199463369241114
27121	5086	4654	6	2938451	0.00199463369241114
27121	5196	5310	7	3037714	0.00199463369241114
27121	5361	5669	8	3163686	0.00199463369241114
27121	5575	5846	9	3283285	0.00199463369241114
27121	5732	5930	10	3380551	0.00199463369241114
27121	5877	5968	11	3530588	0.00199463369241114
27121	6103	5985	12	3694207	0.00199463369241114
27121	6296	5993	13	3783597	0.00199463369241114
27121	6384	5996	14	3848796	0.00199463369241114
27121	6424	5998	15	3877441	0.00199463369241114
27121	6468	5999	16	3900268	0.00199463369241114
27121	6494	5999	17	3919314	0.00199463369241114
27123	0	3286	0	89	0.0975810123781126
27123	10440	6869	1	124805	0.0975810123781126
27123	39601	14211	2	484447	0.0975810123781126
27123	99042	28788	3	1122319	0.0975810123781126
27123	190916	56005	4	2029277	0.0975810123781126
27123	266004	101438	5	2638994	0.0975810123781126
27123	300622	164759	6	2938451	0.0975810123781126
27123	311358	233946	7	3037714	0.0975810123781126
27123	323064	292045	8	3163686	0.0975810123781126
27123	333096	330988	9	3283285	0.0975810123781126
27123	341604	353307	10	3380551	0.0975810123781126
27123	353672	364966	11	3530588	0.0975810123781126
27123	371104	370762	12	3694207	0.0975810123781126
27123	380674	373573	13	3783597	0.0975810123781126
27123	389180	374920	14	3848796	0.0975810123781126
27123	392978	375561	15	3877441	0.0975810123781126
27123	395668	375866	16	3900268	0.0975810123781126
27123	397671	376010	17	3919314	0.0975810123781126
27125	0	65	0	89	0.000719018545890938
27125	86	127	1	124805	0.000719018545890938
27125	413	244	2	484447	0.000719018545890938
27125	882	444	3	1122319	0.000719018545890938
27125	1436	742	4	2029277	0.000719018545890938
27125	1605	1108	5	2638994	0.000719018545890938
27125	1710	1463	6	2938451	0.000719018545890938
27125	1740	1735	7	3037714	0.000719018545890938
27125	1801	1911	8	3163686	0.000719018545890938
27125	1890	2010	9	3283285	0.000719018545890938
27125	1979	2063	10	3380551	0.000719018545890938
27125	2123	2090	11	3530588	0.000719018545890938
27125	2200	2104	12	3694207	0.000719018545890938
27125	2250	2111	13	3783597	0.000719018545890938
27125	2267	2114	14	3848796	0.000719018545890938
27125	2280	2115	15	3877441	0.000719018545890938
27125	2292	2116	16	3900268	0.000719018545890938
27125	2303	2117	17	3919314	0.000719018545890938
27127	0	255	0	89	0.00268989182272886
27127	248	501	1	124805	0.00268989182272886
27127	1170	954	2	484447	0.00268989182272886
27127	3270	1717	3	1122319	0.00268989182272886
27127	4853	2833	4	2029277	0.00268989182272886
27127	5628	4164	5	2638994	0.00268989182272886
27127	6154	5417	6	2938451	0.00268989182272886
27127	6346	6358	7	3037714	0.00268989182272886
27127	6587	6953	8	3163686	0.00268989182272886
27127	6904	7289	9	3283285	0.00268989182272886
27127	7173	7466	10	3380551	0.00268989182272886
27127	7563	7556	11	3530588	0.00268989182272886
27127	7840	7602	12	3694207	0.00268989182272886
27127	7997	7624	13	3783597	0.00268989182272886
27127	8150	7635	14	3848796	0.00268989182272886
27127	8212	7641	15	3877441	0.00268989182272886
27127	8271	7644	16	3900268	0.00268989182272886
27127	8300	7645	17	3919314	0.00268989182272886
27129	0	230	0	89	0.00257960093850095
27129	330	479	1	124805	0.00257960093850095
27129	1321	961	2	484447	0.00257960093850095
27129	3243	1802	3	1122319	0.00257960093850095
27129	4954	3034	4	2029277	0.00257960093850095
27129	5751	4445	5	2638994	0.00257960093850095
27129	6288	5669	6	2938451	0.00257960093850095
27129	6435	6499	7	3037714	0.00257960093850095
27129	6610	6973	8	3163686	0.00257960093850095
27129	6786	7218	9	3283285	0.00257960093850095
27129	6966	7337	10	3380551	0.00257960093850095
27129	7353	7394	11	3530588	0.00257960093850095
27129	7629	7420	12	3694207	0.00257960093850095
27129	7787	7433	13	3783597	0.00257960093850095
27129	7911	7439	14	3848796	0.00257960093850095
27129	7969	7441	15	3877441	0.00257960093850095
27129	8004	7442	16	3900268	0.00257960093850095
27129	8032	7443	17	3919314	0.00257960093850095
27131	0	446	0	89	0.0118752429236518
27131	876	1005	1	124805	0.0118752429236518
27131	4627	2222	2	484447	0.0118752429236518
27131	13059	4733	3	1122319	0.0118752429236518
27131	23773	9369	4	2029277	0.0118752429236518
27131	30639	16407	5	2638994	0.0118752429236518
27131	33936	24452	6	2938451	0.0118752429236518
27131	34788	31138	7	3037714	0.0118752429236518
27131	35807	35373	8	3163686	0.0118752429236518
27131	37032	37614	9	3283285	0.0118752429236518
27131	37889	38687	10	3380551	0.0118752429236518
27131	38985	39177	11	3530588	0.0118752429236518
27131	40367	39395	12	3694207	0.0118752429236518
27131	41167	39491	13	3783597	0.0118752429236518
27131	41811	39534	14	3848796	0.0118752429236518
27131	42105	39552	15	3877441	0.0118752429236518
27131	42320	39560	16	3900268	0.0118752429236518
27131	42556	39564	17	3919314	0.0118752429236518
27133	0	153	0	89	0.00165170351540668
27133	223	309	1	124805	0.00165170351540668
27133	981	603	2	484447	0.00165170351540668
27133	1952	1107	3	1122319	0.00165170351540668
27133	3239	1843	4	2029277	0.00165170351540668
27133	3618	2700	5	2638994	0.00165170351540668
27133	3840	3472	6	2938451	0.00165170351540668
27133	3949	4021	7	3037714	0.00165170351540668
27133	4136	4350	8	3163686	0.00165170351540668
27133	4268	4527	9	3283285	0.00165170351540668
27133	4412	4617	10	3380551	0.00165170351540668
27133	4669	4661	11	3530588	0.00165170351540668
27133	4833	4682	12	3694207	0.00165170351540668
27133	4901	4693	13	3783597	0.00165170351540668
27133	4981	4698	14	3848796	0.00165170351540668
27133	5014	4700	15	3877441	0.00165170351540668
27133	5047	4701	16	3900268	0.00165170351540668
27133	5126	4702	17	3919314	0.00165170351540668
27135	0	265	0	89	0.00268900524005822
27135	380	522	1	124805	0.00268900524005822
27135	1529	991	2	484447	0.00268900524005822
27135	2773	1774	3	1122319	0.00268900524005822
27135	4522	2897	4	2029277	0.00268900524005822
27135	5530	4202	5	2638994	0.00268900524005822
27135	5970	5395	6	2938451	0.00268900524005822
27135	6235	6268	7	3037714	0.00268900524005822
27135	6539	6808	8	3163686	0.00268900524005822
27135	6828	7109	9	3283285	0.00268900524005822
27135	7106	7266	10	3380551	0.00268900524005822
27135	7311	7346	11	3530588	0.00268900524005822
27135	7490	7386	12	3694207	0.00268900524005822
27135	7636	7406	13	3783597	0.00268900524005822
27135	7741	7415	14	3848796	0.00268900524005822
27135	7789	7420	15	3877441	0.00268900524005822
27135	7826	7422	16	3900268	0.00268900524005822
27135	7893	7424	17	3919314	0.00268900524005822
27137	0	839	0	89	0.0352984024489541
27137	6525	1819	1	124805	0.0352984024489541
27137	24158	3909	2	484447	0.0352984024489541
27137	50003	8239	3	1122319	0.0352984024489541
27137	85064	16708	4	2029277	0.0352984024489541
27137	97759	31546	5	2638994	0.0352984024489541
27137	105076	53139	6	2938451	0.0352984024489541
27137	107281	77372	7	3037714	0.0352984024489541
27137	110730	97776	8	3163686	0.0352984024489541
27137	114195	111194	9	3283285	0.0352984024489541
27137	117671	118644	10	3380551	0.0352984024489541
27137	122496	122396	11	3530588	0.0352984024489541
27137	127775	124194	12	3694207	0.0352984024489541
27137	129970	125034	13	3783597	0.0352984024489541
27137	131383	125422	14	3848796	0.0352984024489541
27137	132086	125601	15	3877441	0.0352984024489541
27137	132875	125682	16	3900268	0.0352984024489541
27137	133595	125720	17	3919314	0.0352984024489541
27139	0	1179	0	89	0.0264224687000854
27139	2519	2477	1	124805	0.0264224687000854
27139	10028	5121	2	484447	0.0264224687000854
27139	22669	10269	3	1122319	0.0264224687000854
27139	47364	19448	4	2029277	0.0264224687000854
27139	68488	33513	5	2638994	0.0264224687000854
27139	77919	50743	6	2938451	0.0264224687000854
27139	80303	66887	7	3037714	0.0264224687000854
27139	83837	78633	8	3163686	0.0264224687000854
27139	87066	85699	9	3283285	0.0264224687000854
27139	89569	89474	10	3380551	0.0264224687000854
27139	93412	91363	11	3530588	0.0264224687000854
27139	97990	92278	12	3694207	0.0264224687000854
27139	100811	92714	13	3783597	0.0264224687000854
27139	102627	92920	14	3848796	0.0264224687000854
27139	103397	93017	15	3877441	0.0264224687000854
27139	103931	93063	16	3900268	0.0264224687000854
27139	104353	93084	17	3919314	0.0264224687000854
27141	0	932	0	89	0.017241905145584
27141	1247	1746	1	124805	0.017241905145584
27141	4464	3219	2	484447	0.017241905145584
27141	11228	5780	3	1122319	0.017241905145584
27141	20203	9921	4	2029277	0.017241905145584
27141	27733	15894	5	2638994	0.017241905145584
27141	31225	23234	6	2938451	0.017241905145584
27141	32323	30664	7	3037714	0.017241905145584
27141	34564	36845	8	3163686	0.017241905145584
27141	36641	41204	9	3283285	0.017241905145584
27141	38253	43930	10	3380551	0.017241905145584
27141	39978	45510	11	3530588	0.017241905145584
27141	41914	46385	12	3694207	0.017241905145584
27141	43235	46858	13	3783597	0.017241905145584
27141	44279	47110	14	3848796	0.017241905145584
27141	44696	47244	15	3877441	0.017241905145584
27141	44994	47314	16	3900268	0.017241905145584
27141	45227	47351	17	3919314	0.017241905145584
27143	0	165	0	89	0.00263581027981968
27143	195	323	1	124805	0.00263581027981968
27143	839	617	2	484447	0.00263581027981968
27143	2359	1135	3	1122319	0.00263581027981968
27143	4079	1959	4	2029277	0.00263581027981968
27143	5010	3078	5	2638994	0.00263581027981968
27143	5449	4313	6	2938451	0.00263581027981968
27143	5571	5398	7	3037714	0.00263581027981968
27143	5749	6176	8	3163686	0.00263581027981968
27143	5981	6656	9	3283285	0.00263581027981968
27143	6177	6926	10	3380551	0.00263581027981968
27143	6620	7070	11	3530588	0.00263581027981968
27143	6941	7144	12	3694207	0.00263581027981968
27143	7072	7182	13	3783597	0.00263581027981968
27143	7227	7201	14	3848796	0.00263581027981968
27143	7294	7211	15	3877441	0.00263581027981968
27143	7331	7215	16	3900268	0.00263581027981968
27143	7361	7218	17	3919314	0.00263581027981968
27145	0	1072	0	89	0.028561260734743
27145	3644	1976	1	124805	0.028561260734743
27145	16257	3614	2	484447	0.028561260734743
27145	30346	6506	3	1122319	0.028561260734743
27145	48140	11404	4	2029277	0.028561260734743
27145	61403	19132	5	2638994	0.028561260734743
27145	68604	30066	6	2938451	0.028561260734743
27145	71131	43365	7	3037714	0.028561260734743
27145	74321	56862	8	3163686	0.028561260734743
27145	77950	68264	9	3283285	0.028561260734743
27145	81503	76494	10	3380551	0.028561260734743
27145	86113	81785	11	3530588	0.028561260734743
27145	89473	84938	12	3694207	0.028561260734743
27145	91873	86732	13	3783597	0.028561260734743
27145	93715	87726	14	3848796	0.028561260734743
27145	94650	88269	15	3877441	0.028561260734743
27145	95296	88564	16	3900268	0.028561260734743
27145	95757	88722	17	3919314	0.028561260734743
27147	0	322	0	89	0.00649847365927422
27147	488	678	1	124805	0.00649847365927422
27147	2315	1399	2	484447	0.00649847365927422
27147	6139	2778	3	1122319	0.00649847365927422
27147	11902	5144	4	2029277	0.00649847365927422
27147	15528	8541	5	2638994	0.00649847365927422
27147	17280	12348	6	2938451	0.00649847365927422
27147	17849	15593	7	3037714	0.00649847365927422
27147	18511	17773	8	3163686	0.00649847365927422
27147	19251	19015	9	3283285	0.00649847365927422
27147	19849	19656	10	3380551	0.00649847365927422
27147	20361	19970	11	3530588	0.00649847365927422
27147	21289	20120	12	3694207	0.00649847365927422
27147	21770	20191	13	3783597	0.00649847365927422
27147	22123	20224	14	3848796	0.00649847365927422
27147	22249	20240	15	3877441	0.00649847365927422
27147	22356	20247	16	3900268	0.00649847365927422
27147	22448	20251	17	3919314	0.00649847365927422
27149	0	132	0	89	0.00173858861712963
27149	309	278	1	124805	0.00173858861712963
27149	972	570	2	484447	0.00173858861712963
27149	1981	1101	3	1122319	0.00173858861712963
27149	3599	1927	4	2029277	0.00173858861712963
27149	4085	2942	5	2638994	0.00173858861712963
27149	4388	3883	6	2938451	0.00173858861712963
27149	4478	4553	7	3037714	0.00173858861712963
27149	4616	4945	8	3163686	0.00173858861712963
27149	4821	5150	9	3283285	0.00173858861712963
27149	4977	5249	10	3380551	0.00173858861712963
27149	5186	5296	11	3530588	0.00173858861712963
27149	5412	5318	12	3694207	0.00173858861712963
27149	5551	5328	13	3783597	0.00173858861712963
27149	5617	5333	14	3848796	0.00173858861712963
27149	5661	5335	15	3877441	0.00173858861712963
27149	5698	5336	16	3900268	0.00173858861712963
27149	5716	5337	17	3919314	0.00173858861712963
27151	0	95	0	89	0.00164301500523438
27151	202	197	1	124805	0.00164301500523438
27151	963	401	2	484447	0.00164301500523438
27151	2253	781	3	1122319	0.00164301500523438
27151	3549	1408	4	2029277	0.00164301500523438
27151	3915	2259	5	2638994	0.00164301500523438
27151	4147	3154	6	2938451	0.00164301500523438
27151	4255	3876	7	3037714	0.00164301500523438
27151	4392	4342	8	3163686	0.00164301500523438
27151	4554	4602	9	3283285	0.00164301500523438
27151	4728	4736	10	3380551	0.00164301500523438
27151	4923	4801	11	3530588	0.00164301500523438
27151	5126	4832	12	3694207	0.00164301500523438
27151	5221	4847	13	3783597	0.00164301500523438
27151	5310	4854	14	3848796	0.00164301500523438
27151	5338	4858	15	3877441	0.00164301500523438
27151	5364	4859	16	3900268	0.00164301500523438
27151	5385	4860	17	3919314	0.00164301500523438
27153	0	287	0	89	0.00437333499774453
27153	478	539	1	124805	0.00437333499774453
27153	2275	993	2	484447	0.00437333499774453
27153	4149	1762	3	1122319	0.00437333499774453
27153	6503	2946	4	2029277	0.00437333499774453
27153	7375	4525	5	2638994	0.00437333499774453
27153	7882	6269	6	2938451	0.00437333499774453
27153	8132	7836	7	3037714	0.00437333499774453
27153	8526	9005	8	3163686	0.00437333499774453
27153	8849	9760	9	3283285	0.00437333499774453
27153	9183	10205	10	3380551	0.00437333499774453
27153	9572	10452	11	3530588	0.00437333499774453
27153	9992	10585	12	3694207	0.00437333499774453
27153	10281	10655	13	3783597	0.00437333499774453
27153	10475	10692	14	3848796	0.00437333499774453
27153	10563	10711	15	3877441	0.00437333499774453
27153	10611	10721	16	3900268	0.00437333499774453
27153	10669	10726	17	3919314	0.00437333499774453
27155	0	35	0	89	0.000577874584724677
27155	0	70	1	124805	0.000577874584724677
27155	555	136	2	484447	0.000577874584724677
27155	971	255	3	1122319	0.000577874584724677
27155	1343	449	4	2029277	0.000577874584724677
27155	1451	724	5	2638994	0.000577874584724677
27155	1584	1038	6	2938451	0.000577874584724677
27155	1607	1322	7	3037714	0.000577874584724677
27155	1669	1529	8	3163686	0.000577874584724677
27155	1739	1658	9	3283285	0.000577874584724677
27155	1807	1730	10	3380551	0.000577874584724677
27155	1906	1768	11	3530588	0.000577874584724677
27155	1975	1787	12	3694207	0.000577874584724677
27155	2004	1797	13	3783597	0.000577874584724677
27155	2044	1802	14	3848796	0.000577874584724677
27155	2064	1804	15	3877441	0.000577874584724677
27155	2078	1805	16	3900268	0.000577874584724677
27155	2102	1806	17	3919314	0.000577874584724677
27157	0	250	0	89	0.00383482468359638
27157	736	510	1	124805	0.00383482468359638
27157	2687	1019	2	484447	0.00383482468359638
27157	6059	1959	3	1122319	0.00383482468359638
27157	9766	3518	4	2029277	0.00383482468359638
27157	11493	5699	5	2638994	0.00383482468359638
27157	12324	8120	6	2938451	0.00383482468359638
27157	12628	10204	7	3037714	0.00383482468359638
27157	13039	11640	8	3163686	0.00383482468359638
27157	13516	12485	9	3283285	0.00383482468359638
27157	14010	12936	10	3380551	0.00383482468359638
27157	14634	13165	11	3530588	0.00383482468359638
27157	15178	13278	12	3694207	0.00383482468359638
27157	15525	13333	13	3783597	0.00383482468359638
27157	15725	13360	14	3848796	0.00383482468359638
27157	15851	13373	15	3877441	0.00383482468359638
27157	15979	13379	16	3900268	0.00383482468359638
27157	16109	13382	17	3919314	0.00383482468359638
27159	0	348	0	89	0.0024260448199457
27159	200	633	1	124805	0.0024260448199457
27159	1267	1109	2	484447	0.0024260448199457
27159	2822	1826	3	1122319	0.0024260448199457
27159	4288	2764	4	2029277	0.0024260448199457
27159	4831	3781	5	2638994	0.0024260448199457
27159	5210	4685	6	2938451	0.0024260448199457
27159	5368	5355	7	3037714	0.0024260448199457
27159	5567	5790	8	3163686	0.0024260448199457
27159	5755	6047	9	3283285	0.0024260448199457
27159	5960	6191	10	3380551	0.0024260448199457
27159	6284	6269	11	3530588	0.0024260448199457
27159	6509	6311	12	3694207	0.0024260448199457
27159	6653	6333	13	3783597	0.0024260448199457
27159	6760	6344	14	3848796	0.0024260448199457
27159	6799	6350	15	3877441	0.0024260448199457
27159	6826	6354	16	3900268	0.0024260448199457
27159	6849	6355	17	3919314	0.0024260448199457
27161	0	178	0	89	0.00330021533319905
27161	172	368	1	124805	0.00330021533319905
27161	1298	745	2	484447	0.00330021533319905
27161	3349	1448	3	1122319	0.00330021533319905
27161	5681	2622	4	2029277	0.00330021533319905
27161	7511	4262	5	2638994	0.00330021533319905
27161	8302	6062	6	2938451	0.00330021533319905
27161	8534	7582	7	3037714	0.00330021533319905
27161	8892	8606	8	3163686	0.00330021533319905
27161	9244	9196	9	3283285	0.00330021533319905
27161	9550	9505	10	3380551	0.00330021533319905
27161	9796	9659	11	3530588	0.00330021533319905
27161	10152	9734	12	3694207	0.00330021533319905
27161	10399	9770	13	3783597	0.00330021533319905
27161	10551	9787	14	3848796	0.00330021533319905
27161	10615	9796	15	3877441	0.00330021533319905
27161	10678	9799	16	3900268	0.00330021533319905
27161	10702	9801	17	3919314	0.00330021533319905
27163	0	1732	0	89	0.0465349512166751
27163	5579	3674	1	124805	0.0465349512166751
27163	19998	7694	2	484447	0.0465349512166751
27163	48858	15699	3	1122319	0.0465349512166751
27163	90938	30467	4	2029277	0.0465349512166751
27163	123829	54241	5	2638994	0.0465349512166751
27163	139046	85224	6	2938451	0.0465349512166751
27163	142982	116131	7	3037714	0.0465349512166751
27163	148894	139742	8	3163686	0.0465349512166751
27163	153857	154365	9	3283285	0.0465349512166751
27163	158419	162277	10	3380551	0.0465349512166751
27163	164834	166247	11	3530588	0.0465349512166751
27163	175025	168164	12	3694207	0.0465349512166751
27163	179726	169072	13	3783597	0.0465349512166751
27163	183046	169499	14	3848796	0.0465349512166751
27163	184172	169698	15	3877441	0.0465349512166751
27163	185334	169791	16	3900268	0.0465349512166751
27163	186184	169835	17	3919314	0.0465349512166751
27165	0	209	0	89	0.00193221827239792
27165	0	405	1	124805	0.00193221827239792
27165	661	758	2	484447	0.00193221827239792
27165	2022	1344	3	1122319	0.00193221827239792
27165	3836	2185	4	2029277	0.00193221827239792
27165	4331	3179	5	2638994	0.00193221827239792
27165	4782	4112	6	2938451	0.00193221827239792
27165	4924	4817	7	3037714	0.00193221827239792
27165	5107	5268	8	3163686	0.00193221827239792
27165	5354	5526	9	3283285	0.00193221827239792
27165	5504	5664	10	3380551	0.00193221827239792
27165	5782	5736	11	3530588	0.00193221827239792
27165	6021	5772	12	3694207	0.00193221827239792
27165	6200	5791	13	3783597	0.00193221827239792
27165	6306	5800	14	3848796	0.00193221827239792
27165	6358	5804	15	3877441	0.00193221827239792
27165	6377	5807	16	3900268	0.00193221827239792
27165	6399	5808	17	3919314	0.00193221827239792
27167	0	95	0	89	0.0011006037273354
27167	0	156	1	124805	0.0011006037273354
27167	465	252	2	484447	0.0011006037273354
27167	940	402	3	1122319	0.0011006037273354
27167	1269	622	4	2029277	0.0011006037273354
27167	1396	926	5	2638994	0.0011006037273354
27167	1488	1307	6	2938451	0.0011006037273354
27167	1518	1735	7	3037714	0.0011006037273354
27167	1612	2157	8	3163686	0.0011006037273354
27167	1743	2524	9	3283285	0.0011006037273354
27167	2808	2810	10	3380551	0.0011006037273354
27167	3176	3014	11	3530588	0.0011006037273354
27167	3253	3151	12	3694207	0.0011006037273354
27167	3298	3239	13	3783597	0.0011006037273354
27167	3332	3294	14	3848796	0.0011006037273354
27167	3343	3327	15	3877441	0.0011006037273354
27167	3354	3348	16	3900268	0.0011006037273354
27167	3417	3360	17	3919314	0.0011006037273354
27169	0	528	0	89	0.00895164790894158
27169	1078	1120	1	124805	0.00895164790894158
27169	4030	2321	2	484447	0.00895164790894158
27169	10720	4610	3	1122319	0.00895164790894158
27169	20142	8476	4	2029277	0.00895164790894158
27169	22433	13846	5	2638994	0.00895164790894158
27169	24347	19585	6	2938451	0.00895164790894158
27169	24886	24231	7	3037714	0.00895164790894158
27169	25652	27217	8	3163686	0.00895164790894158
27169	26485	28862	9	3283285	0.00895164790894158
27169	27196	29692	10	3380551	0.00895164790894158
27169	30114	30093	11	3530588	0.00895164790894158
27169	31417	30282	12	3694207	0.00895164790894158
27169	32056	30370	13	3783597	0.00895164790894158
27169	32457	30411	14	3848796	0.00895164790894158
27169	32654	30430	15	3877441	0.00895164790894158
27169	32912	30439	16	3900268	0.00895164790894158
27169	33093	30443	17	3919314	0.00895164790894158
27171	0	1345	0	89	0.024536530043095
27171	1812	2642	1	124805	0.024536530043095
27171	7934	5102	2	484447	0.024536530043095
27171	18965	9544	3	1122319	0.024536530043095
27171	36327	16899	4	2029277	0.024536530043095
27171	49339	27487	5	2638994	0.024536530043095
27171	55562	40020	6	2938451	0.024536530043095
27171	57333	51832	7	3037714	0.024536530043095
27171	60363	60803	8	3163686	0.024536530043095
27171	63240	66561	9	3283285	0.024536530043095
27171	65364	69869	10	3380551	0.024536530043095
27171	68335	71648	11	3530588	0.024536530043095
27171	71607	72572	12	3694207	0.024536530043095
27171	73647	73043	13	3783597	0.024536530043095
27171	75187	73280	14	3848796	0.024536530043095
27171	75738	73400	15	3877441	0.024536530043095
27171	76162	73459	16	3900268	0.024536530043095
27171	76477	73489	17	3919314	0.024536530043095
27173	0	112	0	89	0.0017215662298533
27173	289	230	1	124805	0.0017215662298533
27173	1245	462	2	484447	0.0017215662298533
27173	2679	884	3	1122319	0.0017215662298533
27173	3753	1558	4	2029277	0.0017215662298533
27173	4073	2443	5	2638994	0.0017215662298533
27173	4378	3341	6	2938451	0.0017215662298533
27173	4457	4046	7	3037714	0.0017215662298533
27173	4617	4495	8	3163686	0.0017215662298533
27173	4748	4745	9	3283285	0.0017215662298533
27173	4907	4874	10	3380551	0.0017215662298533
27173	5188	4937	11	3530588	0.0017215662298533
27173	5302	4968	12	3694207	0.0017215662298533
27173	5395	4982	13	3783597	0.0017215662298533
27173	5453	4989	14	3848796	0.0017215662298533
27173	5481	4992	15	3877441	0.0017215662298533
27173	5517	4994	16	3900268	0.0017215662298533
27173	5540	4995	17	3919314	0.0017215662298533
