2070	6
29001	0	222	0	91	0.0041292541435924
29001	553	447	1	119438	0.0041292541435924
29001	1528	883	2	448725	0.0041292541435924
29001	5045	1682	3	1010128	0.0041292541435924
29001	7349	3011	4	1741684	0.0041292541435924
29001	8094	4896	5	2160051	0.0041292541435924
29001	8621	7044	6	2413590	0.0041292541435924
29001	8938	8961	7	2551932	0.0041292541435924
29001	9485	10331	8	2779620	0.0041292541435924
29001	10005	11163	9	2946018	0.0041292541435924
29001	10447	11619	10	3058036	0.0041292541435924
29001	10600	11854	11	3130300	0.0041292541435924
29001	10934	11973	12	3258083	0.0041292541435924
29001	11142	12032	13	3339081	0.0041292541435924
29001	11243	12060	14	3384105	0.0041292541435924
29001	11310	12074	15	3411837	0.0041292541435924
29001	11623	12081	16	3440140	0.0041292541435924
29001	11681	12085	17	3460476	0.0041292541435924
29003	0	214	0	91	0.00288589943539867
29003	281	373	1	119438	0.00288589943539867
29003	1675	642	2	448725	0.00288589943539867
29003	2550	1074	3	1010128	0.00288589943539867
29003	3862	1726	4	1741684	0.00288589943539867
29003	4355	2613	5	2160051	0.00288589943539867
29003	4600	3672	6	2413590	0.00288589943539867
29003	4849	4748	7	2551932	0.00288589943539867
29003	5259	5681	8	2779620	0.00288589943539867
29003	5635	6384	9	2946018	0.00288589943539867
29003	5847	6859	10	3058036	0.00288589943539867
29003	5998	7157	11	3130300	0.00288589943539867
29003	6232	7336	12	3258083	0.00288589943539867
29003	6572	7440	13	3339081	0.00288589943539867
29003	6686	7499	14	3384105	0.00288589943539867
29003	6736	7533	15	3411837	0.00288589943539867
29003	6790	7552	16	3440140	0.00288589943539867
29003	6836	7563	17	3460476	0.00288589943539867
29005	0	112	0	91	0.00083797317052029
29005	94	220	1	119438	0.00083797317052029
29005	570	415	2	448725	0.00083797317052029
29005	1439	727	3	1010128	0.00083797317052029
29005	1899	1147	4	1741684	0.00083797317052029
29005	2090	1593	5	2160051	0.00083797317052029
29005	2172	1964	6	2413590	0.00083797317052029
29005	2270	2214	7	2551932	0.00083797317052029
29005	2401	2359	8	2779620	0.00083797317052029
29005	2566	2437	9	2946018	0.00083797317052029
29005	2642	2477	10	3058036	0.00083797317052029
29005	2684	2496	11	3130300	0.00083797317052029
29005	2752	2506	12	3258083	0.00083797317052029
29005	2802	2511	13	3339081	0.00083797317052029
29005	2827	2513	14	3384105	0.00083797317052029
29005	2871	2514	15	3411837	0.00083797317052029
29005	2885	2515	16	3440140	0.00083797317052029
29005	2903	2515	17	3460476	0.00083797317052029
29007	0	598	0	91	0.00413658620516607
29007	308	1009	1	119438	0.00413658620516607
29007	2522	1656	2	448725	0.00413658620516607
29007	3804	2605	3	1010128	0.00413658620516607
29007	5248	3858	4	1741684	0.00413658620516607
29007	6415	5308	5	2160051	0.00413658620516607
29007	6879	6748	6	2413590	0.00413658620516607
29007	7160	7976	7	2551932	0.00413658620516607
29007	7747	8894	8	2779620	0.00413658620516607
29007	8301	9517	9	2946018	0.00413658620516607
29007	8565	9910	10	3058036	0.00413658620516607
29007	8902	10148	11	3130300	0.00413658620516607
29007	9137	10289	12	3258083	0.00413658620516607
29007	9310	10370	13	3339081	0.00413658620516607
29007	9511	10417	14	3384105	0.00413658620516607
29007	9576	10444	15	3411837	0.00413658620516607
29007	9645	10459	16	3440140	0.00413658620516607
29007	9705	10467	17	3460476	0.00413658620516607
29009	0	1009	0	91	0.00583127003689493
29009	292	1685	1	119438	0.00583127003689493
29009	1119	2726	2	448725	0.00583127003689493
29009	4470	4212	3	1010128	0.00583127003689493
29009	8245	6114	4	1741684	0.00583127003689493
29009	9603	8235	5	2160051	0.00583127003689493
29009	10352	10268	6	2413590	0.00583127003689493
29009	11028	11951	7	2551932	0.00583127003689493
29009	12683	13185	8	2779620	0.00583127003689493
29009	13834	14010	9	2946018	0.00583127003689493
29009	14370	14529	10	3058036	0.00583127003689493
29009	14674	14842	11	3130300	0.00583127003689493
29009	15182	15027	12	3258083	0.00583127003689493
29009	15554	15135	13	3339081	0.00583127003689493
29009	15733	15197	14	3384105	0.00583127003689493
29009	15830	15233	15	3411837	0.00583127003689493
29009	15919	15253	16	3440140	0.00583127003689493
29009	16009	15265	17	3460476	0.00583127003689493
29011	0	328	0	91	0.00191513448304404
29011	99	550	1	119438	0.00191513448304404
29011	308	886	2	448725	0.00191513448304404
29011	1218	1352	3	1010128	0.00191513448304404
29011	2116	1922	4	1741684	0.00191513448304404
29011	2430	2522	5	2160051	0.00191513448304404
29011	2628	3060	6	2413590	0.00191513448304404
29011	2851	3479	7	2551932	0.00191513448304404
29011	3252	3770	8	2779620	0.00191513448304404
29011	3520	3957	9	2946018	0.00191513448304404
29011	3619	4071	10	3058036	0.00191513448304404
29011	3683	4138	11	3130300	0.00191513448304404
29011	3764	4176	12	3258083	0.00191513448304404
29011	3828	4198	13	3339081	0.00191513448304404
29011	3861	4211	14	3384105	0.00191513448304404
29011	3879	4218	15	3411837	0.00191513448304404
29011	3903	4222	16	3440140	0.00191513448304404
29011	3929	4225	17	3460476	0.00191513448304404
29013	0	143	0	91	0.00263497999487733
29013	258	252	1	119438	0.00263497999487733
29013	797	436	2	448725	0.00263497999487733
29013	2256	740	3	1010128	0.00263497999487733
29013	3324	1216	4	1741684	0.00263497999487733
29013	3994	1899	5	2160051	0.00263497999487733
29013	4275	2774	6	2413590	0.00263497999487733
29013	4557	3739	7	2551932	0.00263497999487733
29013	5089	4645	8	2779620	0.00263497999487733
29013	5501	5375	9	2946018	0.00263497999487733
29013	5736	5895	10	3058036	0.00263497999487733
29013	5864	6233	11	3130300	0.00263497999487733
29013	6018	6440	12	3258083	0.00263497999487733
29013	6131	6562	13	3339081	0.00263497999487733
29013	6208	6632	14	3384105	0.00263497999487733
29013	6254	6672	15	3411837	0.00263497999487733
29013	6286	6695	16	3440140	0.00263497999487733
29013	6322	6708	17	3460476	0.00263497999487733
29015	0	565	0	91	0.00316793940393272
29015	240	972	1	119438	0.00316793940393272
29015	1408	1614	2	448725	0.00316793940393272
29015	4269	2539	3	1010128	0.00316793940393272
29015	5625	3716	4	1741684	0.00316793940393272
29015	6304	4994	5	2160051	0.00316793940393272
29015	6660	6166	6	2413590	0.00316793940393272
29015	6983	7084	7	2551932	0.00316793940393272
29015	7659	7719	8	2779620	0.00316793940393272
29015	8205	8121	9	2946018	0.00316793940393272
29015	8527	8362	10	3058036	0.00316793940393272
29015	8683	8501	11	3130300	0.00316793940393272
29015	8831	8580	12	3258083	0.00316793940393272
29015	9120	8624	13	3339081	0.00316793940393272
29015	9175	8649	14	3384105	0.00316793940393272
29015	9242	8662	15	3411837	0.00316793940393272
29015	9300	8670	16	3440140	0.00316793940393272
29015	9355	8674	17	3460476	0.00316793940393272
29017	0	126	0	91	0.00197688673496455
29017	0	218	1	119438	0.00197688673496455
29017	797	374	2	448725	0.00197688673496455
29017	1806	623	3	1010128	0.00197688673496455
29017	2351	998	4	1741684	0.00197688673496455
29017	2689	1511	5	2160051	0.00197688673496455
29017	2855	2124	6	2413590	0.00197688673496455
29017	2969	2754	7	2551932	0.00197688673496455
29017	3236	3305	8	2779620	0.00197688673496455
29017	3532	3726	9	2946018	0.00197688673496455
29017	3654	4013	10	3058036	0.00197688673496455
29017	3707	4195	11	3130300	0.00197688673496455
29017	3846	4305	12	3258083	0.00197688673496455
29017	3921	4369	13	3339081	0.00197688673496455
29017	3967	4406	14	3384105	0.00197688673496455
29017	4004	4427	15	3411837	0.00197688673496455
29017	4025	4440	16	3440140	0.00197688673496455
29017	4044	4446	17	3460476	0.00197688673496455
29019	0	764	0	91	0.02940368506156
29019	7591	1557	1	119438	0.02940368506156
29019	18874	3148	2	448725	0.02940368506156
29019	37407	6273	3	1010128	0.02940368506156
29019	63627	12146	4	1741684	0.02940368506156
29019	77830	22335	5	2160051	0.02940368506156
29019	84356	37778	6	2413590	0.02940368506156
29019	87950	56971	7	2551932	0.02940368506156
29019	93395	75716	8	2779620	0.02940368506156
29019	97503	90171	9	2946018	0.02940368506156
29019	99742	99420	10	3058036	0.02940368506156
29019	101209	104650	11	3130300	0.02940368506156
29019	105340	107403	12	3258083	0.02940368506156
29019	108894	108798	13	3339081	0.02940368506156
29019	110139	109491	14	3384105	0.02940368506156
29019	110827	109831	15	3411837	0.02940368506156
29019	111723	109998	16	3440140	0.02940368506156
29019	112386	110080	17	3460476	0.02940368506156
29021	0	1104	0	91	0.0142346272738352
29021	1343	1923	1	119438	0.0142346272738352
29021	4890	3296	2	448725	0.0142346272738352
29021	11037	5506	3	1010128	0.0142346272738352
29021	18326	8836	4	1741684	0.0142346272738352
29021	21654	13385	5	2160051	0.0142346272738352
29021	23402	18835	6	2413590	0.0142346272738352
29021	24817	24424	7	2551932	0.0142346272738352
29021	27031	29312	8	2779620	0.0142346272738352
29021	28783	33027	9	2946018	0.0142346272738352
29021	29973	35560	10	3058036	0.0142346272738352
29021	30785	37162	11	3130300	0.0142346272738352
29021	32025	38127	12	3258083	0.0142346272738352
29021	32728	38692	13	3339081	0.0142346272738352
29021	33227	39016	14	3384105	0.0142346272738352
29021	33541	39201	15	3411837	0.0142346272738352
29021	33813	39306	16	3440140	0.0142346272738352
29021	34012	39365	17	3460476	0.0142346272738352
29023	0	1594	0	91	0.00692114025614639
29023	660	2373	1	119438	0.00692114025614639
29023	3128	3438	2	448725	0.00692114025614639
29023	5129	4807	3	1010128	0.00692114025614639
29023	7529	6433	4	1741684	0.00692114025614639
29023	8662	8192	5	2160051	0.00692114025614639
29023	9362	9910	6	2413590	0.00692114025614639
29023	10011	11432	7	2551932	0.00692114025614639
29023	11343	12666	8	2779620	0.00692114025614639
29023	12457	13598	9	2946018	0.00692114025614639
29023	13100	14264	10	3058036	0.00692114025614639
29023	13361	14721	11	3130300	0.00692114025614639
29023	13871	15027	12	3258083	0.00692114025614639
29023	14257	15228	13	3339081	0.00692114025614639
29023	14460	15358	14	3384105	0.00692114025614639
29023	14559	15442	15	3411837	0.00692114025614639
29023	14664	15495	16	3440140	0.00692114025614639
29023	14770	15530	17	3460476	0.00692114025614639
29025	0	82	0	91	0.00146967100876784
29025	89	144	1	119438	0.00146967100876784
29025	419	248	2	448725	0.00146967100876784
29025	1365	419	3	1010128	0.00146967100876784
29025	1777	685	4	1741684	0.00146967100876784
29025	2217	1066	5	2160051	0.00146967100876784
29025	2404	1551	6	2413590	0.00146967100876784
29025	2595	2085	7	2551932	0.00146967100876784
29025	2882	2585	8	2779620	0.00146967100876784
29025	3066	2987	9	2946018	0.00146967100876784
29025	3195	3275	10	3058036	0.00146967100876784
29025	3282	3462	11	3130300	0.00146967100876784
29025	3384	3577	12	3258083	0.00146967100876784
29025	3459	3645	13	3339081	0.00146967100876784
29025	3504	3684	14	3384105	0.00146967100876784
29025	3526	3707	15	3411837	0.00146967100876784
29025	3544	3720	16	3440140	0.00146967100876784
29025	3561	3727	17	3460476	0.00146967100876784
29027	0	355	0	91	0.00729018735535472
29027	1240	632	1	119438	0.00729018735535472
29027	3835	1114	2	448725	0.00729018735535472
29027	7501	1930	3	1010128	0.00729018735535472
29027	11172	3246	4	1741684	0.00729018735535472
29027	13477	5218	5	2160051	0.00729018735535472
29027	14646	7866	6	2413590	0.00729018735535472
29027	15557	10942	7	2551932	0.00729018735535472
29027	17327	13970	8	2779620	0.00729018735535472
29027	18511	16500	9	2946018	0.00729018735535472
29027	19075	18341	10	3058036	0.00729018735535472
29027	19457	19549	11	3130300	0.00729018735535472
29027	20062	20290	12	3258083	0.00729018735535472
29027	20649	20725	13	3339081	0.00729018735535472
29027	20923	20974	14	3384105	0.00729018735535472
29027	21061	21115	15	3411837	0.00729018735535472
29027	21218	21193	16	3440140	0.00729018735535472
29027	21324	21237	17	3460476	0.00729018735535472
29029	0	572	0	91	0.00754469135931208
29029	710	1012	1	119438	0.00754469135931208
29029	2144	1762	2	448725	0.00754469135931208
29029	7774	2982	3	1010128	0.00754469135931208
29029	10713	4832	4	1741684	0.00754469135931208
29029	12897	7353	5	2160051	0.00754469135931208
29029	13810	10334	6	2413590	0.00754469135931208
29029	14686	13319	7	2551932	0.00754469135931208
29029	16285	15849	8	2779620	0.00754469135931208
29029	18643	17708	9	2946018	0.00754469135931208
29029	19112	18935	10	3058036	0.00754469135931208
29029	19473	19690	11	3130300	0.00754469135931208
29029	19839	20133	12	3258083	0.00754469135931208
29029	20626	20387	13	3339081	0.00754469135931208
29029	20819	20530	14	3384105	0.00754469135931208
29029	20907	20610	15	3411837	0.00754469135931208
29029	21059	20654	16	3440140	0.00754469135931208
29029	21191	20679	17	3460476	0.00754469135931208
29031	0	686	0	91	0.0128508228528302
29031	2140	1191	1	119438	0.0128508228528302
29031	11096	2047	2	448725	0.0128508228528302
29031	15084	3461	3	1010128	0.0128508228528302
29031	22290	5696	4	1741684	0.0128508228528302
29031	25433	8995	5	2160051	0.0128508228528302
29031	27080	13406	6	2413590	0.0128508228528302
29031	28190	18580	7	2551932	0.0128508228528302
29031	30335	23797	8	2779620	0.0128508228528302
29031	33040	28313	9	2946018	0.0128508228528302
29031	34995	31733	10	3058036	0.0128508228528302
29031	35720	34071	11	3130300	0.0128508228528302
29031	36519	35560	12	3258083	0.0128508228528302
29031	37519	36464	13	3339081	0.0128508228528302
29031	38000	36999	14	3384105	0.0128508228528302
29031	38409	37310	15	3411837	0.0128508228528302
29031	38659	37488	16	3440140	0.0128508228528302
29031	38832	37591	17	3460476	0.0128508228528302
29033	0	286	0	91	0.00141411027550955
29033	149	478	1	119438	0.00141411027550955
29033	799	772	2	448725	0.00141411027550955
29033	1978	1182	3	1010128	0.00141411027550955
29033	2464	1689	4	1741684	0.00141411027550955
29033	2764	2231	5	2160051	0.00141411027550955
29033	3133	2725	6	2413590	0.00141411027550955
29033	3267	3115	7	2551932	0.00141411027550955
29033	3527	3390	8	2779620	0.00141411027550955
29033	3803	3567	9	2946018	0.00141411027550955
29033	3938	3676	10	3058036	0.00141411027550955
29033	4019	3741	11	3130300	0.00141411027550955
29033	4125	3778	12	3258083	0.00141411027550955
29033	4179	3800	13	3339081	0.00141411027550955
29033	4226	3812	14	3384105	0.00141411027550955
29033	4249	3819	15	3411837	0.00141411027550955
29033	4276	3823	16	3440140	0.00141411027550955
29033	4296	3825	17	3460476	0.00141411027550955
29035	0	175	0	91	0.000974675385193928
29035	0	277	1	119438	0.000974675385193928
29035	525	426	2	448725	0.000974675385193928
29035	824	629	3	1010128	0.000974675385193928
29035	1031	879	4	1741684	0.000974675385193928
29035	1184	1152	5	2160051	0.000974675385193928
29035	1255	1417	6	2413590	0.000974675385193928
29035	1334	1642	7	2551932	0.000974675385193928
29035	1591	1815	8	2779620	0.000974675385193928
29035	1719	1937	9	2946018	0.000974675385193928
29035	1796	2019	10	3058036	0.000974675385193928
29035	1831	2071	11	3130300	0.000974675385193928
29035	1866	2103	12	3258083	0.000974675385193928
29035	1908	2123	13	3339081	0.000974675385193928
29035	1923	2135	14	3384105	0.000974675385193928
29035	1939	2142	15	3411837	0.000974675385193928
29035	1955	2147	16	3440140	0.000974675385193928
29035	1968	2149	17	3460476	0.000974675385193928
29037	0	1076	0	91	0.0172352327391865
29037	1398	2013	1	119438	0.0172352327391865
29037	5828	3709	2	448725	0.0172352327391865
29037	16361	6653	3	1010128	0.0172352327391865
29037	27205	11410	4	1741684	0.0172352327391865
29037	34170	18271	5	2160051	0.0172352327391865
29037	37680	26708	6	2413590	0.0172352327391865
29037	39669	35260	7	2551932	0.0172352327391865
29037	43334	42390	8	2779620	0.0172352327391865
29037	46255	47426	9	2946018	0.0172352327391865
29037	48332	50583	10	3058036	0.0172352327391865
29037	49565	52415	11	3130300	0.0172352327391865
29037	51656	53432	12	3258083	0.0172352327391865
29037	53324	53982	13	3339081	0.0172352327391865
29037	54062	54276	14	3384105	0.0172352327391865
29037	54421	54431	15	3411837	0.0172352327391865
29037	54965	54513	16	3440140	0.0172352327391865
29037	55351	54556	17	3460476	0.0172352327391865
29039	0	379	0	91	0.00233795003379266
29039	151	639	1	119438	0.00233795003379266
29039	668	1039	2	448725	0.00233795003379266
29039	1517	1600	3	1010128	0.00233795003379266
29039	2650	2297	4	1741684	0.00233795003379266
29039	2908	3041	5	2160051	0.00233795003379266
29039	3291	3715	6	2413590	0.00233795003379266
29039	3475	4242	7	2551932	0.00233795003379266
29039	3811	4609	8	2779620	0.00233795003379266
29039	4064	4844	9	2946018	0.00233795003379266
29039	4232	4987	10	3058036	0.00233795003379266
29039	4333	5071	11	3130300	0.00233795003379266
29039	4429	5119	12	3258083	0.00233795003379266
29039	4506	5147	13	3339081	0.00233795003379266
29039	4550	5162	14	3384105	0.00233795003379266
29039	4578	5171	15	3411837	0.00233795003379266
29039	4598	5176	16	3440140	0.00233795003379266
29039	4616	5179	17	3460476	0.00233795003379266
29041	0	128	0	91	0.00120995309435809
29041	76	237	1	119438	0.00120995309435809
29041	459	427	2	448725	0.00120995309435809
29041	1305	730	3	1010128	0.00120995309435809
29041	1664	1153	4	1741684	0.00120995309435809
29041	1850	1650	5	2160051	0.00120995309435809
29041	1991	2125	6	2413590	0.00120995309435809
29041	2125	2498	7	2551932	0.00120995309435809
29041	2325	2748	8	2779620	0.00120995309435809
29041	2467	2899	9	2946018	0.00120995309435809
29041	2568	2984	10	3058036	0.00120995309435809
29041	2629	3030	11	3130300	0.00120995309435809
29041	2687	3054	12	3258083	0.00120995309435809
29041	2739	3067	13	3339081	0.00120995309435809
29041	2779	3074	14	3384105	0.00120995309435809
29041	2803	3077	15	3411837	0.00120995309435809
29041	2813	3079	16	3440140	0.00120995309435809
29041	2828	3080	17	3460476	0.00120995309435809
29043	0	1098	0	91	0.0144351998915507
29043	1885	2009	1	119438	0.0144351998915507
29043	4828	3608	2	448725	0.0144351998915507
29043	11368	6275	3	1010128	0.0144351998915507
29043	21342	10371	4	1741684	0.0144351998915507
29043	24984	15926	5	2160051	0.0144351998915507
29043	27239	22310	6	2413590	0.0144351998915507
29043	29841	28389	7	2551932	0.0144351998915507
29043	34186	33226	8	2779620	0.0144351998915507
29043	35996	36553	9	2946018	0.0144351998915507
29043	37119	38620	10	3058036	0.0144351998915507
29043	37762	39822	11	3130300	0.0144351998915507
29043	38916	40496	12	3258083	0.0144351998915507
29043	39760	40865	13	3339081	0.0144351998915507
29043	40144	41065	14	3384105	0.0144351998915507
29043	40612	41173	15	3411837	0.0144351998915507
29043	40809	41231	16	3440140	0.0144351998915507
29043	40994	41262	17	3460476	0.0144351998915507
29045	0	76	0	91	0.00110746716702827
29045	0	132	1	119438	0.00110746716702827
29045	236	227	2	448725	0.00110746716702827
29045	808	378	3	1010128	0.00110746716702827
29045	1037	603	4	1741684	0.00110746716702827
29045	1259	907	5	2160051	0.00110746716702827
29045	1380	1262	6	2413590	0.00110746716702827
29045	1468	1617	7	2551932	0.00110746716702827
29045	1627	1920	8	2779620	0.00110746716702827
29045	1806	2144	9	2946018	0.00110746716702827
29045	1879	2295	10	3058036	0.00110746716702827
29045	1926	2389	11	3130300	0.00110746716702827
29045	1975	2445	12	3258083	0.00110746716702827
29045	2051	2478	13	3339081	0.00110746716702827
29045	2085	2496	14	3384105	0.00110746716702827
29045	2108	2507	15	3411837	0.00110746716702827
29045	2126	2513	16	3440140	0.00110746716702827
29045	2138	2516	17	3460476	0.00110746716702827
29047	0	1815	0	91	0.0407252028048231
29047	4971	3517	1	119438	0.0407252028048231
29047	15493	6735	2	448725	0.0407252028048231
29047	42310	12626	3	1010128	0.0407252028048231
29047	66776	22796	4	1741684	0.0407252028048231
29047	83451	38685	5	2160051	0.0407252028048231
29047	93798	60016	6	2413590	0.0407252028048231
29047	99139	83494	7	2551932	0.0407252028048231
29047	108070	104300	8	2779620	0.0407252028048231
29047	114417	119482	9	2946018	0.0407252028048231
29047	119018	129063	10	3058036	0.0407252028048231
29047	121619	134565	11	3130300	0.0407252028048231
29047	127543	137555	12	3258083	0.0407252028048231
29047	131342	139132	13	3339081	0.0407252028048231
29047	133447	139950	14	3384105	0.0407252028048231
29047	134368	140371	15	3411837	0.0407252028048231
29047	135442	140586	16	3440140	0.0407252028048231
29047	136257	140696	17	3460476	0.0407252028048231
29049	0	239	0	91	0.00332174976227827
29049	290	436	1	119438	0.00332174976227827
29049	1358	782	2	448725	0.00332174976227827
29049	3005	1362	3	1010128	0.00332174976227827
29049	4486	2265	4	1741684	0.00332174976227827
29049	5960	3518	5	2160051	0.00332174976227827
29049	6573	5002	6	2413590	0.00332174976227827
29049	7020	6467	7	2551932	0.00332174976227827
29049	7819	7674	8	2779620	0.00332174976227827
29049	8358	8528	9	2946018	0.00332174976227827
29049	8706	9070	10	3058036	0.00332174976227827
29049	8949	9390	11	3130300	0.00332174976227827
29049	9238	9571	12	3258083	0.00332174976227827
29049	9418	9672	13	3339081	0.00332174976227827
29049	9538	9727	14	3384105	0.00332174976227827
29049	9598	9756	15	3411837	0.00332174976227827
29049	9661	9772	16	3440140	0.00332174976227827
29049	9707	9781	17	3460476	0.00332174976227827
29051	0	581	0	91	0.0125044236771495
29051	1341	1073	1	119438	0.0125044236771495
29051	9747	1959	2	448725	0.0125044236771495
29051	15610	3510	3	1010128	0.0125044236771495
29051	22079	6088	4	1741684	0.0125044236771495
29051	27487	10027	5	2160051	0.0125044236771495
29051	29541	15334	6	2413590	0.0125044236771495
29051	31112	21391	7	2551932	0.0125044236771495
29051	34336	27122	8	2779620	0.0125044236771495
29051	36212	31658	9	2946018	0.0125044236771495
29051	37153	34770	10	3058036	0.0125044236771495
29051	37791	36699	11	3130300	0.0125044236771495
29051	38733	37822	12	3258083	0.0125044236771495
29051	39527	38451	13	3339081	0.0125044236771495
29051	39948	38796	14	3384105	0.0125044236771495
29051	40269	38983	15	3411837	0.0125044236771495
29051	40530	39084	16	3440140	0.0125044236771495
29051	40714	39138	17	3460476	0.0125044236771495
29053	0	206	0	91	0.00288541063129376
29053	320	356	1	119438	0.00288541063129376
29053	2049	607	2	448725	0.00288541063129376
29053	3277	1012	3	1010128	0.00288541063129376
29053	4355	1626	4	1741684	0.00288541063129376
29053	4942	2482	5	2160051	0.00288541063129376
29053	5240	3539	6	2413590	0.00288541063129376
29053	5501	4667	7	2551932	0.00288541063129376
29053	6123	5699	8	2779620	0.00288541063129376
29053	6646	6517	9	2946018	0.00288541063129376
29053	6880	7094	10	3058036	0.00288541063129376
29053	7170	7470	11	3130300	0.00288541063129376
29053	7360	7702	12	3258083	0.00288541063129376
29053	7696	7840	13	3339081	0.00288541063129376
29053	7786	7920	14	3384105	0.00288541063129376
29053	7838	7966	15	3411837	0.00288541063129376
29053	7885	7993	16	3440140	0.00288541063129376
29053	7920	8008	17	3460476	0.00288541063129376
29055	0	830	0	91	0.00389739806316261
29055	200	1282	1	119438	0.00389739806316261
29055	771	1922	2	448725	0.00389739806316261
29055	2531	2762	3	1010128	0.00389739806316261
29055	3929	3763	4	1741684	0.00389739806316261
29055	4825	4831	5	2160051	0.00389739806316261
29055	5285	5842	6	2413590	0.00389739806316261
29055	5637	6695	7	2551932	0.00389739806316261
29055	6331	7349	8	2779620	0.00389739806316261
29055	6900	7815	9	2946018	0.00389739806316261
29055	7184	8128	10	3058036	0.00389739806316261
29055	7325	8332	11	3130300	0.00389739806316261
29055	7515	8462	12	3258083	0.00389739806316261
29055	7803	8542	13	3339081	0.00389739806316261
29055	7909	8592	14	3384105	0.00389739806316261
29055	7988	8623	15	3411837	0.00389739806316261
29055	8044	8642	16	3440140	0.00389739806316261
29055	8087	8654	17	3460476	0.00389739806316261
29057	0	232	0	91	0.00123194927907912
29057	0	397	1	119438	0.00123194927907912
29057	570	651	2	448725	0.00123194927907912
29057	1177	1007	3	1010128	0.00123194927907912
29057	1893	1445	4	1741684	0.00123194927907912
29057	2122	1902	5	2160051	0.00123194927907912
29057	2382	2305	6	2413590	0.00123194927907912
29057	2536	2611	7	2551932	0.00123194927907912
29057	2819	2817	8	2779620	0.00123194927907912
29057	2975	2946	9	2946018	0.00123194927907912
29057	3062	3022	10	3058036	0.00123194927907912
29057	3113	3066	11	3130300	0.00123194927907912
29057	3174	3090	12	3258083	0.00123194927907912
29057	3218	3104	13	3339081	0.00123194927907912
29057	3241	3112	14	3384105	0.00123194927907912
29057	3256	3116	15	3411837	0.00123194927907912
29057	3269	3119	16	3440140	0.00123194927907912
29057	3290	3120	17	3460476	0.00123194927907912
29059	0	327	0	91	0.00275001189423322
29059	162	546	1	119438	0.00275001189423322
29059	559	891	2	448725	0.00275001189423322
29059	1664	1402	3	1010128	0.00275001189423322
29059	3063	2096	4	1741684	0.00275001189423322
29059	3454	2936	5	2160051	0.00275001189423322
29059	3986	3822	6	2413590	0.00275001189423322
29059	4332	4628	7	2551932	0.00275001189423322
29059	4964	5270	8	2779620	0.00275001189423322
29059	5304	5729	9	2946018	0.00275001189423322
29059	5468	6033	10	3058036	0.00275001189423322
29059	5564	6224	11	3130300	0.00275001189423322
29059	5664	6339	12	3258083	0.00275001189423322
29059	5783	6408	13	3339081	0.00275001189423322
29059	5842	6449	14	3384105	0.00275001189423322
29059	5882	6472	15	3411837	0.00275001189423322
29059	5917	6486	16	3440140	0.00275001189423322
29059	5947	6494	17	3460476	0.00275001189423322
29061	0	98	0	91	0.00134877346015302
29061	63	171	1	119438	0.00134877346015302
29061	398	294	2	448725	0.00134877346015302
29061	1146	489	3	1010128	0.00134877346015302
29061	1472	779	4	1741684	0.00134877346015302
29061	1710	1165	5	2160051	0.00134877346015302
29061	1822	1611	6	2413590	0.00134877346015302
29061	1951	2050	7	2551932	0.00134877346015302
29061	2157	2418	8	2779620	0.00134877346015302
29061	2313	2688	9	2946018	0.00134877346015302
29061	2413	2867	10	3058036	0.00134877346015302
29061	2476	2978	11	3130300	0.00134877346015302
29061	2565	3044	12	3258083	0.00134877346015302
29061	2653	3082	13	3339081	0.00134877346015302
29061	2703	3104	14	3384105	0.00134877346015302
29061	2730	3116	15	3411837	0.00134877346015302
29061	2750	3123	16	3440140	0.00134877346015302
29061	2759	3127	17	3460476	0.00134877346015302
29063	0	98	0	91	0.00204434170144236
29063	101	177	1	119438	0.00204434170144236
29063	539	314	2	448725	0.00204434170144236
29063	1174	545	3	1010128	0.00204434170144236
29063	2077	908	4	1741684	0.00204434170144236
29063	2335	1427	5	2160051	0.00204434170144236
29063	2486	2071	6	2413590	0.00204434170144236
29063	2651	2746	7	2551932	0.00204434170144236
29063	2937	3338	8	2779620	0.00204434170144236
29063	3128	3783	9	2946018	0.00204434170144236
29063	3219	4079	10	3058036	0.00204434170144236
29063	3293	4261	11	3130300	0.00204434170144236
29063	3389	4367	12	3258083	0.00204434170144236
29063	3442	4426	13	3339081	0.00204434170144236
29063	3482	4460	14	3384105	0.00204434170144236
29063	3505	4478	15	3411837	0.00204434170144236
29063	3523	4488	16	3440140	0.00204434170144236
29063	3539	4494	17	3460476	0.00204434170144236
29065	0	442	0	91	0.00253738210859663
29065	113	682	1	119438	0.00253738210859663
29065	571	1027	2	448725	0.00253738210859663
29065	1862	1495	3	1010128	0.00253738210859663
29065	2451	2083	4	1741684	0.00253738210859663
29065	2911	2753	5	2160051	0.00253738210859663
29065	3122	3437	6	2413590	0.00253738210859663
29065	3305	4061	7	2551932	0.00253738210859663
29065	3772	4575	8	2779620	0.00253738210859663
29065	4198	4963	9	2946018	0.00253738210859663
29065	4458	5239	10	3058036	0.00253738210859663
29065	4555	5425	11	3130300	0.00253738210859663
29065	4690	5546	12	3258083	0.00253738210859663
29065	5124	5625	13	3339081	0.00253738210859663
29065	5239	5674	14	3384105	0.00253738210859663
29065	5292	5705	15	3411837	0.00253738210859663
29065	5326	5725	16	3440140	0.00253738210859663
29065	5351	5737	17	3460476	0.00253738210859663
29067	0	317	0	91	0.00214829404108692
29067	71	517	1	119438	0.00214829404108692
29067	233	815	2	448725	0.00214829404108692
29067	984	1228	3	1010128	0.00214829404108692
29067	1528	1742	4	1741684	0.00214829404108692
29067	1818	2305	5	2160051	0.00214829404108692
29067	1987	2840	6	2413590	0.00214829404108692
29067	2165	3284	7	2551932	0.00214829404108692
29067	2589	3613	8	2779620	0.00214829404108692
29067	2789	3837	9	2946018	0.00214829404108692
29067	2897	3981	10	3058036	0.00214829404108692
29067	2983	4070	11	3130300	0.00214829404108692
29067	3077	4124	12	3258083	0.00214829404108692
29067	3127	4156	13	3339081	0.00214829404108692
29067	3152	4175	14	3384105	0.00214829404108692
29067	3173	4186	15	3411837	0.00214829404108692
29067	3186	4192	16	3440140	0.00214829404108692
29067	3202	4196	17	3460476	0.00214829404108692
29069	0	1023	0	91	0.00474645079339424
29069	222	1540	1	119438	0.00474645079339424
29069	1235	2261	2	448725	0.00474645079339424
29069	3283	3209	3	1010128	0.00474645079339424
29069	4364	4365	4	1741684	0.00474645079339424
29069	5130	5647	5	2160051	0.00474645079339424
29069	6275	6933	6	2413590	0.00474645079339424
29069	7018	8095	7	2551932	0.00474645079339424
29069	7987	9053	8	2779620	0.00474645079339424
29069	9012	9784	9	2946018	0.00474645079339424
29069	9698	10309	10	3058036	0.00474645079339424
29069	10002	10670	11	3130300	0.00474645079339424
29069	10264	10911	12	3258083	0.00474645079339424
29069	10483	11069	13	3339081	0.00474645079339424
29069	10690	11171	14	3384105	0.00474645079339424
29069	10815	11236	15	3411837	0.00474645079339424
29069	10892	11278	16	3440140	0.00474645079339424
29069	10963	11304	17	3460476	0.00474645079339424
29071	0	1243	0	91	0.0169398321251182
29071	1926	2361	1	119438	0.0169398321251182
29071	6028	4400	2	448725	0.0169398321251182
29071	14361	7925	3	1010128	0.0169398321251182
29071	28100	13493	4	1741684	0.0169398321251182
29071	36074	21149	5	2160051	0.0169398321251182
29071	39936	29884	6	2413590	0.0169398321251182
29071	42505	37961	7	2551932	0.0169398321251182
29071	46231	44103	8	2779620	0.0169398321251182
29071	50257	48112	9	2946018	0.0169398321251182
29071	51921	50477	10	3058036	0.0169398321251182
29071	52806	51788	11	3130300	0.0169398321251182
29071	54342	52490	12	3258083	0.0169398321251182
29071	55301	52860	13	3339081	0.0169398321251182
29071	55911	53052	14	3384105	0.0169398321251182
29071	56217	53152	15	3411837	0.0169398321251182
29071	56520	53203	16	3440140	0.0169398321251182
29071	56733	53230	17	3460476	0.0169398321251182
29073	0	307	0	91	0.00239611772227715
29073	197	572	1	119438	0.00239611772227715
29073	1784	1031	2	448725	0.00239611772227715
29073	3020	1755	3	1010128	0.00239611772227715
29073	4335	2752	4	1741684	0.00239611772227715
29073	5206	3889	5	2160051	0.00239611772227715
29073	5460	4940	6	2413590	0.00239611772227715
29073	5746	5738	7	2551932	0.00239611772227715
29073	6349	6259	8	2779620	0.00239611772227715
29073	6852	6567	9	2946018	0.00239611772227715
29073	7055	6737	10	3058036	0.00239611772227715
29073	7142	6828	11	3130300	0.00239611772227715
29073	7286	6876	12	3258083	0.00239611772227715
29073	7356	6901	13	3339081	0.00239611772227715
29073	7409	6914	14	3384105	0.00239611772227715
29073	7436	6920	15	3411837	0.00239611772227715
29073	7459	6924	16	3440140	0.00239611772227715
29073	7490	6926	17	3460476	0.00239611772227715
29075	0	93	0	91	0.00107064392445826
29075	92	167	1	119438	0.00107064392445826
29075	842	293	2	448725	0.00107064392445826
29075	1422	495	3	1010128	0.00107064392445826
29075	1784	794	4	1741684	0.00107064392445826
29075	1968	1180	5	2160051	0.00107064392445826
29075	2060	1604	6	2413590	0.00107064392445826
29075	2168	1991	7	2551932	0.00107064392445826
29075	2371	2292	8	2779620	0.00107064392445826
29075	2532	2496	9	2946018	0.00107064392445826
29075	2616	2623	10	3058036	0.00107064392445826
29075	2659	2698	11	3130300	0.00107064392445826
29075	2734	2740	12	3258083	0.00107064392445826
29075	2807	2764	13	3339081	0.00107064392445826
29075	2831	2776	14	3384105	0.00107064392445826
29075	2844	2783	15	3411837	0.00107064392445826
29075	2859	2787	16	3440140	0.00107064392445826
29075	2874	2789	17	3460476	0.00107064392445826
29077	0	1725	0	91	0.0477538799640501
29077	6992	3261	1	119438	0.0477538799640501
29077	17761	6107	2	448725	0.0477538799640501
29077	43090	11250	3	1010128	0.0477538799640501
29077	80351	20121	4	1741684	0.0477538799640501
29077	92249	34272	5	2160051	0.0477538799640501
29077	100649	54245	6	2413590	0.0477538799640501
29077	108938	78067	7	2551932	0.0477538799640501
29077	121269	101378	8	2779620	0.0477538799640501
29077	127198	120164	9	2946018	0.0477538799640501
29077	130867	133075	10	3058036	0.0477538799640501
29077	133301	141009	11	3130300	0.0477538799640501
29077	138067	145552	12	3258083	0.0477538799640501
29077	141150	148049	13	3339081	0.0477538799640501
29077	142622	149391	14	3384105	0.0477538799640501
29077	143714	150104	15	3411837	0.0477538799640501
29077	144635	150479	16	3440140	0.0477538799640501
29077	145368	150677	17	3460476	0.0477538799640501
29079	0	267	0	91	0.00160490681112675
29079	0	457	1	119438	0.00160490681112675
29079	525	752	2	448725	0.00160490681112675
29079	1587	1170	3	1010128	0.00160490681112675
29079	2100	1688	4	1741684	0.00160490681112675
29079	2356	2234	5	2160051	0.00160490681112675
29079	2504	2721	6	2413590	0.00160490681112675
29079	2627	3094	7	2551932	0.00160490681112675
29079	2840	3347	8	2779620	0.00160490681112675
29079	3045	3506	9	2946018	0.00160490681112675
29079	3185	3600	10	3058036	0.00160490681112675
29079	3249	3654	11	3130300	0.00160490681112675
29079	3320	3685	12	3258083	0.00160490681112675
29079	3380	3702	13	3339081	0.00160490681112675
29079	3431	3712	14	3384105	0.00160490681112675
29079	3472	3717	15	3411837	0.00160490681112675
29079	3507	3720	16	3440140	0.00160490681112675
29079	3523	3722	17	3460476	0.00160490681112675
29081	0	245	0	91	0.00136083062807417
29081	83	411	1	119438	0.00136083062807417
29081	601	661	2	448725	0.00136083062807417
29081	1529	1005	3	1010128	0.00136083062807417
29081	1771	1422	4	1741684	0.00136083062807417
29081	1957	1854	5	2160051	0.00136083062807417
29081	2051	2237	6	2413590	0.00136083062807417
29081	2152	2530	7	2551932	0.00136083062807417
29081	2321	2732	8	2779620	0.00136083062807417
29081	2446	2860	9	2946018	0.00136083062807417
29081	2552	2938	10	3058036	0.00136083062807417
29081	2616	2983	11	3130300	0.00136083062807417
29081	2709	3010	12	3258083	0.00136083062807417
29081	2770	3024	13	3339081	0.00136083062807417
29081	2809	3033	14	3384105	0.00136083062807417
29081	2834	3038	15	3411837	0.00136083062807417
29081	2851	3040	16	3440140	0.00136083062807417
29081	2868	3042	17	3460476	0.00136083062807417
29083	0	578	0	91	0.00355588692853097
29083	294	951	1	119438	0.00355588692853097
29083	1947	1524	2	448725	0.00355588692853097
29083	3626	2349	3	1010128	0.00355588692853097
29083	5463	3436	4	1741684	0.00355588692853097
29083	6143	4708	5	2160051	0.00355588692853097
29083	6585	6004	6	2413590	0.00355588692853097
29083	6962	7155	7	2551932	0.00355588692853097
29083	7923	8055	8	2779620	0.00355588692853097
29083	8624	8694	9	2946018	0.00355588692853097
29083	9004	9116	10	3058036	0.00355588692853097
29083	9206	9382	11	3130300	0.00355588692853097
29083	9551	9544	12	3258083	0.00355588692853097
29083	9807	9642	13	3339081	0.00355588692853097
29083	9913	9700	14	3384105	0.00355588692853097
29083	10000	9734	15	3411837	0.00355588692853097
29083	10070	9754	16	3440140	0.00355588692853097
29083	10114	9765	17	3460476	0.00355588692853097
29085	0	117	0	91	0.00155504879242575
29085	59	218	1	119438	0.00155504879242575
29085	830	396	2	448725	0.00155504879242575
29085	1492	691	3	1010128	0.00155504879242575
29085	2202	1134	4	1741684	0.00155504879242575
29085	2377	1708	5	2160051	0.00155504879242575
29085	2751	2327	6	2413590	0.00155504879242575
29085	2895	2872	7	2551932	0.00155504879242575
29085	3118	3274	8	2779620	0.00155504879242575
29085	3306	3533	9	2946018	0.00155504879242575
29085	3397	3686	10	3058036	0.00155504879242575
29085	3460	3772	11	3130300	0.00155504879242575
29085	3528	3818	12	3258083	0.00155504879242575
29085	3580	3843	13	3339081	0.00155504879242575
29085	3604	3856	14	3384105	0.00155504879242575
29085	3628	3863	15	3411837	0.00155504879242575
29085	3643	3867	16	3440140	0.00155504879242575
29085	3657	3869	17	3460476	0.00155504879242575
29087	0	100	0	91	0.000717401491308737
29087	55	185	1	119438	0.000717401491308737
29087	587	326	2	448725	0.000717401491308737
29087	1015	539	3	1010128	0.000717401491308737
29087	1196	814	4	1741684	0.000717401491308737
29087	1312	1107	5	2160051	0.000717401491308737
29087	1366	1361	6	2413590	0.000717401491308737
29087	1414	1543	7	2551932	0.000717401491308737
29087	1521	1658	8	2779620	0.000717401491308737
29087	1611	1725	9	2946018	0.000717401491308737
29087	1665	1762	10	3058036	0.000717401491308737
29087	1712	1781	11	3130300	0.000717401491308737
29087	1752	1792	12	3258083	0.000717401491308737
29087	1801	1797	13	3339081	0.000717401491308737
29087	1819	1800	14	3384105	0.000717401491308737
29087	1831	1801	15	3411837	0.000717401491308737
29087	1855	1802	16	3440140	0.000717401491308737
29087	1868	1802	17	3460476	0.000717401491308737
29089	0	106	0	91	0.00162950995107397
29089	152	199	1	119438	0.00162950995107397
29089	546	369	2	448725	0.00162950995107397
29089	1942	662	3	1010128	0.00162950995107397
29089	2628	1124	4	1741684	0.00162950995107397
29089	2950	1760	5	2160051	0.00162950995107397
29089	3102	2490	6	2413590	0.00162950995107397
29089	3235	3172	7	2551932	0.00162950995107397
29089	3534	3696	8	2779620	0.00162950995107397
29089	3842	4043	9	2946018	0.00162950995107397
29089	3949	4249	10	3058036	0.00162950995107397
29089	4063	4364	11	3130300	0.00162950995107397
29089	4163	4427	12	3258083	0.00162950995107397
29089	4231	4460	13	3339081	0.00162950995107397
29089	4285	4477	14	3384105	0.00162950995107397
29089	4311	4486	15	3411837	0.00162950995107397
29089	4334	4491	16	3440140	0.00162950995107397
29089	4354	4493	17	3460476	0.00162950995107397
29091	0	1031	0	91	0.00653645142558088
29091	472	1647	1	119438	0.00653645142558088
29091	1332	2563	2	448725	0.00653645142558088
29091	3958	3842	3	1010128	0.00653645142558088
29091	5605	5478	4	1741684	0.00653645142558088
29091	6609	7350	5	2160051	0.00653645142558088
29091	7278	9239	6	2413590	0.00653645142558088
29091	8294	10919	7	2551932	0.00653645142558088
29091	10361	12252	8	2779620	0.00653645142558088
29091	11357	13217	9	2946018	0.00653645142558088
29091	11918	13871	10	3058036	0.00653645142558088
29091	12285	14295	11	3130300	0.00653645142558088
29091	12690	14560	12	3258083	0.00653645142558088
29091	12995	14724	13	3339081	0.00653645142558088
29091	13137	14824	14	3384105	0.00653645142558088
29091	13272	14885	15	3411837	0.00653645142558088
29091	13367	14921	16	3440140	0.00653645142558088
29091	13439	14943	17	3460476	0.00653645142558088
29093	0	372	0	91	0.00164971385407698
29093	156	571	1	119438	0.00164971385407698
29093	480	852	2	448725	0.00164971385407698
29093	1311	1221	3	1010128	0.00164971385407698
29093	1992	1665	4	1741684	0.00164971385407698
29093	2365	2144	5	2160051	0.00164971385407698
29093	2596	2605	6	2413590	0.00164971385407698
29093	2771	3001	7	2551932	0.00164971385407698
29093	3068	3312	8	2779620	0.00164971385407698
29093	3345	3537	9	2946018	0.00164971385407698
29093	3547	3691	10	3058036	0.00164971385407698
29093	3643	3792	11	3130300	0.00164971385407698
29093	3756	3858	12	3258083	0.00164971385407698
29093	3829	3899	13	3339081	0.00164971385407698
29093	3877	3925	14	3384105	0.00164971385407698
29093	3920	3941	15	3411837	0.00164971385407698
29093	3947	3951	16	3440140	0.00164971385407698
29093	3961	3957	17	3460476	0.00164971385407698
29095	0	7906	0	91	0.114544887532693
29095	12343	13878	1	119438	0.114544887532693
29095	46451	24079	2	448725	0.114544887532693
29095	115998	40979	3	1010128	0.114544887532693
29095	195777	67590	4	1741684	0.114544887532693
29095	242430	106325	5	2160051	0.114544887532693
29095	269281	156706	6	2413590	0.114544887532693
29095	285595	213441	7	2551932	0.114544887532693
29095	310996	267842	8	2779620	0.114544887532693
29095	330750	312529	9	2946018	0.114544887532693
29095	348350	344800	10	3058036	0.114544887532693
29095	358501	366001	11	3130300	0.114544887532693
29095	377042	379078	12	3258083	0.114544887532693
29095	388645	386831	13	3339081	0.114544887532693
29095	395520	391321	14	3384105	0.114544887532693
29095	398870	393885	15	3411837	0.114544887532693
29095	402883	395339	16	3440140	0.114544887532693
29095	405958	396159	17	3460476	0.114544887532693
29097	0	2168	0	91	0.0197685414802422
29097	2093	3619	1	119438	0.0197685414802422
29097	7512	5936	2	448725	0.0197685414802422
29097	17708	9473	3	1010128	0.0197685414802422
29097	27667	14517	4	1741684	0.0197685414802422
29097	33356	21053	5	2160051	0.0197685414802422
29097	37010	28548	6	2413590	0.0197685414802422
29097	40975	36025	7	2551932	0.0197685414802422
29097	46932	42519	8	2779620	0.0197685414802422
29097	50696	47513	9	2946018	0.0197685414802422
29097	52348	51007	10	3058036	0.0197685414802422
29097	53204	53291	11	3130300	0.0197685414802422
29097	54833	54720	12	3258083	0.0197685414802422
29097	56060	55589	13	3339081	0.0197685414802422
29097	56784	56109	14	3384105	0.0197685414802422
29097	57235	56416	15	3411837	0.0197685414802422
29097	57547	56597	16	3440140	0.0197685414802422
29097	57840	56703	17	3460476	0.0197685414802422
29099	0	2172	0	91	0.0366735055792101
29099	3387	4069	1	119438	0.0366735055792101
29099	11046	7506	2	448725	0.0366735055792101
29099	24997	13471	3	1010128	0.0366735055792101
29099	44661	23092	4	1741684	0.0366735055792101
29099	60424	36914	5	2160051	0.0366735055792101
29099	69277	53797	6	2413590	0.0366735055792101
29099	73550	70766	7	2551932	0.0366735055792101
29099	80496	84787	8	2779620	0.0366735055792101
29099	85393	94616	9	2946018	0.0366735055792101
29099	88723	100738	10	3058036	0.0366735055792101
29099	91210	104276	11	3130300	0.0366735055792101
29099	95229	106231	12	3258083	0.0366735055792101
29099	97917	107286	13	3339081	0.0366735055792101
29099	99527	107848	14	3384105	0.0366735055792101
29099	100361	108144	15	3411837	0.0366735055792101
29099	101088	108301	16	3440140	0.0366735055792101
29099	101561	108383	17	3460476	0.0366735055792101
29101	0	517	0	91	0.00880857583991209
29101	596	898	1	119438	0.00880857583991209
29101	3820	1540	2	448725	0.00880857583991209
29101	6992	2592	3	1010128	0.00880857583991209
29101	11186	4231	4	1741684	0.00880857583991209
29101	13172	6599	5	2160051	0.00880857583991209
29101	14412	9667	6	2413590	0.00880857583991209
29101	15336	13129	7	2551932	0.00880857583991209
29101	16946	16477	8	2779620	0.00880857583991209
29101	18441	19263	9	2946018	0.00880857583991209
29101	19671	21306	10	3058036	0.00880857583991209
29101	20266	22670	11	3130300	0.00880857583991209
29101	20998	23524	12	3258083	0.00880857583991209
29101	22015	24038	13	3339081	0.00880857583991209
29101	22313	24340	14	3384105	0.00880857583991209
29101	22487	24514	15	3411837	0.00880857583991209
29101	23504	24614	16	3440140	0.00880857583991209
29101	23636	24671	17	3460476	0.00880857583991209
29103	0	115	0	91	0.000645058483781806
29103	0	205	1	119438	0.000645058483781806
29103	476	347	2	448725	0.000645058483781806
29103	871	550	3	1010128	0.000645058483781806
29103	1086	794	4	1741684	0.000645058483781806
29103	1133	1037	5	2160051	0.000645058483781806
29103	1190	1238	6	2413590	0.000645058483781806
29103	1252	1378	7	2551932	0.000645058483781806
29103	1357	1467	8	2779620	0.000645058483781806
29103	1435	1518	9	2946018	0.000645058483781806
29103	1465	1546	10	3058036	0.000645058483781806
29103	1490	1562	11	3130300	0.000645058483781806
29103	1511	1570	12	3258083	0.000645058483781806
29103	1532	1575	13	3339081	0.000645058483781806
29103	1548	1577	14	3384105	0.000645058483781806
29103	1560	1578	15	3411837	0.000645058483781806
29103	1578	1579	16	3440140	0.000645058483781806
29103	1586	1579	17	3460476	0.000645058483781806
29105	0	1001	0	91	0.00582051634658688
29105	487	1625	1	119438	0.00582051634658688
29105	1705	2560	2	448725	0.00582051634658688
29105	4133	3865	3	1010128	0.00582051634658688
29105	6605	5513	4	1741684	0.00582051634658688
29105	7746	7350	5	2160051	0.00582051634658688
29105	8443	9134	6	2413590	0.00582051634658688
29105	9228	10650	7	2551932	0.00582051634658688
29105	10781	11798	8	2779620	0.00582051634658688
29105	11622	12594	9	2946018	0.00582051634658688
29105	12070	13112	10	3058036	0.00582051634658688
29105	12287	13437	11	3130300	0.00582051634658688
29105	12551	13635	12	3258083	0.00582051634658688
29105	13126	13754	13	3339081	0.00582051634658688
29105	13273	13824	14	3384105	0.00582051634658688
29105	13343	13866	15	3411837	0.00582051634658688
29105	13398	13890	16	3440140	0.00582051634658688
29105	13465	13905	17	3460476	0.00582051634658688
29107	0	264	0	91	0.00532926822115062
29107	477	482	1	119438	0.00532926822115062
29107	2331	870	2	448725	0.00532926822115062
29107	5135	1537	3	1010128	0.00532926822115062
29107	8371	2622	4	1741684	0.00532926822115062
29107	9898	4234	5	2160051	0.00532926822115062
29107	10729	6336	6	2413590	0.00532926822115062
29107	11224	8653	7	2551932	0.00532926822115062
29107	12358	10780	8	2779620	0.00532926822115062
29107	13087	12429	9	2946018	0.00532926822115062
29107	13583	13547	10	3058036	0.00532926822115062
29107	13909	14238	11	3130300	0.00532926822115062
29107	14340	14641	12	3258083	0.00532926822115062
29107	14641	14868	13	3339081	0.00532926822115062
29107	14810	14993	14	3384105	0.00532926822115062
29107	14870	15062	15	3411837	0.00532926822115062
29107	14959	15099	16	3440140	0.00532926822115062
29107	15021	15119	17	3460476	0.00532926822115062
29109	0	1409	0	91	0.00624936048129607
29109	290	2187	1	119438	0.00624936048129607
29109	1126	3289	2	448725	0.00624936048129607
29109	3524	4736	3	1010128	0.00624936048129607
29109	7133	6457	4	1741684	0.00624936048129607
29109	8337	8283	5	2160051	0.00624936048129607
29109	9242	9995	6	2413590	0.00624936048129607
29109	10073	11427	7	2551932	0.00624936048129607
29109	11779	12514	8	2779620	0.00624936048129607
29109	12814	13280	9	2946018	0.00624936048129607
29109	13251	13792	10	3058036	0.00624936048129607
29109	13545	14121	11	3130300	0.00624936048129607
29109	13985	14329	12	3258083	0.00624936048129607
29109	14206	14458	13	3339081	0.00624936048129607
29109	14358	14537	14	3384105	0.00624936048129607
29109	14482	14586	15	3411837	0.00624936048129607
29109	14584	14615	16	3440140	0.00624936048129607
29109	14647	14633	17	3460476	0.00624936048129607
29111	0	113	0	91	0.00159284964320559
29111	0	213	1	119438	0.00159284964320559
29111	809	391	2	448725	0.00159284964320559
29111	1585	690	3	1010128	0.00159284964320559
29111	1998	1140	4	1741684	0.00159284964320559
29111	2318	1722	5	2160051	0.00159284964320559
29111	2511	2338	6	2413590	0.00159284964320559
29111	2658	2868	7	2551932	0.00159284964320559
29111	2825	3249	8	2779620	0.00159284964320559
29111	2973	3489	9	2946018	0.00159284964320559
29111	3064	3627	10	3058036	0.00159284964320559
29111	3135	3703	11	3130300	0.00159284964320559
29111	3198	3743	12	3258083	0.00159284964320559
29111	3254	3764	13	3339081	0.00159284964320559
29111	3274	3775	14	3384105	0.00159284964320559
29111	3302	3781	15	3411837	0.00159284964320559
29111	3327	3784	16	3440140	0.00159284964320559
29111	3356	3786	17	3460476	0.00159284964320559
29113	0	467	0	91	0.00961526554771803
29113	554	843	1	119438	0.00961526554771803
29113	3434	1503	2	448725	0.00961526554771803
29113	5687	2622	3	1010128	0.00961526554771803
29113	10795	4420	4	1741684	0.00961526554771803
29113	14382	7060	5	2160051	0.00961526554771803
29113	15980	10475	6	2413590	0.00961526554771803
29113	16978	14230	7	2551932	0.00961526554771803
29113	18732	17691	8	2779620	0.00961526554771803
29113	20058	20398	9	2946018	0.00961526554771803
29113	20867	22256	10	3058036	0.00961526554771803
29113	21351	23419	11	3130300	0.00961526554771803
29113	21999	24107	12	3258083	0.00961526554771803
29113	22448	24500	13	3339081	0.00961526554771803
29113	22790	24720	14	3384105	0.00961526554771803
29113	22932	24841	15	3411837	0.00961526554771803
29113	23094	24908	16	3440140	0.00961526554771803
29113	23226	24945	17	3460476	0.00961526554771803
29115	0	156	0	91	0.00194218164351582
29115	86	282	1	119438	0.00194218164351582
29115	1575	502	2	448725	0.00194218164351582
29115	2368	863	3	1010128	0.00194218164351582
29115	3264	1408	4	1741684	0.00194218164351582
29115	3589	2133	5	2160051	0.00194218164351582
29115	3946	2949	6	2413590	0.00194218164351582
29115	4307	3715	7	2551932	0.00194218164351582
29115	4616	4317	8	2779620	0.00194218164351582
29115	4886	4730	9	2946018	0.00194218164351582
29115	5023	4987	10	3058036	0.00194218164351582
29115	5105	5137	11	3130300	0.00194218164351582
29115	5225	5222	12	3258083	0.00194218164351582
29115	5349	5268	13	3339081	0.00194218164351582
29115	5424	5294	14	3384105	0.00194218164351582
29115	5477	5307	15	3411837	0.00194218164351582
29115	5525	5315	16	3440140	0.00194218164351582
29115	5552	5319	17	3460476	0.00194218164351582
29117	0	195	0	91	0.00248100670183015
29117	120	372	1	119438	0.00248100670183015
29117	1022	691	2	448725	0.00248100670183015
29117	3031	1231	3	1010128	0.00248100670183015
29117	3843	2045	4	1741684	0.00248100670183015
29117	4563	3083	5	2160051	0.00248100670183015
29117	4969	4157	6	2413590	0.00248100670183015
29117	5289	5055	7	2551932	0.00248100670183015
29117	5621	5679	8	2779620	0.00248100670183015
29117	5879	6061	9	2946018	0.00248100670183015
29117	6121	6275	10	3058036	0.00248100670183015
29117	6215	6391	11	3130300	0.00248100670183015
29117	6371	6451	12	3258083	0.00248100670183015
29117	6434	6482	13	3339081	0.00248100670183015
29117	6487	6498	14	3384105	0.00248100670183015
29117	6513	6506	15	3411837	0.00248100670183015
29117	6550	6510	16	3440140	0.00248100670183015
29117	6574	6513	17	3460476	0.00248100670183015
29119	0	626	0	91	0.00372093978128949
29119	112	911	1	119438	0.00372093978128949
29119	890	1304	2	448725	0.00372093978128949
29119	2140	1825	3	1010128	0.00372093978128949
29119	2992	2481	4	1741684	0.00372093978128949
29119	3531	3255	5	2160051	0.00372093978128949
29119	3996	4101	6	2413590	0.00372093978128949
29119	4379	4952	7	2551932	0.00372093978128949
29119	5128	5740	8	2779620	0.00372093978128949
29119	5995	6416	9	2946018	0.00372093978128949
29119	6565	6957	10	3058036	0.00372093978128949
29119	6776	7369	11	3130300	0.00372093978128949
29119	7011	7669	12	3258083	0.00372093978128949
29119	7226	7882	13	3339081	0.00372093978128949
29119	7431	8029	14	3384105	0.00372093978128949
29119	7501	8129	15	3411837	0.00372093978128949
29119	7547	8197	16	3440140	0.00372093978128949
29119	7618	8242	17	3460476	0.00372093978128949
29121	0	406	0	91	0.00246308388465005
29121	125	692	1	119438	0.00246308388465005
29121	1132	1139	2	448725	0.00246308388465005
29121	2450	1783	3	1010128	0.00246308388465005
29121	3530	2604	4	1741684	0.00246308388465005
29121	4026	3504	5	2160051	0.00246308388465005
29121	4281	4341	6	2413590	0.00246308388465005
29121	4584	5010	7	2551932	0.00246308388465005
29121	5077	5481	8	2779620	0.00246308388465005
29121	5413	5784	9	2946018	0.00246308388465005
29121	5588	5968	10	3058036	0.00246308388465005
29121	5657	6076	11	3130300	0.00246308388465005
29121	5803	6138	12	3258083	0.00246308388465005
29121	5929	6174	13	3339081	0.00246308388465005
29121	6005	6193	14	3384105	0.00246308388465005
29121	6042	6205	15	3411837	0.00246308388465005
29121	6134	6211	16	3440140	0.00246308388465005
29121	6165	6214	17	3460476	0.00246308388465005
29123	0	158	0	91	0.00196955467339087
29123	133	268	1	119438	0.00196955467339087
29123	728	447	2	448725	0.00196955467339087
29123	1436	729	3	1010128	0.00196955467339087
29123	2302	1142	4	1741684	0.00196955467339087
29123	2743	1696	5	2160051	0.00196955467339087
29123	2979	2351	6	2413590	0.00196955467339087
29123	3195	3024	7	2551932	0.00196955467339087
29123	3530	3619	8	2779620	0.00196955467339087
29123	3968	4081	9	2946018	0.00196955467339087
29123	4231	4405	10	3058036	0.00196955467339087
29123	4331	4615	11	3130300	0.00196955467339087
29123	4484	4746	12	3258083	0.00196955467339087
29123	4650	4825	13	3339081	0.00196955467339087
29123	4714	4871	14	3384105	0.00196955467339087
29123	4768	4898	15	3411837	0.00196955467339087
29123	4806	4914	16	3440140	0.00196955467339087
29123	4829	4923	17	3460476	0.00196955467339087
29125	0	265	0	91	0.00141704310013902
29125	98	408	1	119438	0.00141704310013902
29125	592	613	2	448725	0.00141704310013902
29125	1228	893	3	1010128	0.00141704310013902
29125	1813	1248	4	1741684	0.00141704310013902
29125	2116	1660	5	2160051	0.00141704310013902
29125	2264	2089	6	2413590	0.00141704310013902
29125	2398	2490	7	2551932	0.00141704310013902
29125	2717	2828	8	2779620	0.00141704310013902
29125	2918	3090	9	2946018	0.00141704310013902
29125	3041	3279	10	3058036	0.00141704310013902
29125	3099	3409	11	3130300	0.00141704310013902
29125	3181	3495	12	3258083	0.00141704310013902
29125	3729	3551	13	3339081	0.00141704310013902
29125	3774	3587	14	3384105	0.00141704310013902
29125	3804	3610	15	3411837	0.00141704310013902
29125	3821	3624	16	3440140	0.00141704310013902
29125	3834	3633	17	3460476	0.00141704310013902
29127	0	725	0	91	0.00464852703771026
29127	171	1270	1	119438	0.00464852703771026
29127	3137	2147	2	448725	0.00464852703771026
29127	4656	3440	3	1010128	0.00464852703771026
29127	7271	5113	4	1741684	0.00464852703771026
29127	8381	6949	5	2160051	0.00464852703771026
29127	8850	8635	6	2413590	0.00464852703771026
29127	9267	9947	7	2551932	0.00464852703771026
29127	10097	10843	8	2779620	0.00464852703771026
29127	10711	11400	9	2946018	0.00464852703771026
29127	10932	11728	10	3058036	0.00464852703771026
29127	11072	11915	11	3130300	0.00464852703771026
29127	11425	12018	12	3258083	0.00464852703771026
29127	11660	12076	13	3339081	0.00464852703771026
29127	11788	12107	14	3384105	0.00464852703771026
29127	11895	12124	15	3411837	0.00464852703771026
29127	12010	12133	16	3440140	0.00464852703771026
29127	12087	12138	17	3460476	0.00464852703771026
29129	0	52	0	91	0.000589334815821872
29129	0	97	1	119438	0.000589334815821872
29129	109	177	2	448725	0.000589334815821872
29129	647	305	3	1010128	0.000589334815821872
29129	812	486	4	1741684	0.000589334815821872
29129	880	702	5	2160051	0.000589334815821872
29129	929	909	6	2413590	0.000589334815821872
29129	972	1073	7	2551932	0.000589334815821872
29129	1032	1182	8	2779620	0.000589334815821872
29129	1108	1248	9	2946018	0.000589334815821872
29129	1159	1285	10	3058036	0.000589334815821872
29129	1177	1305	11	3130300	0.000589334815821872
29129	1216	1315	12	3258083	0.000589334815821872
29129	1231	1320	13	3339081	0.000589334815821872
29129	1263	1323	14	3384105	0.000589334815821872
29129	1290	1325	15	3411837	0.000589334815821872
29129	1295	1325	16	3440140	0.000589334815821872
29129	1302	1326	17	3460476	0.000589334815821872
29131	0	694	0	91	0.00417422412124427
29131	274	1121	1	119438	0.00417422412124427
29131	1220	1759	2	448725	0.00417422412124427
29131	3029	2643	3	1010128	0.00417422412124427
29131	4180	3757	4	1741684	0.00417422412124427
29131	5059	4998	5	2160051	0.00417422412124427
29131	5491	6206	6	2413590	0.00417422412124427
29131	5894	7237	7	2551932	0.00417422412124427
29131	6802	8022	8	2779620	0.00417422412124427
29131	7498	8570	9	2946018	0.00417422412124427
29131	7748	8929	10	3058036	0.00417422412124427
29131	7903	9155	11	3130300	0.00417422412124427
29131	8093	9294	12	3258083	0.00417422412124427
29131	8388	9377	13	3339081	0.00417422412124427
29131	8476	9427	14	3384105	0.00417422412124427
29131	8527	9457	15	3411837	0.00417422412124427
29131	8587	9475	16	3440140	0.00417422412124427
29131	8617	9485	17	3460476	0.00417422412124427
29133	0	468	0	91	0.00214747936757873
29133	84	745	1	119438	0.00214747936757873
29133	862	1148	2	448725	0.00214747936757873
29133	2233	1692	3	1010128	0.00214747936757873
29133	3239	2355	4	1741684	0.00214747936757873
29133	3788	3069	5	2160051	0.00214747936757873
29133	4033	3744	6	2413590	0.00214747936757873
29133	4193	4306	7	2551932	0.00214747936757873
29133	4433	4728	8	2779620	0.00214747936757873
29133	4851	5021	9	2946018	0.00214747936757873
29133	5244	5212	10	3058036	0.00214747936757873
29133	5356	5333	11	3130300	0.00214747936757873
29133	5459	5408	12	3258083	0.00214747936757873
29133	5583	5453	13	3339081	0.00214747936757873
29133	5624	5480	14	3384105	0.00214747936757873
29133	5653	5497	15	3411837	0.00214747936757873
29133	5677	5506	16	3440140	0.00214747936757873
29133	5692	5512	17	3460476	0.00214747936757873
29135	0	325	0	91	0.00262846260681184
29135	157	532	1	119438	0.00262846260681184
29135	1233	852	2	448725	0.00262846260681184
29135	2286	1321	3	1010128	0.00262846260681184
29135	3394	1954	4	1741684	0.00262846260681184
29135	3745	2727	5	2160051	0.00262846260681184
29135	3980	3556	6	2413590	0.00262846260681184
29135	4192	4333	7	2551932	0.00262846260681184
29135	4734	4974	8	2779620	0.00262846260681184
29135	5173	5450	9	2946018	0.00262846260681184
29135	5333	5776	10	3058036	0.00262846260681184
29135	5436	5987	11	3130300	0.00262846260681184
29135	5564	6119	12	3258083	0.00262846260681184
29135	5667	6200	13	3339081	0.00262846260681184
29135	5732	6248	14	3384105	0.00262846260681184
29135	5767	6277	15	3411837	0.00262846260681184
29135	5797	6295	16	3440140	0.00262846260681184
29135	5820	6305	17	3460476	0.00262846260681184
29137	0	114	0	91	0.00140840756095224
29137	69	211	1	119438	0.00140840756095224
29137	992	383	2	448725	0.00140840756095224
29137	1664	667	3	1010128	0.00140840756095224
29137	2382	1093	4	1741684	0.00140840756095224
29137	2677	1646	5	2160051	0.00140840756095224
29137	2822	2242	6	2413590	0.00140840756095224
29137	2945	2769	7	2551932	0.00140840756095224
29137	3178	3160	8	2779620	0.00140840756095224
29137	3402	3413	9	2946018	0.00140840756095224
29137	3482	3563	10	3058036	0.00140840756095224
29137	3545	3647	11	3130300	0.00140840756095224
29137	3658	3693	12	3258083	0.00140840756095224
29137	3728	3718	13	3339081	0.00140840756095224
29137	3782	3731	14	3384105	0.00140840756095224
29137	3811	3738	15	3411837	0.00140840756095224
29137	3843	3741	16	3440140	0.00140840756095224
29137	3862	3743	17	3460476	0.00140840756095224
29139	0	335	0	91	0.00188205873861168
29139	139	569	1	119438	0.00188205873861168
29139	1072	936	2	448725	0.00188205873861168
29139	2070	1464	3	1010128	0.00188205873861168
29139	3049	2143	4	1741684	0.00188205873861168
29139	3741	2893	5	2160051	0.00188205873861168
29139	4016	3600	6	2413590	0.00188205873861168
29139	4209	4170	7	2551932	0.00188205873861168
29139	4647	4577	8	2779620	0.00188205873861168
29139	5021	4841	9	2946018	0.00188205873861168
29139	5177	5003	10	3058036	0.00188205873861168
29139	5265	5099	11	3130300	0.00188205873861168
29139	5412	5154	12	3258083	0.00188205873861168
29139	5496	5185	13	3339081	0.00188205873861168
29139	5563	5203	14	3384105	0.00188205873861168
29139	5591	5213	15	3411837	0.00188205873861168
29139	5634	5219	16	3440140	0.00188205873861168
29139	5677	5222	17	3460476	0.00188205873861168
29141	0	540	0	91	0.00336085409067121
29141	187	939	1	119438	0.00336085409067121
29141	1149	1570	2	448725	0.00336085409067121
29141	3401	2480	3	1010128	0.00336085409067121
29141	4566	3624	4	1741684	0.00336085409067121
29141	5233	4840	5	2160051	0.00336085409067121
29141	5556	5924	6	2413590	0.00336085409067121
29141	5878	6747	7	2551932	0.00336085409067121
29141	6381	7300	8	2779620	0.00336085409067121
29141	6912	7641	9	2946018	0.00336085409067121
29141	7096	7840	10	3058036	0.00336085409067121
29141	7212	7954	11	3130300	0.00336085409067121
29141	7365	8017	12	3258083	0.00336085409067121
29141	7450	8052	13	3339081	0.00336085409067121
29141	7504	8071	14	3384105	0.00336085409067121
29141	7554	8081	15	3411837	0.00336085409067121
29141	7618	8087	16	3440140	0.00336085409067121
29141	7655	8090	17	3460476	0.00336085409067121
29143	0	558	0	91	0.00278227296515739
29143	0	855	1	119438	0.00278227296515739
29143	1028	1275	2	448725	0.00278227296515739
29143	2182	1834	3	1010128	0.00278227296515739
29143	3165	2516	4	1741684	0.00278227296515739
29143	3515	3270	5	2160051	0.00278227296515739
29143	3733	4016	6	2413590	0.00278227296515739
29143	3926	4676	7	2551932	0.00278227296515739
29143	4352	5207	8	2779620	0.00278227296515739
29143	4870	5600	9	2946018	0.00278227296515739
29143	5174	5876	10	3058036	0.00278227296515739
29143	5310	6060	11	3130300	0.00278227296515739
29143	5446	6180	12	3258083	0.00278227296515739
29143	5568	6257	13	3339081	0.00278227296515739
29143	5633	6306	14	3384105	0.00278227296515739
29143	5712	6336	15	3411837	0.00278227296515739
29143	5743	6355	16	3440140	0.00278227296515739
29143	5782	6367	17	3460476	0.00278227296515739
29145	0	421	0	91	0.0094886652845459
29145	442	727	1	119438	0.0094886652845459
29145	1607	1243	2	448725	0.0094886652845459
29145	4615	2088	3	1010128	0.0094886652845459
29145	7377	3403	4	1741684	0.0094886652845459
29145	8695	5309	5	2160051	0.0094886652845459
29145	9588	7793	6	2413590	0.0094886652845459
29145	10444	10625	7	2551932	0.0094886652845459
29145	11866	13398	8	2779620	0.0094886652845459
29145	13058	15736	9	2946018	0.0094886652845459
29145	13592	17472	10	3058036	0.0094886652845459
29145	13899	18643	11	3130300	0.0094886652845459
29145	14352	19384	12	3258083	0.0094886652845459
29145	14635	19832	13	3339081	0.0094886652845459
29145	14835	20097	14	3384105	0.0094886652845459
29145	14974	20250	15	3411837	0.0094886652845459
29145	15090	20339	16	3440140	0.0094886652845459
29145	15159	20390	17	3460476	0.0094886652845459
29147	0	357	0	91	0.00359955342856975
29147	313	677	1	119438	0.00359955342856975
29147	2424	1249	2	448725	0.00359955342856975
29147	3924	2197	3	1010128	0.00359955342856975
29147	6140	3593	4	1741684	0.00359955342856975
29147	7316	5321	5	2160051	0.00359955342856975
29147	7824	7056	6	2413590	0.00359955342856975
29147	8153	8469	7	2551932	0.00359955342856975
29147	8828	9436	8	2779620	0.00359955342856975
29147	9533	10020	9	2946018	0.00359955342856975
29147	9804	10348	10	3058036	0.00359955342856975
29147	9946	10524	11	3130300	0.00359955342856975
29147	10276	10617	12	3258083	0.00359955342856975
29147	10551	10665	13	3339081	0.00359955342856975
29147	10729	10689	14	3384105	0.00359955342856975
29147	10794	10702	15	3411837	0.00359955342856975
29147	10844	10708	16	3440140	0.00359955342856975
29147	10890	10712	17	3460476	0.00359955342856975
29149	0	123	0	91	0.00171553947353843
29149	68	214	1	119438	0.00171553947353843
29149	230	366	2	448725	0.00171553947353843
29149	1099	607	3	1010128	0.00171553947353843
29149	1669	963	4	1741684	0.00171553947353843
29149	1915	1435	5	2160051	0.00171553947353843
29149	2041	1980	6	2413590	0.00171553947353843
29149	2190	2518	7	2551932	0.00171553947353843
29149	2577	2970	8	2779620	0.00171553947353843
29149	2842	3303	9	2946018	0.00171553947353843
29149	2957	3525	10	3058036	0.00171553947353843
29149	3035	3663	11	3130300	0.00171553947353843
29149	3137	3745	12	3258083	0.00171553947353843
29149	3211	3793	13	3339081	0.00171553947353843
29149	3241	3820	14	3384105	0.00171553947353843
29149	3268	3836	15	3411837	0.00171553947353843
29149	3297	3845	16	3440140	0.00171553947353843
29149	3308	3850	17	3460476	0.00171553947353843
29151	0	213	0	91	0.00221835596279093
29151	113	373	1	119438	0.00221835596279093
29151	968	638	2	448725	0.00221835596279093
29151	2022	1053	3	1010128	0.00221835596279093
29151	2933	1649	4	1741684	0.00221835596279093
29151	3510	2402	5	2160051	0.00221835596279093
29151	3700	3218	6	2413590	0.00221835596279093
29151	3898	3965	7	2551932	0.00221835596279093
29151	4424	4551	8	2779620	0.00221835596279093
29151	4822	4958	9	2946018	0.00221835596279093
29151	4988	5216	10	3058036	0.00221835596279093
29151	5104	5371	11	3130300	0.00221835596279093
29151	5206	5462	12	3258083	0.00221835596279093
29151	5295	5513	13	3339081	0.00221835596279093
29151	5359	5542	14	3384105	0.00221835596279093
29151	5395	5558	15	3411837	0.00221835596279093
29151	5412	5567	16	3440140	0.00221835596279093
29151	5431	5572	17	3460476	0.00221835596279093
29153	0	242	0	91	0.00149476295281998
29153	71	391	1	119438	0.00149476295281998
29153	171	613	2	448725	0.00149476295281998
29153	868	922	3	1010128	0.00149476295281998
29153	1297	1311	4	1741684	0.00149476295281998
29153	1624	1741	5	2160051	0.00149476295281998
29153	1750	2158	6	2413590	0.00149476295281998
29153	1909	2512	7	2551932	0.00149476295281998
29153	2262	2780	8	2779620	0.00149476295281998
29153	2484	2965	9	2946018	0.00149476295281998
29153	2593	3087	10	3058036	0.00149476295281998
29153	2671	3163	11	3130300	0.00149476295281998
29153	2751	3209	12	3258083	0.00149476295281998
29153	2809	3237	13	3339081	0.00149476295281998
29153	2837	3254	14	3384105	0.00149476295281998
29153	2867	3263	15	3411837	0.00149476295281998
29153	2902	3269	16	3440140	0.00149476295281998
29153	2926	3273	17	3460476	0.00149476295281998
29155	0	456	0	91	0.00257518295937647
29155	94	675	1	119438	0.00257518295937647
29155	641	979	2	448725	0.00257518295937647
29155	1591	1386	3	1010128	0.00257518295937647
29155	2098	1897	4	1741684	0.00257518295937647
29155	2453	2494	5	2160051	0.00257518295937647
29155	2706	3134	6	2413590	0.00257518295937647
29155	2885	3761	7	2551932	0.00257518295937647
29155	3255	4322	8	2779620	0.00257518295937647
29155	3762	4786	9	2946018	0.00257518295937647
29155	4184	5144	10	3058036	0.00257518295937647
29155	4445	5407	11	3130300	0.00257518295937647
29155	4642	5592	12	3258083	0.00257518295937647
29155	4776	5720	13	3339081	0.00257518295937647
29155	4872	5805	14	3384105	0.00257518295937647
29155	4935	5862	15	3411837	0.00257518295937647
29155	4981	5900	16	3440140	0.00257518295937647
29155	5016	5925	17	3460476	0.00257518295937647
29157	0	378	0	91	0.00311791845053009
29157	211	665	1	119438	0.00311791845053009
29157	1871	1137	2	448725	0.00311791845053009
29157	2765	1858	3	1010128	0.00311791845053009
29157	4145	2846	4	1741684	0.00311791845053009
29157	4863	4012	5	2160051	0.00311791845053009
29157	5166	5170	6	2413590	0.00311791845053009
29157	5450	6141	7	2551932	0.00311791845053009
29157	6035	6843	8	2779620	0.00311791845053009
29157	6602	7300	9	2946018	0.00311791845053009
29157	6999	7576	10	3058036	0.00311791845053009
29157	7108	7737	11	3130300	0.00311791845053009
29157	7298	7827	12	3258083	0.00311791845053009
29157	7419	7878	13	3339081	0.00311791845053009
29157	7506	7906	14	3384105	0.00311791845053009
29157	7568	7921	15	3411837	0.00311791845053009
29157	7595	7929	16	3440140	0.00311791845053009
29157	7615	7934	17	3460476	0.00311791845053009
29159	0	1472	0	91	0.00689849233261881
29159	541	2285	1	119438	0.00689849233261881
29159	4473	3453	2	448725	0.00689849233261881
29159	7068	5026	3	1010128	0.00689849233261881
29159	10018	6969	4	1741684	0.00689849233261881
29159	11554	9129	5	2160051	0.00689849233261881
29159	12272	11269	6	2413590	0.00689849233261881
29159	13010	13157	7	2551932	0.00689849233261881
29159	14392	14661	8	2779620	0.00689849233261881
29159	15587	15764	9	2946018	0.00689849233261881
29159	16314	16525	10	3058036	0.00689849233261881
29159	16680	17029	11	3130300	0.00689849233261881
29159	17185	17353	12	3258083	0.00689849233261881
29159	17554	17557	13	3339081	0.00689849233261881
29159	17823	17685	14	3384105	0.00689849233261881
29159	17987	17764	15	3411837	0.00689849233261881
29159	18131	17812	16	3440140	0.00689849233261881
29159	18218	17842	17	3460476	0.00689849233261881
29161	0	998	0	91	0.00726248845607639
29161	1065	1728	1	119438	0.00726248845607639
29161	3435	2909	2	448725	0.00726248845607639
29161	6786	4691	3	1010128	0.00726248845607639
29161	10690	7113	4	1741684	0.00726248845607639
29161	12759	9975	5	2160051	0.00726248845607639
29161	13790	12848	6	2413590	0.00726248845607639
29161	14510	15297	7	2551932	0.00726248845607639
29161	16072	17108	8	2779620	0.00726248845607639
29161	17061	18314	9	2946018	0.00726248845607639
29161	17648	19060	10	3058036	0.00726248845607639
29161	17986	19502	11	3130300	0.00726248845607639
29161	18616	19756	12	3258083	0.00726248845607639
29161	19002	19901	13	3339081	0.00726248845607639
29161	19226	19982	14	3384105	0.00726248845607639
29161	19418	20027	15	3411837	0.00726248845607639
29161	19559	20052	16	3440140	0.00726248845607639
29161	19652	20066	17	3460476	0.00726248845607639
29163	0	452	0	91	0.00298203090936464
29163	72	781	1	119438	0.00298203090936464
29163	1062	1305	2	448725	0.00298203090936464
29163	2665	2070	3	1010128	0.00298203090936464
29163	3710	3056	4	1741684	0.00298203090936464
29163	4600	4143	5	2160051	0.00298203090936464
29163	4914	5153	6	2413590	0.00298203090936464
29163	5208	5952	7	2551932	0.00298203090936464
29163	5648	6507	8	2779620	0.00298203090936464
29163	6137	6860	9	2946018	0.00298203090936464
29163	6345	7071	10	3058036	0.00298203090936464
29163	6447	7193	11	3130300	0.00298203090936464
29163	6601	7262	12	3258083	0.00298203090936464
29163	6716	7300	13	3339081	0.00298203090936464
29163	6772	7322	14	3384105	0.00298203090936464
29163	6829	7334	15	3411837	0.00298203090936464
29163	6865	7340	16	3440140	0.00298203090936464
29163	6901	7344	17	3460476	0.00298203090936464
29165	0	759	0	91	0.0170133156755566
29165	1890	1491	1	119438	0.0170133156755566
29165	6339	2892	2	448725	0.0170133156755566
29165	17269	5488	3	1010128	0.0170133156755566
29165	29952	10007	4	1741684	0.0170133156755566
29165	37229	17087	5	2160051	0.0170133156755566
29165	41703	26528	6	2413590	0.0170133156755566
29165	43838	36743	7	2551932	0.0170133156755566
29165	47243	45571	8	2779620	0.0170133156755566
29165	50086	51837	9	2946018	0.0170133156755566
29165	51929	55689	10	3058036	0.0170133156755566
29165	53068	57852	11	3130300	0.0170133156755566
29165	55941	59005	12	3258083	0.0170133156755566
29165	57857	59602	13	3339081	0.0170133156755566
29165	58667	59908	14	3384105	0.0170133156755566
29165	59006	60062	15	3411837	0.0170133156755566
29165	59587	60141	16	3440140	0.0170133156755566
29165	59973	60180	17	3460476	0.0170133156755566
29167	0	620	0	91	0.00523818772293541
29167	505	1029	1	119438	0.00523818772293541
29167	1876	1672	2	448725	0.00523818772293541
29167	3522	2631	3	1010128	0.00523818772293541
29167	6488	3953	4	1741684	0.00523818772293541
29167	7235	5590	5	2160051	0.00523818772293541
29167	8451	7370	6	2413590	0.00523818772293541
29167	9207	9050	7	2551932	0.00523818772293541
29167	10448	10437	8	2779620	0.00523818772293541
29167	11155	11462	9	2946018	0.00523818772293541
29167	11517	12158	10	3058036	0.00523818772293541
29167	11745	12605	11	3130300	0.00523818772293541
29167	12048	12881	12	3258083	0.00523818772293541
29167	12281	13047	13	3339081	0.00523818772293541
29167	12389	13146	14	3384105	0.00523818772293541
29167	12460	13205	15	3411837	0.00523818772293541
29167	12526	13239	16	3440140	0.00523818772293541
29167	12587	13259	17	3460476	0.00523818772293541
29169	0	1293	0	91	0.00857150584902992
29169	341	2223	1	119438	0.00857150584902992
29169	4580	3722	2	448725	0.00857150584902992
29169	8717	5979	3	1010128	0.00857150584902992
29169	11338	9051	4	1741684	0.00857150584902992
29169	12546	12708	5	2160051	0.00857150584902992
29169	14974	16424	6	2413590	0.00857150584902992
29169	18828	19639	7	2551932	0.00857150584902992
29169	23804	22056	8	2779620	0.00857150584902992
29169	28341	23689	9	2946018	0.00857150584902992
29169	29176	24713	10	3058036	0.00857150584902992
29169	29657	25327	11	3130300	0.00857150584902992
29169	30176	25683	12	3258083	0.00857150584902992
29169	25761	25888	13	3339081	0.00857150584902992
29169	26414	26003	14	3384105	0.00857150584902992
29169	26695	26069	15	3411837	0.00857150584902992
29169	26981	26105	16	3440140	0.00857150584902992
29169	27173	26126	17	3460476	0.00857150584902992
29171	0	134	0	91	0.000765141358888446
29171	0	223	1	119438	0.000765141358888446
29171	213	357	2	448725	0.000765141358888446
29171	696	543	3	1010128	0.000765141358888446
29171	925	770	4	1741684	0.000765141358888446
29171	1040	1009	5	2160051	0.000765141358888446
29171	1104	1224	6	2413590	0.000765141358888446
29171	1148	1393	7	2551932	0.000765141358888446
29171	1273	1511	8	2779620	0.000765141358888446
29171	1367	1587	9	2946018	0.000765141358888446
29171	1424	1633	10	3058036	0.000765141358888446
29171	1463	1661	11	3130300	0.000765141358888446
29171	1504	1677	12	3258083	0.000765141358888446
29171	1533	1687	13	3339081	0.000765141358888446
29171	1550	1692	14	3384105	0.000765141358888446
29171	1558	1695	15	3411837	0.000765141358888446
29171	1589	1697	16	3440140	0.000765141358888446
29171	1612	1698	17	3460476	0.000765141358888446
29173	0	163	0	91	0.00167969383917824
29173	0	309	1	119438	0.00167969383917824
29173	754	567	2	448725	0.00167969383917824
29173	1176	978	3	1010128	0.00167969383917824
29173	1830	1543	4	1741684	0.00167969383917824
29173	2057	2178	5	2160051	0.00167969383917824
29173	2167	2749	6	2413590	0.00167969383917824
29173	2239	3168	7	2551932	0.00167969383917824
29173	2467	3432	8	2779620	0.00167969383917824
29173	2630	3583	9	2946018	0.00167969383917824
29173	2685	3664	10	3058036	0.00167969383917824
29173	2730	3706	11	3130300	0.00167969383917824
29173	2805	3728	12	3258083	0.00167969383917824
29173	2865	3739	13	3339081	0.00167969383917824
29173	2888	3745	14	3384105	0.00167969383917824
29173	2912	3748	15	3411837	0.00167969383917824
29173	2942	3749	16	3440140	0.00167969383917824
29173	2956	3750	17	3460476	0.00167969383917824
29175	0	581	0	91	0.00403230799611824
29175	330	959	1	119438	0.00403230799611824
29175	1131	1544	2	448725	0.00403230799611824
29175	2742	2393	3	1010128	0.00403230799611824
29175	4155	3519	4	1741684	0.00403230799611824
29175	5180	4845	5	2160051	0.00403230799611824
29175	6012	6206	6	2413590	0.00403230799611824
29175	6497	7417	7	2551932	0.00403230799611824
29175	7293	8368	8	2779620	0.00403230799611824
29175	8001	9042	9	2946018	0.00403230799611824
29175	8274	9486	10	3058036	0.00403230799611824
29175	8554	9766	11	3130300	0.00403230799611824
29175	8921	9936	12	3258083	0.00403230799611824
29175	9156	10037	13	3339081	0.00403230799611824
29175	9299	10098	14	3384105	0.00403230799611824
29175	9389	10133	15	3411837	0.00403230799611824
29175	9479	10154	16	3440140	0.00403230799611824
29175	9531	10166	17	3460476	0.00403230799611824
29177	0	171	0	91	0.00375043096228583
29177	309	307	1	119438	0.00375043096228583
29177	1257	546	2	448725	0.00375043096228583
29177	2945	951	3	1010128	0.00375043096228583
29177	4580	1606	4	1741684	0.00375043096228583
29177	5632	2584	5	2160051	0.00375043096228583
29177	6391	3884	6	2413590	0.00375043096228583
29177	6757	5368	7	2551932	0.00375043096228583
29177	7381	6794	8	2779620	0.00375043096228583
29177	7931	7955	9	2946018	0.00375043096228583
29177	8267	8780	10	3058036	0.00375043096228583
29177	8508	9311	11	3130300	0.00375043096228583
29177	8792	9630	12	3258083	0.00375043096228583
29177	8946	9816	13	3339081	0.00375043096228583
29177	9076	9921	14	3384105	0.00375043096228583
29177	9125	9979	15	3411837	0.00375043096228583
29177	9188	10012	16	3440140	0.00375043096228583
29177	9220	10030	17	3460476	0.00375043096228583
29179	0	152	0	91	0.00102160057926545
29179	0	240	1	119438	0.00102160057926545
29179	109	369	2	448725	0.00102160057926545
29179	530	547	3	1010128	0.00102160057926545
29179	704	773	4	1741684	0.00102160057926545
29179	858	1030	5	2160051	0.00102160057926545
29179	957	1291	6	2413590	0.00102160057926545
29179	1050	1526	7	2551932	0.00102160057926545
29179	1217	1714	8	2779620	0.00102160057926545
29179	1368	1853	9	2946018	0.00102160057926545
29179	1468	1949	10	3058036	0.00102160057926545
29179	1526	2012	11	3130300	0.00102160057926545
29179	1580	2052	12	3258083	0.00102160057926545
29179	1627	2077	13	3339081	0.00102160057926545
29179	1669	2093	14	3384105	0.00102160057926545
29179	1688	2102	15	3411837	0.00102160057926545
29179	1708	2108	16	3440140	0.00102160057926545
29179	1717	2112	17	3460476	0.00102160057926545
29181	0	370	0	91	0.00216507631535555
29181	197	581	1	119438	0.00216507631535555
29181	777	886	2	448725	0.00216507631535555
29181	1511	1301	3	1010128	0.00216507631535555
29181	2062	1813	4	1741684	0.00216507631535555
29181	2335	2380	5	2160051	0.00216507631535555
29181	2505	2936	6	2413590	0.00216507631535555
29181	2669	3418	7	2551932	0.00216507631535555
29181	2996	3795	8	2779620	0.00216507631535555
29181	3305	4067	9	2946018	0.00216507631535555
29181	3467	4250	10	3058036	0.00216507631535555
29181	3572	4370	11	3130300	0.00216507631535555
29181	3689	4445	12	3258083	0.00216507631535555
29181	3776	4492	13	3339081	0.00216507631535555
29181	3831	4521	14	3384105	0.00216507631535555
29181	3890	4539	15	3411837	0.00216507631535555
29181	3914	4550	16	3440140	0.00216507631535555
29181	3931	4556	17	3460476	0.00216507631535555
29183	0	3580	0	91	0.0655033346216037
29183	7935	7290	1	119438	0.0655033346216037
29183	27982	14599	2	448725	0.0655033346216037
29183	60698	28311	3	1010128	0.0655033346216037
29183	124505	51827	4	1741684	0.0655033346216037
29183	163042	86560	5	2160051	0.0655033346216037
29183	183087	127996	6	2413590	0.0655033346216037
29183	191927	166500	7	2551932	0.0655033346216037
29183	205258	194808	8	2779620	0.0655033346216037
29183	214898	212240	9	2946018	0.0655033346216037
29183	221223	221829	10	3058036	0.0655033346216037
29183	225779	226779	11	3130300	0.0655033346216037
29183	235529	229250	12	3258083	0.0655033346216037
29183	240929	230463	13	3339081	0.0655033346216037
29183	243698	231053	14	3384105	0.0655033346216037
29183	245116	231340	15	3411837	0.0655033346216037
29183	246672	231478	16	3440140	0.0655033346216037
29183	247870	231545	17	3460476	0.0655033346216037
29185	0	110	0	91	0.00153109739128508
29185	0	198	1	119438	0.00153109739128508
29185	520	348	2	448725	0.00153109739128508
29185	1058	593	3	1010128	0.00153109739128508
29185	1750	959	4	1741684	0.00153109739128508
29185	1966	1445	5	2160051	0.00153109739128508
29185	2203	1993	6	2413590	0.00153109739128508
29185	2365	2510	7	2551932	0.00153109739128508
29185	2663	2923	8	2779620	0.00153109739128508
29185	2855	3209	9	2946018	0.00153109739128508
29185	2960	3389	10	3058036	0.00153109739128508
29185	3018	3496	11	3130300	0.00153109739128508
29185	3114	3556	12	3258083	0.00153109739128508
29185	3163	3590	13	3339081	0.00153109739128508
29185	3208	3609	14	3384105	0.00153109739128508
29185	3228	3619	15	3411837	0.00153109739128508
29185	3241	3625	16	3440140	0.00153109739128508
29185	3253	3628	17	3460476	0.00153109739128508
29186	0	275	0	91	0.00291555355109665
29186	297	529	1	119438	0.00291555355109665
29186	1105	987	2	448725	0.00291555355109665
29186	2854	1754	3	1010128	0.00291555355109665
29186	4327	2883	4	1741684	0.00291555355109665
29186	5402	4267	5	2160051	0.00291555355109665
29186	5821	5630	6	2413590	0.00291555355109665
29186	6117	6711	7	2551932	0.00291555355109665
29186	6567	7430	8	2779620	0.00291555355109665
29186	7135	7854	9	2946018	0.00291555355109665
29186	7416	8087	10	3058036	0.00291555355109665
29186	7566	8210	11	3130300	0.00291555355109665
29186	7762	8273	12	3258083	0.00291555355109665
29186	7880	8305	13	3339081	0.00291555355109665
29186	7971	8322	14	3384105	0.00291555355109665
29186	8021	8330	15	3411837	0.00291555355109665
29186	8048	8334	16	3440140	0.00291555355109665
29186	8075	8336	17	3460476	0.00291555355109665
29187	0	1641	0	91	0.0109516559705466
29187	1212	2765	1	119438	0.0109516559705466
29187	3876	4531	2	448725	0.0109516559705466
29187	9338	7126	3	1010128	0.0109516559705466
29187	14235	10577	4	1741684	0.0109516559705466
29187	17548	14607	5	2160051	0.0109516559705466
29187	19772	18658	6	2413590	0.0109516559705466
29187	21144	22160	7	2551932	0.0109516559705466
29187	22990	24814	8	2779620	0.0109516559705466
29187	24909	26631	9	2946018	0.0109516559705466
29187	26296	27790	10	3058036	0.0109516559705466
29187	26987	28497	11	3130300	0.0109516559705466
29187	27962	28916	12	3258083	0.0109516559705466
29187	28549	29160	13	3339081	0.0109516559705466
29187	28907	29301	14	3384105	0.0109516559705466
29187	29136	29382	15	3411837	0.0109516559705466
29187	29323	29429	16	3440140	0.0109516559705466
29187	29474	29455	17	3460476	0.0109516559705466
29189	0	3560	0	91	0.161990495041245
29189	22987	7215	1	119438	0.161990495041245
29189	79932	14534	2	448725	0.161990495041245
29189	171229	28932	3	1010128	0.161990495041245
29189	307760	56288	4	1741684	0.161990495041245
29189	392706	104983	5	2160051	0.161990495041245
29189	467739	182386	6	2413590	0.161990495041245
29189	488339	285730	7	2551932	0.161990495041245
29189	520873	395728	8	2779620	0.161990495041245
29189	540993	487862	9	2946018	0.161990495041245
29189	557366	550767	10	3058036	0.161990495041245
29189	571614	587957	11	3130300	0.161990495041245
29189	602191	608100	12	3258083	0.161990495041245
29189	617465	618495	13	3339081	0.161990495041245
29189	626003	623725	14	3384105	0.161990495041245
29189	631730	626323	15	3411837	0.161990495041245
29189	637790	627605	16	3440140	0.161990495041245
29189	642417	628237	17	3460476	0.161990495041245
29195	0	725	0	91	0.00370855674396506
29195	350	1185	1	119438	0.00370855674396506
29195	1830	1877	2	448725	0.00370855674396506
29195	4570	2848	3	1010128	0.00370855674396506
29195	6282	4078	4	1741684	0.00370855674396506
29195	7153	5450	5	2160051	0.00370855674396506
29195	7568	6779	6	2413590	0.00370855674396506
29195	7963	7902	7	2551932	0.00370855674396506
29195	8765	8748	8	2779620	0.00370855674396506
29195	9404	9329	9	2946018	0.00370855674396506
29195	9758	9706	10	3058036	0.00370855674396506
29195	9913	9939	11	3130300	0.00370855674396506
29195	10171	10081	12	3258083	0.00370855674396506
29195	10326	10165	13	3339081	0.00370855674396506
29195	10489	10215	14	3384105	0.00370855674396506
29195	10579	10244	15	3411837	0.00370855674396506
29195	10653	10261	16	3440140	0.00370855674396506
29195	10700	10271	17	3460476	0.00370855674396506
29197	0	51	0	91	0.000759275709629506
29197	0	96	1	119438	0.000759275709629506
29197	131	174	2	448725	0.000759275709629506
29197	605	304	3	1010128	0.000759275709629506
29197	761	498	4	1741684	0.000759275709629506
29197	828	744	5	2160051	0.000759275709629506
29197	904	1001	6	2413590	0.000759275709629506
29197	951	1221	7	2551932	0.000759275709629506
29197	1047	1378	8	2779620	0.000759275709629506
29197	1167	1477	9	2946018	0.000759275709629506
29197	1210	1534	10	3058036	0.000759275709629506
29197	1235	1566	11	3130300	0.000759275709629506
29197	1265	1583	12	3258083	0.000759275709629506
29197	1186	1592	13	3339081	0.000759275709629506
29197	1202	1597	14	3384105	0.000759275709629506
29197	1215	1599	15	3411837	0.000759275709629506
29197	1244	1600	16	3440140	0.000759275709629506
29197	1260	1601	17	3460476	0.000759275709629506
29199	0	114	0	91	0.000798705907425716
29199	0	201	1	119438	0.000798705907425716
29199	242	339	2	448725	0.000798705907425716
29199	774	537	3	1010128	0.000798705907425716
29199	827	782	4	1741684	0.000798705907425716
29199	907	1034	5	2160051	0.000798705907425716
29199	948	1251	6	2413590	0.000798705907425716
29199	989	1409	7	2551932	0.000798705907425716
29199	1059	1511	8	2779620	0.000798705907425716
29199	1131	1573	9	2946018	0.000798705907425716
29199	1170	1607	10	3058036	0.000798705907425716
29199	1205	1627	11	3130300	0.000798705907425716
29199	1241	1637	12	3258083	0.000798705907425716
29199	1259	1643	13	3339081	0.000798705907425716
29199	1276	1646	14	3384105	0.000798705907425716
29199	1283	1648	15	3411837	0.000798705907425716
29199	1299	1649	16	3440140	0.000798705907425716
29199	1303	1649	17	3460476	0.000798705907425716
29201	0	1535	0	91	0.00623714037867328
29201	680	2402	1	119438	0.00623714037867328
29201	4617	3635	2	448725	0.00623714037867328
29201	7443	5252	3	1010128	0.00623714037867328
29201	10395	7164	4	1741684	0.00623714037867328
29201	11482	9166	5	2160051	0.00623714037867328
29201	12139	11012	6	2413590	0.00623714037867328
29201	12626	12526	7	2551932	0.00623714037867328
29201	13569	13652	8	2779620	0.00623714037867328
29201	14683	14431	9	2946018	0.00623714037867328
29201	15333	14942	10	3058036	0.00623714037867328
29201	15645	15267	11	3130300	0.00623714037867328
29201	16002	15468	12	3258083	0.00623714037867328
29201	16280	15592	13	3339081	0.00623714037867328
29201	16459	15667	14	3384105	0.00623714037867328
29201	16639	15712	15	3411837	0.00623714037867328
29201	16724	15739	16	3440140	0.00623714037867328
29201	16774	15756	17	3460476	0.00623714037867328
29203	0	198	0	91	0.00133052477356965
29203	0	323	1	119438	0.00133052477356965
29203	162	512	2	448725	0.00133052477356965
29203	621	780	3	1010128	0.00133052477356965
29203	1171	1122	4	1741684	0.00133052477356965
29203	1344	1510	5	2160051	0.00133052477356965
29203	1443	1892	6	2413590	0.00133052477356965
29203	1563	2220	7	2551932	0.00133052477356965
29203	1938	2471	8	2779620	0.00133052477356965
29203	2206	2646	9	2946018	0.00133052477356965
29203	2280	2760	10	3058036	0.00133052477356965
29203	2335	2832	11	3130300	0.00133052477356965
29203	2393	2875	12	3258083	0.00133052477356965
29203	2431	2901	13	3339081	0.00133052477356965
29203	2468	2917	14	3384105	0.00133052477356965
29203	2488	2926	15	3411837	0.00133052477356965
29203	2500	2931	16	3440140	0.00133052477356965
29203	2518	2934	17	3460476	0.00133052477356965
29205	0	88	0	91	0.000966202780708792
29205	0	162	1	119438	0.000966202780708792
29205	866	290	2	448725	0.000966202780708792
29205	1338	498	3	1010128	0.000966202780708792
29205	1755	804	4	1741684	0.000966202780708792
29205	1970	1192	5	2160051	0.000966202780708792
29205	2064	1600	6	2413590	0.000966202780708792
29205	2164	1954	7	2551932	0.000966202780708792
29205	2339	2213	8	2779620	0.000966202780708792
29205	2517	2380	9	2946018	0.000966202780708792
29205	2587	2479	10	3058036	0.000966202780708792
29205	2634	2535	11	3130300	0.000966202780708792
29205	2687	2566	12	3258083	0.000966202780708792
29205	2725	2582	13	3339081	0.000966202780708792
29205	2754	2591	14	3384105	0.000966202780708792
29205	2768	2596	15	3411837	0.000966202780708792
29205	2792	2598	16	3440140	0.000966202780708792
29205	2796	2599	17	3460476	0.000966202780708792
29207	0	434	0	91	0.00472917971502069
29207	334	734	1	119438	0.00472917971502069
29207	2205	1219	2	448725	0.00472917971502069
29207	3998	1966	3	1010128	0.00472917971502069
29207	6098	3036	4	1741684	0.00472917971502069
29207	6971	4419	5	2160051	0.00472917971502069
29207	7533	5987	6	2413590	0.00472917971502069
29207	7912	7524	7	2551932	0.00472917971502069
29207	8904	8827	8	2779620	0.00472917971502069
29207	9940	9804	9	2946018	0.00472917971502069
29207	10501	10470	10	3058036	0.00472917971502069
29207	10732	10896	11	3130300	0.00472917971502069
29207	11050	11157	12	3258083	0.00472917971502069
29207	11240	11313	13	3339081	0.00472917971502069
29207	11391	11405	14	3384105	0.00472917971502069
29207	11471	11458	15	3411837	0.00472917971502069
29207	11556	11489	16	3440140	0.00472917971502069
29207	11618	11507	17	3460476	0.00472917971502069
29209	0	392	0	91	0.00520608958671287
29209	222	745	1	119438	0.00520608958671287
29209	1005	1381	2	448725	0.00520608958671287
29209	4388	2450	3	1010128	0.00520608958671287
29209	7206	4050	4	1741684	0.00520608958671287
29209	8149	6075	5	2160051	0.00520608958671287
29209	8686	8157	6	2413590	0.00520608958671287
29209	9308	9888	7	2551932	0.00520608958671287
29209	10311	11089	8	2779620	0.00520608958671287
29209	10912	11822	9	2946018	0.00520608958671287
29209	11233	12235	10	3058036	0.00520608958671287
29209	11427	12458	11	3130300	0.00520608958671287
29209	11622	12574	12	3258083	0.00520608958671287
29209	11782	12635	13	3339081	0.00520608958671287
29209	11884	12666	14	3384105	0.00520608958671287
29209	11929	12682	15	3411837	0.00520608958671287
29209	12017	12690	16	3440140	0.00520608958671287
29209	12082	12694	17	3460476	0.00520608958671287
29211	0	173	0	91	0.000992109398269112
29211	0	295	1	119438	0.000992109398269112
29211	244	485	2	448725	0.000992109398269112
29211	1034	757	3	1010128	0.000992109398269112
29211	1480	1099	4	1741684	0.000992109398269112
29211	1678	1468	5	2160051	0.000992109398269112
29211	1806	1806	6	2413590	0.000992109398269112
29211	1926	2071	7	2551932	0.000992109398269112
29211	2162	2255	8	2779620	0.000992109398269112
29211	2318	2372	9	2946018	0.000992109398269112
29211	2403	2443	10	3058036	0.000992109398269112
29211	2442	2484	11	3130300	0.000992109398269112
29211	2496	2508	12	3258083	0.000992109398269112
29211	2541	2521	13	3339081	0.000992109398269112
29211	2576	2528	14	3384105	0.000992109398269112
29211	2598	2533	15	3411837	0.000992109398269112
29211	2641	2535	16	3440140	0.000992109398269112
29211	2645	2536	17	3460476	0.000992109398269112
29213	0	1999	0	91	0.00911261199316717
29213	573	3153	1	119438	0.00911261199316717
29213	2077	4817	2	448725	0.00911261199316717
29213	5422	7037	3	1010128	0.00911261199316717
29213	11315	9714	4	1741684	0.00911261199316717
29213	13627	12572	5	2160051	0.00911261199316717
29213	14760	15255	6	2413590	0.00911261199316717
29213	16130	17486	7	2551932	0.00911261199316717
29213	18549	19162	8	2779620	0.00911261199316717
29213	19932	20326	9	2946018	0.00911261199316717
29213	20711	21092	10	3058036	0.00911261199316717
29213	21201	21578	11	3130300	0.00911261199316717
29213	21764	21880	12	3258083	0.00911261199316717
29213	22143	22064	13	3339081	0.00911261199316717
29213	22405	22176	14	3384105	0.00911261199316717
29213	22555	22243	15	3411837	0.00911261199316717
29213	22707	22283	16	3440140	0.00911261199316717
29213	22822	22308	17	3460476	0.00911261199316717
29215	0	943	0	91	0.00413821555218245
29215	120	1442	1	119438	0.00413821555218245
29215	584	2135	2	448725	0.00413821555218245
29215	2538	3024	3	1010128	0.00413821555218245
29215	3769	4061	4	1741684	0.00413821555218245
29215	4833	5142	5	2160051	0.00413821555218245
29215	5253	6144	6	2413590	0.00413821555218245
29215	5714	6977	7	2551932	0.00413821555218245
29215	6697	7609	8	2779620	0.00413821555218245
29215	7302	8057	9	2946018	0.00413821555218245
29215	7546	8358	10	3058036	0.00413821555218245
29215	7722	8554	11	3130300	0.00413821555218245
29215	7911	8679	12	3258083	0.00413821555218245
29215	8153	8757	13	3339081	0.00413821555218245
29215	8238	8806	14	3384105	0.00413821555218245
29215	8294	8836	15	3411837	0.00413821555218245
29215	8328	8855	16	3440140	0.00413821555218245
29215	8365	8866	17	3460476	0.00413821555218245
29217	0	241	0	91	0.00335042626976642
29217	253	430	1	119438	0.00335042626976642
29217	898	752	2	448725	0.00335042626976642
29217	3020	1276	3	1010128	0.00335042626976642
29217	4014	2063	4	1741684	0.00335042626976642
29217	4663	3111	5	2160051	0.00335042626976642
29217	4938	4308	6	2413590	0.00335042626976642
29217	5179	5456	7	2551932	0.00335042626976642
29217	5772	6386	8	2779620	0.00335042626976642
29217	6316	7043	9	2946018	0.00335042626976642
29217	6560	7463	10	3058036	0.00335042626976642
29217	6735	7715	11	3130300	0.00335042626976642
29217	6917	7860	12	3258083	0.00335042626976642
29217	7038	7941	13	3339081	0.00335042626976642
29217	7119	7986	14	3384105	0.00335042626976642
29217	7179	8011	15	3411837	0.00335042626976642
29217	7230	8025	16	3440140	0.00335042626976642
29217	7268	8033	17	3460476	0.00335042626976642
29219	0	263	0	91	0.00580845917866572
29219	383	495	1	119438	0.00580845917866572
29219	1577	921	2	448725	0.00580845917866572
29219	3908	1673	3	1010128	0.00580845917866572
29219	7264	2919	4	1741684	0.00580845917866572
29219	9811	4780	5	2160051	0.00580845917866572
29219	10857	7170	6	2413590	0.00580845917866572
29219	11420	9704	7	2551932	0.00580845917866572
29219	12303	11904	8	2779620	0.00580845917866572
29219	13099	13503	9	2946018	0.00580845917866572
29219	13617	14523	10	3058036	0.00580845917866572
29219	13913	15120	11	3130300	0.00580845917866572
29219	14298	15452	12	3258083	0.00580845917866572
29219	14535	15631	13	3339081	0.00580845917866572
29219	14717	15726	14	3384105	0.00580845917866572
29219	14836	15777	15	3411837	0.00580845917866572
29219	14918	15803	16	3440140	0.00580845917866572
29219	14980	15817	17	3460476	0.00580845917866572
29221	0	858	0	91	0.00402937517148877
29221	177	1329	1	119438	0.00402937517148877
29221	1246	1991	2	448725	0.00402937517148877
29221	2018	2856	3	1010128	0.00402937517148877
29221	3892	3877	4	1741684	0.00402937517148877
29221	4814	4953	5	2160051	0.00402937517148877
29221	5362	5956	6	2413590	0.00402937517148877
29221	5668	6791	7	2551932	0.00402937517148877
29221	6235	7423	8	2779620	0.00402937517148877
29221	6685	7868	9	2946018	0.00402937517148877
29221	6997	8164	10	3058036	0.00402937517148877
29221	7212	8356	11	3130300	0.00402937517148877
29221	7433	8476	12	3258083	0.00402937517148877
29221	7599	8551	13	3339081	0.00402937517148877
29221	7757	8597	14	3384105	0.00402937517148877
29221	7855	8626	15	3411837	0.00402937517148877
29221	7909	8643	16	3440140	0.00402937517148877
29221	7948	8653	17	3460476	0.00402937517148877
29223	0	533	0	91	0.0020974584141761
29223	93	813	1	119438	0.0020974584141761
29223	598	1197	2	448725	0.0020974584141761
29223	1829	1683	3	1010128	0.0020974584141761
29223	2626	2239	4	1741684	0.0020974584141761
29223	2978	2806	5	2160051	0.0020974584141761
29223	3197	3319	6	2413590	0.0020974584141761
29223	3364	3737	7	2551932	0.0020974584141761
29223	3761	4048	8	2779620	0.0020974584141761
29223	4078	4266	9	2946018	0.0020974584141761
29223	4244	4411	10	3058036	0.0020974584141761
29223	4347	4504	11	3130300	0.0020974584141761
29223	4467	4563	12	3258083	0.0020974584141761
29223	4548	4600	13	3339081	0.0020974584141761
29223	4615	4623	14	3384105	0.0020974584141761
29223	4659	4637	15	3411837	0.0020974584141761
29223	4682	4646	16	3440140	0.0020974584141761
29223	4703	4651	17	3460476	0.0020974584141761
29225	0	791	0	91	0.00645091070722133
29225	565	1333	1	119438	0.00645091070722133
29225	1541	2194	2	448725	0.00645091070722133
29225	4937	3487	3	1010128	0.00645091070722133
29225	8813	5268	4	1741684	0.00645091070722133
29225	10316	7449	5	2160051	0.00645091070722133
29225	11074	9770	6	2413590	0.00645091070722133
29225	12349	11894	7	2551932	0.00645091070722133
29225	14202	13589	8	2779620	0.00645091070722133
29225	15057	14799	9	2946018	0.00645091070722133
29225	15502	15595	10	3058036	0.00645091070722133
29225	15807	16091	11	3130300	0.00645091070722133
29225	16162	16390	12	3258083	0.00645091070722133
29225	16425	16567	13	3339081	0.00645091070722133
29225	16606	16670	14	3384105	0.00645091070722133
29225	16734	16730	15	3411837	0.00645091070722133
29225	16808	16764	16	3440140	0.00645091070722133
29225	16872	16784	17	3460476	0.00645091070722133
29227	0	40	0	91	0.00032798755439575
29227	0	76	1	119438	0.00032798755439575
29227	247	140	2	448725	0.00032798755439575
29227	456	241	3	1010128	0.00032798755439575
29227	546	376	4	1741684	0.00032798755439575
29227	582	520	5	2160051	0.00032798755439575
29227	610	644	6	2413590	0.00032798755439575
29227	651	730	7	2551932	0.00032798755439575
29227	684	782	8	2779620	0.00032798755439575
29227	719	810	9	2946018	0.00032798755439575
29227	737	825	10	3058036	0.00032798755439575
29227	763	833	11	3130300	0.00032798755439575
29227	786	837	12	3258083	0.00032798755439575
29227	802	839	13	3339081	0.00032798755439575
29227	814	840	14	3384105	0.00032798755439575
29227	822	841	15	3411837	0.00032798755439575
29227	828	841	16	3440140	0.00032798755439575
29227	831	841	17	3460476	0.00032798755439575
29229	0	733	0	91	0.00297991275824336
29229	149	1118	1	119438	0.00297991275824336
29229	526	1649	2	448725	0.00297991275824336
29229	1969	2325	3	1010128	0.00297991275824336
29229	3135	3104	4	1741684	0.00297991275824336
29229	3745	3906	5	2160051	0.00297991275824336
29229	4062	4640	6	2413590	0.00297991275824336
29229	4509	5244	7	2551932	0.00297991275824336
29229	5448	5698	8	2779620	0.00297991275824336
29229	5873	6016	9	2946018	0.00297991275824336
29229	6079	6230	10	3058036	0.00297991275824336
29229	6192	6368	11	3130300	0.00297991275824336
29229	6308	6456	12	3258083	0.00297991275824336
29229	6412	6511	13	3339081	0.00297991275824336
29229	6459	6545	14	3384105	0.00297991275824336
29229	6498	6566	15	3411837	0.00297991275824336
29229	6522	6579	16	3440140	0.00297991275824336
29229	6548	6587	17	3460476	0.00297991275824336
29510	0	1859	0	91	0.048974260879313
29510	7822	3320	1	119438	0.048974260879313
29510	20796	5894	2	448725	0.048974260879313
29510	39885	10357	3	1010128	0.048974260879313
29510	79023	17877	4	1741684	0.048974260879313
29510	102658	29968	5	2160051	0.048974260879313
29510	118089	48009	6	2413590	0.048974260879313
29510	125541	72138	7	2551932	0.048974260879313
29510	136543	100089	8	2779620	0.048974260879313
29510	144212	127549	9	2946018	0.048974260879313
29510	150141	150489	10	3058036	0.048974260879313
29510	156382	167197	11	3130300	0.048974260879313
29510	164938	178190	12	3258083	0.048974260879313
29510	169660	184946	13	3339081	0.048974260879313
29510	172692	188926	14	3384105	0.048974260879313
29510	175132	191213	15	3411837	0.048974260879313
29510	177072	192507	16	3440140	0.048974260879313
29510	178529	193234	17	3460476	0.048974260879313
