1476	6
28001	0	524	0	39	0.0103129917218526
28001	224	869	1	30315	0.0103129917218526
28001	2210	1421	2	227051	0.0103129917218526
28001	5076	2276	3	464442	0.0103129917218526
28001	8043	3532	4	757126	0.0103129917218526
28001	9185	5240	5	878510	0.0103129917218526
28001	9742	7335	6	955774	0.0103129917218526
28001	11276	9603	7	1031348	0.0103129917218526
28001	12551	11749	8	1157522	0.0103129917218526
28001	13998	13536	9	1297823	0.0103129917218526
28001	14907	14872	10	1359593	0.0103129917218526
28001	15279	15794	11	1401656	0.0103129917218526
28001	15526	16394	12	1430657	0.0103129917218526
28001	16125	16770	13	1492435	0.0103129917218526
28001	16367	17000	14	1516327	0.0103129917218526
28001	16782	17140	15	1532088	0.0103129917218526
28001	16881	17223	16	1542028	0.0103129917218526
28001	16974	17272	17	1550051	0.0103129917218526
28003	0	1057	0	39	0.0124163810346861
28003	590	1684	1	30315	0.0124163810346861
28003	2862	2613	2	227051	0.0124163810346861
28003	4519	3900	3	464442	0.0124163810346861
28003	7299	5533	4	757126	0.0124163810346861
28003	8200	7385	5	878510	0.0124163810346861
28003	8903	9236	6	955774	0.0124163810346861
28003	9990	10867	7	1031348	0.0124163810346861
28003	10961	12152	8	1157522	0.0124163810346861
28003	12241	13079	9	1297823	0.0124163810346861
28003	12839	13705	10	1359593	0.0124163810346861
28003	13259	14109	11	1401656	0.0124163810346861
28003	13495	14363	12	1430657	0.0124163810346861
28003	13945	14519	13	1492435	0.0124163810346861
28003	14168	14615	14	1516327	0.0124163810346861
28003	14359	14672	15	1532088	0.0124163810346861
28003	14479	14707	16	1542028	0.0124163810346861
28003	14573	14728	17	1550051	0.0124163810346861
28005	0	314	0	39	0.00413184958145577
28005	0	492	1	30315	0.00413184958145577
28005	600	754	2	227051	0.00413184958145577
28005	1447	1125	3	464442	0.00413184958145577
28005	2472	1615	4	757126	0.00413184958145577
28005	2755	2208	5	878510	0.00413184958145577
28005	2924	2855	6	955774	0.00413184958145577
28005	3112	3486	7	1031348	0.00413184958145577
28005	3556	4037	8	1157522	0.00413184958145577
28005	4136	4473	9	1297823	0.00413184958145577
28005	4343	4793	10	1359593	0.00413184958145577
28005	4496	5014	11	1401656	0.00413184958145577
28005	4596	5161	12	1430657	0.00413184958145577
28005	4778	5256	13	1492435	0.00413184958145577
28005	4859	5316	14	1516327	0.00413184958145577
28005	4909	5354	15	1532088	0.00413184958145577
28005	4925	5378	16	1542028	0.00413184958145577
28005	4957	5392	17	1550051	0.00413184958145577
28007	0	490	0	39	0.00610654910086827
28007	171	768	1	30315	0.00610654910086827
28007	1786	1183	2	227051	0.00610654910086827
28007	2914	1776	3	464442	0.00610654910086827
28007	4797	2574	4	757126	0.00610654910086827
28007	5357	3563	5	878510	0.00610654910086827
28007	5814	4672	6	955774	0.00610654910086827
28007	6260	5786	7	1031348	0.00610654910086827
28007	7197	6785	8	1157522	0.00610654910086827
28007	8306	7597	9	1297823	0.00610654910086827
28007	8749	8203	10	1359593	0.00610654910086827
28007	8975	8628	11	1401656	0.00610654910086827
28007	9125	8913	12	1430657	0.00610654910086827
28007	9566	9100	13	1492435	0.00610654910086827
28007	9717	9219	14	1516327	0.00610654910086827
28007	9830	9294	15	1532088	0.00610654910086827
28007	9874	9341	16	1542028	0.00610654910086827
28007	9915	9370	17	1550051	0.00610654910086827
28009	0	109	0	39	0.00277506267327341
28009	0	183	1	30315	0.00277506267327341
28009	373	302	2	227051	0.00277506267327341
28009	891	492	3	464442	0.00277506267327341
28009	1824	777	4	757126	0.00277506267327341
28009	2206	1176	5	878510	0.00277506267327341
28009	2453	1683	6	955774	0.00277506267327341
28009	2668	2252	7	1031348	0.00277506267327341
28009	3027	2807	8	1157522	0.00277506267327341
28009	3569	3281	9	1297823	0.00277506267327341
28009	3777	3642	10	1359593	0.00277506267327341
28009	3882	3892	11	1401656	0.00277506267327341
28009	3956	4056	12	1430657	0.00277506267327341
28009	4141	4158	13	1492435	0.00277506267327341
28009	4201	4220	14	1516327	0.00277506267327341
28009	4248	4258	15	1532088	0.00277506267327341
28009	4279	4280	16	1542028	0.00277506267327341
28009	4307	4293	17	1550051	0.00277506267327341
28011	0	443	0	39	0.0102911514174862
28011	335	773	1	30315	0.0102911514174862
28011	2587	1330	2	227051	0.0102911514174862
28011	5361	2237	3	464442	0.0102911514174862
28011	9616	3631	4	757126	0.0102911514174862
28011	11024	5592	5	878510	0.0102911514174862
28011	11808	8032	6	955774	0.0102911514174862
28011	12831	10646	7	1031348	0.0102911514174862
28011	14227	13033	8	1157522	0.0102911514174862
28011	15580	14916	9	1297823	0.0102911514174862
28011	16120	16235	10	1359593	0.0102911514174862
28011	16528	17085	11	1401656	0.0102911514174862
28011	16845	17604	12	1430657	0.0102911514174862
28011	17430	17910	13	1492435	0.0102911514174862
28011	17785	18087	14	1516327	0.0102911514174862
28011	17978	18188	15	1532088	0.0102911514174862
28011	18082	18246	16	1542028	0.0102911514174862
28011	18158	18278	17	1550051	0.0102911514174862
28013	0	458	0	39	0.0048253632462622
28013	102	696	1	30315	0.0048253632462622
28013	725	1036	2	227051	0.0048253632462622
28013	1681	1497	3	464442	0.0048253632462622
28013	2930	2082	4	757126	0.0048253632462622
28013	3350	2766	5	878510	0.0048253632462622
28013	3590	3491	6	955774	0.0048253632462622
28013	3867	4184	7	1031348	0.0048253632462622
28013	4308	4784	8	1157522	0.0048253632462622
28013	5185	5261	9	1297823	0.0048253632462622
28013	5524	5615	10	1359593	0.0048253632462622
28013	5838	5863	11	1401656	0.0048253632462622
28013	5943	6033	12	1430657	0.0048253632462622
28013	6149	6144	13	1492435	0.0048253632462622
28013	6240	6217	14	1516327	0.0048253632462622
28013	6303	6264	15	1532088	0.0048253632462622
28013	6341	6294	16	1542028	0.0048253632462622
28013	6373	6313	17	1550051	0.0048253632462622
28015	0	210	0	39	0.00334223857743682
28015	0	357	1	30315	0.00334223857743682
28015	600	592	2	227051	0.00334223857743682
28015	1258	945	3	464442	0.00334223857743682
28015	1917	1430	4	757126	0.00334223857743682
28015	2232	2018	5	878510	0.00334223857743682
28015	2661	2631	6	955774	0.00334223857743682
28015	2891	3180	7	1031348	0.00334223857743682
28015	3204	3607	8	1157522	0.00334223857743682
28015	3557	3905	9	1297823	0.00334223857743682
28015	3711	4097	10	1359593	0.00334223857743682
28015	3791	4215	11	1401656	0.00334223857743682
28015	3844	4284	12	1430657	0.00334223857743682
28015	4010	4325	13	1492435	0.00334223857743682
28015	4059	4349	14	1516327	0.00334223857743682
28015	4092	4362	15	1532088	0.00334223857743682
28015	4108	4370	16	1542028	0.00334223857743682
28015	4127	4374	17	1550051	0.00334223857743682
28017	0	352	0	39	0.00574668808584516
28017	129	588	1	30315	0.00574668808584516
28017	932	964	2	227051	0.00574668808584516
28017	2266	1534	3	464442	0.00574668808584516
28017	4092	2339	4	757126	0.00574668808584516
28017	4838	3367	5	878510	0.00574668808584516
28017	5288	4525	6	955774	0.00574668808584516
28017	5762	5656	7	1031348	0.00574668808584516
28017	6468	6619	8	1157522	0.00574668808584516
28017	7202	7348	9	1297823	0.00574668808584516
28017	7525	7850	10	1359593	0.00574668808584516
28017	7684	8175	11	1401656	0.00574668808584516
28017	7783	8377	12	1430657	0.00574668808584516
28017	8036	8500	13	1492435	0.00574668808584516
28017	8162	8572	14	1516327	0.00574668808584516
28017	8255	8615	15	1532088	0.00574668808584516
28017	8309	8640	16	1542028	0.00574668808584516
28017	8355	8655	17	1550051	0.00574668808584516
28019	0	247	0	39	0.00275859844382791
28019	54	381	1	30315	0.00275859844382791
28019	431	576	2	227051	0.00275859844382791
28019	846	842	3	464442	0.00275859844382791
28019	1460	1176	4	757126	0.00275859844382791
28019	1702	1559	5	878510	0.00275859844382791
28019	1843	1951	6	955774	0.00275859844382791
28019	1985	2310	7	1031348	0.00275859844382791
28019	2234	2605	8	1157522	0.00275859844382791
28019	2520	2829	9	1297823	0.00275859844382791
28019	2660	2987	10	1359593	0.00275859844382791
28019	2732	3094	11	1401656	0.00275859844382791
28019	2793	3164	12	1430657	0.00275859844382791
28019	2897	3209	13	1492435	0.00275859844382791
28019	2932	3238	14	1516327	0.00275859844382791
28019	2965	3255	15	1532088	0.00275859844382791
28019	2976	3266	16	1542028	0.00275859844382791
28019	2990	3273	17	1550051	0.00275859844382791
28021	0	71	0	39	0.00302001008686057
28021	102	128	1	30315	0.00302001008686057
28021	526	228	2	227051	0.00302001008686057
28021	1170	400	3	464442	0.00302001008686057
28021	2381	686	4	757126	0.00302001008686057
28021	2747	1135	5	878510	0.00302001008686057
28021	3037	1772	6	955774	0.00302001008686057
28021	3268	2567	7	1031348	0.00302001008686057
28021	3739	3409	8	1157522	0.00302001008686057
28021	4147	4162	9	1297823	0.00302001008686057
28021	4347	4739	10	1359593	0.00302001008686057
28021	4450	5131	11	1401656	0.00302001008686057
28021	4568	5376	12	1430657	0.00302001008686057
28021	4764	5521	13	1492435	0.00302001008686057
28021	4879	5604	14	1516327	0.00302001008686057
28021	4927	5651	15	1532088	0.00302001008686057
28021	4950	5678	16	1542028	0.00302001008686057
28021	4967	5692	17	1550051	0.00302001008686057
28023	0	350	0	39	0.00522184877168448
28023	125	581	1	30315	0.00522184877168448
28023	1119	945	2	227051	0.00522184877168448
28023	2540	1493	3	464442	0.00522184877168448
28023	4148	2260	4	757126	0.00522184877168448
28023	4874	3232	5	878510	0.00522184877168448
28023	5217	4320	6	955774	0.00522184877168448
28023	5628	5380	7	1031348	0.00522184877168448
28023	6271	6281	8	1157522	0.00522184877168448
28023	7394	6965	9	1297823	0.00522184877168448
28023	7947	7438	10	1359593	0.00522184877168448
28023	8260	7747	11	1401656	0.00522184877168448
28023	8412	7939	12	1430657	0.00522184877168448
28023	8577	8057	13	1492435	0.00522184877168448
28023	8707	8127	14	1516327	0.00522184877168448
28023	8810	8169	15	1532088	0.00522184877168448
28023	8863	8193	16	1542028	0.00522184877168448
28023	8900	8208	17	1550051	0.00522184877168448
28025	0	215	0	39	0.00649026644835322
28025	113	386	1	30315	0.00649026644835322
28025	1357	684	2	227051	0.00649026644835322
28025	2814	1184	3	464442	0.00649026644835322
28025	4474	1976	4	757126	0.00649026644835322
28025	5237	3120	5	878510	0.00649026644835322
28025	5687	4569	6	955774	0.00649026644835322
28025	6059	6126	7	1031348	0.00649026644835322
28025	6930	7533	8	1157522	0.00649026644835322
28025	7722	8616	9	1297823	0.00649026644835322
28025	8021	9354	10	1359593	0.00649026644835322
28025	8196	9813	11	1401656	0.00649026644835322
28025	8319	10085	12	1430657	0.00649026644835322
28025	8755	10240	13	1492435	0.00649026644835322
28025	8902	10327	14	1516327	0.00649026644835322
28025	8980	10376	15	1532088	0.00649026644835322
28025	9027	10402	16	1542028	0.00649026644835322
28025	9062	10417	17	1550051	0.00649026644835322
28027	0	252	0	39	0.00743376759698523
28027	185	431	1	30315	0.00743376759698523
28027	1333	731	2	227051	0.00743376759698523
28027	2732	1219	3	464442	0.00743376759698523
28027	5019	1980	4	757126	0.00743376759698523
28027	6013	3091	5	878510	0.00743376759698523
28027	6664	4567	6	955774	0.00743376759698523
28027	7432	6297	7	1031348	0.00743376759698523
28027	8330	8053	8	1157522	0.00743376759698523
28027	9450	9593	9	1297823	0.00743376759698523
28027	9986	10780	10	1359593	0.00743376759698523
28027	10313	11606	11	1401656	0.00743376759698523
28027	10539	12142	12	1430657	0.00743376759698523
28027	10985	12473	13	1492435	0.00743376759698523
28027	11249	12672	14	1516327	0.00743376759698523
28027	11389	12789	15	1532088	0.00743376759698523
28027	11465	12858	16	1542028	0.00743376759698523
28027	11528	12898	17	1550051	0.00743376759698523
28029	0	411	0	39	0.00942997141608165
28029	198	670	1	30315	0.00942997141608165
28029	1582	1080	2	227051	0.00942997141608165
28029	3992	1711	3	464442	0.00942997141608165
28029	7464	2644	4	757126	0.00942997141608165
28029	8566	3939	5	878510	0.00942997141608165
28029	9281	5590	6	955774	0.00942997141608165
28029	10027	7481	7	1031348	0.00942997141608165
28029	11544	9397	8	1157522	0.00942997141608165
28029	12939	11114	9	1297823	0.00942997141608165
28029	13528	12489	10	1359593	0.00942997141608165
28029	13841	13497	11	1401656	0.00942997141608165
28029	14081	14187	12	1430657	0.00942997141608165
28029	14736	14638	13	1492435	0.00942997141608165
28029	14999	14925	14	1516327	0.00942997141608165
28029	15161	15103	15	1532088	0.00942997141608165
28029	15239	15212	16	1542028	0.00942997141608165
28029	15304	15279	17	1550051	0.00942997141608165
28031	0	542	0	39	0.00626178326421157
28031	173	832	1	30315	0.00626178326421157
28031	1735	1255	2	227051	0.00626178326421157
28031	2986	1846	3	464442	0.00626178326421157
28031	4658	2625	4	757126	0.00626178326421157
28031	5141	3573	5	878510	0.00626178326421157
28031	5448	4624	6	955774	0.00626178326421157
28031	5835	5675	7	1031348	0.00626178326421157
28031	6788	6623	8	1157522	0.00626178326421157
28031	8091	7401	9	1297823	0.00626178326421157
28031	8421	7992	10	1359593	0.00626178326421157
28031	8658	8415	11	1401656	0.00626178326421157
28031	8811	8705	12	1430657	0.00626178326421157
28031	9275	8898	13	1492435	0.00626178326421157
28031	9441	9024	14	1516327	0.00626178326421157
28031	9541	9105	15	1532088	0.00626178326421157
28031	9592	9157	16	1542028	0.00626178326421157
28031	9631	9189	17	1550051	0.00626178326421157
28033	0	1173	0	39	0.0621423860162915
28033	2261	2036	1	30315	0.0621423860162915
28033	10703	3509	2	227051	0.0621423860162915
28033	23866	5983	3	464442	0.0621423860162915
28033	41672	10019	4	757126	0.0621423860162915
28033	51933	16304	5	878510	0.0621423860162915
28033	58220	25412	6	955774	0.0621423860162915
28033	64302	37328	7	1031348	0.0621423860162915
28033	72034	50988	8	1157522	0.0621423860162915
28033	81466	64469	9	1297823	0.0621423860162915
28033	86956	75941	10	1359593	0.0621423860162915
28033	89944	84537	11	1401656	0.0621423860162915
28033	92334	90383	12	1430657	0.0621423860162915
28033	97085	94101	13	1492435	0.0621423860162915
28033	98849	96366	14	1516327	0.0621423860162915
28033	100024	97710	15	1532088	0.0621423860162915
28033	100952	98494	16	1542028	0.0621423860162915
28033	101882	98949	17	1550051	0.0621423860162915
28035	0	1199	0	39	0.0251657427097904
28035	572	1864	1	30315	0.0251657427097904
28035	5238	2868	2	227051	0.0251657427097904
28035	10106	4345	3	464442	0.0251657427097904
28035	14976	6437	4	757126	0.0251657427097904
28035	17596	9242	5	878510	0.0251657427097904
28035	19244	12748	6	955774	0.0251657427097904
28035	20708	16757	7	1031348	0.0251657427097904
28035	23593	20904	8	1157522	0.0251657427097904
28035	26506	24772	9	1297823	0.0251657427097904
28035	27747	28045	10	1359593	0.0251657427097904
28035	28667	30595	11	1401656	0.0251657427097904
28035	29412	32457	12	1430657	0.0251657427097904
28035	31319	33753	13	1492435	0.0251657427097904
28035	32122	34625	14	1516327	0.0251657427097904
28035	32470	35198	15	1532088	0.0251657427097904
28035	32672	35570	16	1542028	0.0251657427097904
28035	32841	35809	17	1550051	0.0251657427097904
28037	0	165	0	39	0.00259160411659497
28037	55	274	1	30315	0.00259160411659497
28037	690	447	2	227051	0.00259160411659497
28037	1058	707	3	464442	0.00259160411659497
28037	1927	1069	4	757126	0.00259160411659497
28037	2154	1523	5	878510	0.00259160411659497
28037	2266	2022	6	955774	0.00259160411659497
28037	2446	2500	7	1031348	0.00259160411659497
28037	2758	2899	8	1157522	0.00259160411659497
28037	3183	3196	9	1297823	0.00259160411659497
28037	3316	3398	10	1359593	0.00259160411659497
28037	3403	3528	11	1401656	0.00259160411659497
28037	3463	3609	12	1430657	0.00259160411659497
28037	3595	3658	13	1492435	0.00259160411659497
28037	3659	3687	14	1516327	0.00259160411659497
28037	3695	3704	15	1532088	0.00259160411659497
28037	3716	3714	16	1542028	0.00259160411659497
28037	3734	3720	17	1550051	0.00259160411659497
28039	0	850	0	39	0.00823211472275078
28039	188	1288	1	30315	0.00823211472275078
28039	2537	1903	2	227051	0.00823211472275078
28039	3506	2717	3	464442	0.00823211472275078
28039	4798	3711	4	757126	0.00823211472275078
28039	5470	4815	5	878510	0.00823211472275078
28039	5836	5919	6	955774	0.00823211472275078
28039	6148	6912	7	1031348	0.00823211472275078
28039	6795	7725	8	1157522	0.00823211472275078
28039	8280	8339	9	1297823	0.00823211472275078
28039	8775	8776	10	1359593	0.00823211472275078
28039	9192	9075	11	1401656	0.00823211472275078
28039	9330	9272	12	1430657	0.00823211472275078
28039	9684	9401	13	1492435	0.00823211472275078
28039	9801	9483	14	1516327	0.00823211472275078
28039	9863	9535	15	1532088	0.00823211472275078
28039	9887	9568	16	1542028	0.00823211472275078
28039	9916	9589	17	1550051	0.00823211472275078
28041	0	376	0	39	0.00456495961727723
28041	81	605	1	30315	0.00456495961727723
28041	897	947	2	227051	0.00456495961727723
28041	1358	1423	3	464442	0.00456495961727723
28041	1870	2026	4	757126	0.00456495961727723
28041	2615	2707	5	878510	0.00456495961727723
28041	3064	3379	6	955774	0.00456495961727723
28041	3325	3962	7	1031348	0.00456495961727723
28041	3842	4413	8	1157522	0.00456495961727723
28041	4377	4732	9	1297823	0.00456495961727723
28041	4617	4944	10	1359593	0.00456495961727723
28041	4735	5079	11	1401656	0.00456495961727723
28041	4798	5162	12	1430657	0.00456495961727723
28041	4923	5213	13	1492435	0.00456495961727723
28041	5007	5243	14	1516327	0.00456495961727723
28041	5043	5262	15	1532088	0.00456495961727723
28041	5067	5272	16	1542028	0.00456495961727723
28041	5086	5279	17	1550051	0.00456495961727723
28043	0	505	0	39	0.00697478520060656
28043	191	815	1	30315	0.00697478520060656
28043	1576	1292	2	227051	0.00697478520060656
28043	3274	1992	3	464442	0.00697478520060656
28043	5213	2951	4	757126	0.00697478520060656
28043	6113	4154	5	878510	0.00697478520060656
28043	6736	5501	6	955774	0.00697478520060656
28043	7273	6831	7	1031348	0.00697478520060656
28043	8195	7993	8	1157522	0.00697478520060656
28043	9504	8902	9	1297823	0.00697478520060656
28043	9910	9555	10	1359593	0.00697478520060656
28043	10113	9995	11	1401656	0.00697478520060656
28043	10243	10280	12	1430657	0.00697478520060656
28043	10592	10459	13	1492435	0.00697478520060656
28043	10755	10569	14	1516327	0.00697478520060656
28043	10863	10637	15	1532088	0.00697478520060656
28043	10926	10678	16	1542028	0.00697478520060656
28043	10985	10703	17	1550051	0.00697478520060656
28045	0	953	0	39	0.0160045750397578
28045	443	1472	1	30315	0.0160045750397578
28045	2994	2242	2	227051	0.0160045750397578
28045	6565	3346	3	464442	0.0160045750397578
28045	9699	4854	4	757126	0.0160045750397578
28045	11038	6784	5	878510	0.0160045750397578
28045	12100	9053	6	955774	0.0160045750397578
28045	13140	11474	7	1031348	0.0160045750397578
28045	14632	13803	8	1157522	0.0160045750397578
28045	16263	15829	9	1297823	0.0160045750397578
28045	17181	17445	10	1359593	0.0160045750397578
28045	18132	18645	11	1401656	0.0160045750397578
28045	18686	19491	12	1430657	0.0160045750397578
28045	20490	20066	13	1492435	0.0160045750397578
28045	20815	20446	14	1516327	0.0160045750397578
28045	21007	20693	15	1532088	0.0160045750397578
28045	21187	20852	16	1542028	0.0160045750397578
28045	21330	20954	17	1550051	0.0160045750397578
28047	0	4462	0	39	0.0699158543473462
28047	2017	6923	1	30315	0.0699158543473462
28047	15849	10602	2	227051	0.0699158543473462
28047	34694	15929	3	464442	0.0699158543473462
28047	55451	23291	4	757126	0.0699158543473462
28047	63642	32843	5	878510	0.0699158543473462
28047	69867	44265	6	955774	0.0699158543473462
28047	75096	56664	7	1031348	0.0699158543473462
28047	83350	68787	8	1157522	0.0699158543473462
28047	93995	79488	9	1297823	0.0699158543473462
28047	99300	88113	10	1359593	0.0699158543473462
28047	104104	94569	11	1401656	0.0699158543473462
28047	106778	99140	12	1430657	0.0699158543473462
28047	111041	102249	13	1492435	0.0699158543473462
28047	112915	104308	14	1516327	0.0699158543473462
28047	114219	105646	15	1532088	0.0699158543473462
28047	115412	106506	16	1542028	0.0699158543473462
28047	116097	107054	17	1550051	0.0699158543473462
28049	0	1895	0	39	0.0778993256050016
28049	3266	3265	1	30315	0.0778993256050016
28049	18633	5584	2	227051	0.0778993256050016
28049	44159	9442	3	464442	0.0778993256050016
28049	69045	15663	4	757126	0.0778993256050016
28049	79002	25219	5	878510	0.0778993256050016
28049	85712	38849	6	955774	0.0778993256050016
28049	93000	56364	7	1031348	0.0778993256050016
28049	105552	76093	8	1157522	0.0778993256050016
28049	115208	95267	9	1297823	0.0778993256050016
28049	120059	111410	10	1359593	0.0778993256050016
28049	122899	123438	11	1401656	0.0778993256050016
28049	125382	131608	12	1430657	0.0778993256050016
28049	130422	136815	13	1492435	0.0778993256050016
28049	132503	140001	14	1516327	0.0778993256050016
28049	133794	141901	15	1532088	0.0778993256050016
28049	134543	143016	16	1542028	0.0778993256050016
28049	135159	143666	17	1550051	0.0778993256050016
28051	0	151	0	39	0.00571543965036697
28051	110	269	1	30315	0.00571543965036697
28051	1101	477	2	227051	0.00571543965036697
28051	2547	833	3	464442	0.00571543965036697
28051	4581	1418	4	757126	0.00571543965036697
28051	5418	2319	5	878510	0.00571543965036697
28051	6141	3579	6	955774	0.00571543965036697
28051	6791	5119	7	1031348	0.00571543965036697
28051	7740	6719	8	1157522	0.00571543965036697
28051	8538	8125	9	1297823	0.00571543965036697
28051	8916	9190	10	1359593	0.00571543965036697
28051	9098	9909	11	1401656	0.00571543965036697
28051	9237	10357	12	1430657	0.00571543965036697
28051	9616	10623	13	1492435	0.00571543965036697
28051	9848	10777	14	1516327	0.00571543965036697
28051	10166	10864	15	1532088	0.00571543965036697
28051	10255	10912	16	1542028	0.00571543965036697
28051	10308	10939	17	1550051	0.00571543965036697
28053	0	92	0	39	0.00270954176017397
28053	0	159	1	30315	0.00270954176017397
28053	410	273	2	227051	0.00270954176017397
28053	982	461	3	464442	0.00270954176017397
28053	2072	757	4	757126	0.00270954176017397
28053	2504	1192	5	878510	0.00270954176017397
28053	2753	1774	6	955774	0.00270954176017397
28053	3022	2456	7	1031348	0.00270954176017397
28053	3451	3145	8	1157522	0.00270954176017397
28053	3933	3742	9	1297823	0.00270954176017397
28053	4111	4196	10	1359593	0.00270954176017397
28053	4258	4507	11	1401656	0.00270954176017397
28053	4365	4706	12	1430657	0.00270954176017397
28053	4576	4827	13	1492435	0.00270954176017397
28053	4661	4899	14	1516327	0.00270954176017397
28053	4709	4941	15	1532088	0.00270954176017397
28053	4756	4965	16	1542028	0.00270954176017397
28053	4786	4979	17	1550051	0.00270954176017397
28055	0	20	0	39	0.000445878213758787
28055	0	35	1	30315	0.000445878213758787
28055	31	59	2	227051	0.000445878213758787
28055	70	98	3	464442	0.000445878213758787
28055	184	156	4	757126	0.000445878213758787
28055	220	234	5	878510	0.000445878213758787
28055	366	324	6	955774	0.000445878213758787
28055	378	413	7	1031348	0.000445878213758787
28055	394	488	8	1157522	0.000445878213758787
28055	424	544	9	1297823	0.000445878213758787
28055	436	581	10	1359593	0.000445878213758787
28055	451	604	11	1401656	0.000445878213758787
28055	459	618	12	1430657	0.000445878213758787
28055	519	626	13	1492435	0.000445878213758787
28055	530	631	14	1516327	0.000445878213758787
28055	533	634	15	1532088	0.000445878213758787
28055	534	635	16	1542028	0.000445878213758787
28055	539	636	17	1550051	0.000445878213758787
28057	0	740	0	39	0.00785914952510778
28057	243	1188	1	30315	0.00785914952510778
28057	1834	1840	2	227051	0.00785914952510778
28057	3002	2718	3	464442	0.00785914952510778
28057	4677	3775	4	757126	0.00785914952510778
28057	5182	4893	5	878510	0.00785914952510778
28057	5517	5924	6	955774	0.00785914952510778
28057	5861	6759	7	1031348	0.00785914952510778
28057	6389	7370	8	1157522	0.00785914952510778
28057	7197	7783	9	1297823	0.00785914952510778
28057	7437	8048	10	1359593	0.00785914952510778
28057	7598	8212	11	1401656	0.00785914952510778
28057	7691	8312	12	1430657	0.00785914952510778
28057	7938	8371	13	1492435	0.00785914952510778
28057	8031	8407	14	1516327	0.00785914952510778
28057	8091	8428	15	1532088	0.00785914952510778
28057	8120	8440	16	1542028	0.00785914952510778
28057	8155	8447	17	1550051	0.00785914952510778
28059	0	2282	0	39	0.0482559844953999
28059	1139	3635	1	30315	0.0482559844953999
28059	10828	5723	2	227051	0.0482559844953999
28059	20508	8850	3	464442	0.0482559844953999
28059	33431	13331	4	757126	0.0482559844953999
28059	37189	19362	5	878510	0.0482559844953999
28059	40044	26829	6	955774	0.0482559844953999
28059	42421	35175	7	1031348	0.0482559844953999
28059	47635	43500	8	1157522	0.0482559844953999
28059	54943	50913	9	1297823	0.0482559844953999
28059	57928	56875	10	1359593	0.0482559844953999
28059	61402	61291	11	1401656	0.0482559844953999
28059	62666	64366	12	1430657	0.0482559844953999
28059	66453	66416	13	1492435	0.0482559844953999
28059	67366	67743	14	1516327	0.0482559844953999
28059	68325	68586	15	1532088	0.0482559844953999
28059	68786	69115	16	1542028	0.0482559844953999
28059	69092	69445	17	1550051	0.0482559844953999
28061	0	335	0	39	0.00550476471440106
28061	93	538	1	30315	0.00550476471440106
28061	1198	854	2	227051	0.00550476471440106
28061	2557	1323	3	464442	0.00550476471440106
28061	4088	1984	4	757126	0.00550476471440106
28061	4640	2847	5	878510	0.00550476471440106
28061	4973	3865	6	955774	0.00550476471440106
28061	5312	4935	7	1031348	0.00550476471440106
28061	6018	5931	8	1157522	0.00550476471440106
28061	6883	6757	9	1297823	0.00550476471440106
28061	7263	7380	10	1359593	0.00550476471440106
28061	7526	7817	11	1401656	0.00550476471440106
28061	7645	8108	12	1430657	0.00550476471440106
28061	8034	8296	13	1492435	0.00550476471440106
28061	8190	8413	14	1516327	0.00550476471440106
28061	8272	8487	15	1532088	0.00550476471440106
28061	8320	8531	16	1542028	0.00550476471440106
28061	8357	8559	17	1550051	0.00550476471440106
28063	0	61	0	39	0.00234867273110318
28063	99	109	1	30315	0.00234867273110318
28063	454	194	2	227051	0.00234867273110318
28063	1282	340	3	464442	0.00234867273110318
28063	2247	583	4	757126	0.00234867273110318
28063	2722	962	5	878510	0.00234867273110318
28063	2952	1501	6	955774	0.00234867273110318
28063	3224	2178	7	1031348	0.00234867273110318
28063	3771	2900	8	1157522	0.00234867273110318
28063	4141	3551	9	1297823	0.00234867273110318
28063	4332	4055	10	1359593	0.00234867273110318
28063	4438	4400	11	1401656	0.00234867273110318
28063	4541	4617	12	1430657	0.00234867273110318
28063	4771	4747	13	1492435	0.00234867273110318
28063	4899	4822	14	1516327	0.00234867273110318
28063	4945	4865	15	1532088	0.00234867273110318
28063	4973	4888	16	1542028	0.00234867273110318
28063	4995	4902	17	1550051	0.00234867273110318
28065	0	174	0	39	0.00373906010754166
28065	61	287	1	30315	0.00373906010754166
28065	650	468	2	227051	0.00373906010754166
28065	1686	747	3	464442	0.00373906010754166
28065	2482	1156	4	757126	0.00373906010754166
28065	2833	1714	5	878510	0.00373906010754166
28065	3023	2401	6	955774	0.00373906010754166
28065	3233	3151	7	1031348	0.00373906010754166
28065	3667	3868	8	1157522	0.00373906010754166
28065	4233	4472	9	1297823	0.00373906010754166
28065	4421	4928	10	1359593	0.00373906010754166
28065	4529	5246	11	1401656	0.00373906010754166
28065	4620	5455	12	1430657	0.00373906010754166
28065	4857	5587	13	1492435	0.00373906010754166
28065	4962	5668	14	1516327	0.00373906010754166
28065	4997	5718	15	1532088	0.00373906010754166
28065	5031	5747	16	1542028	0.00373906010754166
28065	5067	5765	17	1550051	0.00373906010754166
28067	0	2239	0	39	0.0228812468730564
28067	642	3409	1	30315	0.0228812468730564
28067	5350	5077	2	227051	0.0228812468730564
28067	10126	7332	3	464442	0.0228812468730564
28067	14948	10174	4	757126	0.0228812468730564
28067	16960	13450	5	878510	0.0228812468730564
28067	18135	16865	6	955774	0.0228812468730564
28067	19231	20067	7	1031348	0.0228812468730564
28067	21678	22787	8	1157522	0.0228812468730564
28067	24655	24910	9	1297823	0.0228812468730564
28067	26078	26459	10	1359593	0.0228812468730564
28067	27008	27536	11	1401656	0.0228812468730564
28067	27441	28259	12	1430657	0.0228812468730564
28067	28620	28733	13	1492435	0.0228812468730564
28067	29150	29039	14	1516327	0.0228812468730564
28067	29477	29235	15	1532088	0.0228812468730564
28067	29666	29360	16	1542028	0.0228812468730564
28067	29788	29438	17	1550051	0.0228812468730564
28069	0	139	0	39	0.00327335761751176
28069	0	232	1	30315	0.00327335761751176
28069	580	383	2	227051	0.00327335761751176
28069	1274	620	3	464442	0.00327335761751176
28069	2000	973	4	757126	0.00327335761751176
28069	2409	1464	5	878510	0.00327335761751176
28069	2586	2080	6	955774	0.00327335761751176
28069	2937	2764	7	1031348	0.00327335761751176
28069	3338	3426	8	1157522	0.00327335761751176
28069	3777	3987	9	1297823	0.00327335761751176
28069	3915	4412	10	1359593	0.00327335761751176
28069	4006	4706	11	1401656	0.00327335761751176
28069	4051	4898	12	1430657	0.00327335761751176
28069	4344	5019	13	1492435	0.00327335761751176
28069	4432	5092	14	1516327	0.00327335761751176
28069	4488	5136	15	1532088	0.00327335761751176
28069	4505	5163	16	1542028	0.00327335761751176
28069	4527	5178	17	1550051	0.00327335761751176
28071	0	948	0	39	0.0181506369472765
28071	342	1796	1	30315	0.0181506369472765
28071	5606	3313	2	227051	0.0181506369472765
28071	10757	5835	3	464442	0.0181506369472765
28071	18837	9559	4	757126	0.0181506369472765
28071	20632	14196	5	878510	0.0181506369472765
28071	21778	18886	6	955774	0.0181506369472765
28071	22989	22728	7	1031348	0.0181506369472765
28071	24523	25369	8	1157522	0.0181506369472765
28071	26260	26974	9	1297823	0.0181506369472765
28071	27050	27876	10	1359593	0.0181506369472765
28071	27589	28361	11	1401656	0.0181506369472765
28071	28183	28616	12	1430657	0.0181506369472765
28071	29083	28749	13	1492435	0.0181506369472765
28071	29403	28817	14	1516327	0.0181506369472765
28071	29581	28852	15	1532088	0.0181506369472765
28071	29714	28870	16	1542028	0.0181506369472765
28071	29832	28879	17	1550051	0.0181506369472765
28073	0	1340	0	39	0.0212835446074776
28073	1011	2149	1	30315	0.0212835446074776
28073	8099	3394	2	227051	0.0212835446074776
28073	13631	5240	3	464442	0.0212835446074776
28073	19147	7826	4	757126	0.0212835446074776
28073	21766	11179	5	878510	0.0212835446074776
28073	23470	15114	6	955774	0.0212835446074776
28073	24949	19228	7	1031348	0.0212835446074776
28073	29018	23039	8	1157522	0.0212835446074776
28073	32565	26195	9	1297823	0.0212835446074776
28073	33701	28573	10	1359593	0.0212835446074776
28073	34572	30242	11	1401656	0.0212835446074776
28073	35340	31355	12	1430657	0.0212835446074776
28073	36658	32072	13	1492435	0.0212835446074776
28073	37271	32524	14	1516327	0.0212835446074776
28073	37574	32805	15	1532088	0.0212835446074776
28073	37745	32978	16	1542028	0.0212835446074776
28073	37910	33084	17	1550051	0.0212835446074776
28075	0	1899	0	39	0.0249063470948531
28075	924	3064	1	30315	0.0249063470948531
28075	6809	4846	2	227051	0.0249063470948531
28075	12761	7438	3	464442	0.0249063470948531
28075	19245	10950	4	757126	0.0249063470948531
28075	22686	15273	5	878510	0.0249063470948531
28075	24689	20007	6	955774	0.0249063470948531
28075	26495	24572	7	1031348	0.0249063470948531
28075	29356	28466	8	1157522	0.0249063470948531
28075	32642	31454	9	1297823	0.0249063470948531
28075	33837	33565	10	1359593	0.0249063470948531
28075	34755	34973	11	1401656	0.0249063470948531
28075	35343	35875	12	1430657	0.0249063470948531
28075	36941	36438	13	1492435	0.0249063470948531
28075	37482	36784	14	1516327	0.0249063470948531
28075	37892	36995	15	1532088	0.0249063470948531
28075	38155	37122	16	1542028	0.0249063470948531
28075	38335	37199	17	1550051	0.0249063470948531
28077	0	288	0	39	0.00422895493471597
28077	94	486	1	30315	0.00422895493471597
28077	1261	802	2	227051	0.00422895493471597
28077	2809	1281	3	464442	0.00422895493471597
28077	3854	1948	4	757126	0.00422895493471597
28077	4272	2776	5	878510	0.00422895493471597
28077	4511	3672	6	955774	0.00422895493471597
28077	4801	4506	7	1031348	0.00422895493471597
28077	5419	5180	8	1157522	0.00422895493471597
28077	6031	5666	9	1297823	0.00422895493471597
28077	6257	5988	10	1359593	0.00422895493471597
28077	6404	6190	11	1401656	0.00422895493471597
28077	6522	6312	12	1430657	0.00422895493471597
28077	6760	6384	13	1492435	0.00422895493471597
28077	6869	6426	14	1516327	0.00422895493471597
28077	6942	6451	15	1532088	0.00422895493471597
28077	6987	6465	16	1542028	0.00422895493471597
28077	7006	6473	17	1550051	0.00422895493471597
28079	0	550	0	39	0.00765620269684078
28079	124	866	1	30315	0.00765620269684078
28079	1751	1343	2	227051	0.00765620269684078
28079	3214	2030	3	464442	0.00765620269684078
28079	5093	2965	4	757126	0.00765620269684078
28079	5811	4137	5	878510	0.00765620269684078
28079	6481	5468	6	955774	0.00765620269684078
28079	6999	6819	7	1031348	0.00765620269684078
28079	8002	8042	8	1157522	0.00765620269684078
28079	9158	9041	9	1297823	0.00765620269684078
28079	9634	9789	10	1359593	0.00765620269684078
28079	9958	10314	11	1401656	0.00765620269684078
28079	10198	10667	12	1430657	0.00765620269684078
28079	10670	10896	13	1492435	0.00765620269684078
28079	10885	11042	14	1516327	0.00765620269684078
28079	11015	11134	15	1532088	0.00765620269684078
28079	11103	11191	16	1542028	0.00765620269684078
28079	11161	11227	17	1550051	0.00765620269684078
28081	0	2445	0	39	0.0287068960593035
28081	1082	3947	1	30315	0.0287068960593035
28081	6088	6211	2	227051	0.0287068960593035
28081	11947	9413	3	464442	0.0287068960593035
28081	19901	13561	4	757126	0.0287068960593035
28081	23263	18363	5	878510	0.0287068960593035
28081	25028	23247	6	955774	0.0287068960593035
28081	26902	27603	7	1031348	0.0287068960593035
28081	29766	31055	8	1157522	0.0287068960593035
28081	32715	33544	9	1297823	0.0287068960593035
28081	33806	35219	10	1359593	0.0287068960593035
28081	34459	36295	11	1401656	0.0287068960593035
28081	35049	36964	12	1430657	0.0287068960593035
28081	36261	37373	13	1492435	0.0287068960593035
28081	36781	37620	14	1516327	0.0287068960593035
28081	37089	37769	15	1532088	0.0287068960593035
28081	37246	37857	16	1542028	0.0287068960593035
28081	37419	37910	17	1550051	0.0287068960593035
28083	0	354	0	39	0.00946961996862388
28083	169	623	1	30315	0.00946961996862388
28083	1905	1081	2	227051	0.00946961996862388
28083	4658	1841	3	464442	0.00946961996862388
28083	8285	3037	4	757126	0.00946961996862388
28083	9892	4775	5	878510	0.00946961996862388
28083	10863	7031	6	955774	0.00946961996862388
28083	12055	9563	7	1031348	0.00946961996862388
28083	13504	11981	8	1157522	0.00946961996862388
28083	15037	13959	9	1297823	0.00946961996862388
28083	15716	15382	10	1359593	0.00946961996862388
28083	16083	16315	11	1401656	0.00946961996862388
28083	16328	16888	12	1430657	0.00946961996862388
28083	16930	17228	13	1492435	0.00946961996862388
28083	17239	17424	14	1516327	0.00946961996862388
28083	17450	17536	15	1532088	0.00946961996862388
28083	17567	17599	16	1542028	0.00946961996862388
28083	17648	17635	17	1550051	0.00946961996862388
28085	0	1034	0	39	0.0114755679235146
28085	277	1587	1	30315	0.0114755679235146
28085	2713	2383	2	227051	0.0114755679235146
28085	4816	3467	3	464442	0.0114755679235146
28085	6792	4843	4	757126	0.0114755679235146
28085	7723	6439	5	878510	0.0114755679235146
28085	8279	8105	6	955774	0.0114755679235146
28085	8817	9667	7	1031348	0.0114755679235146
28085	9867	10990	8	1157522	0.0114755679235146
28085	11411	12015	9	1297823	0.0114755679235146
28085	11905	12759	10	1359593	0.0114755679235146
28085	12185	13271	11	1401656	0.0114755679235146
28085	12398	13613	12	1430657	0.0114755679235146
28085	12848	13835	13	1492435	0.0114755679235146
28085	13071	13977	14	1516327	0.0114755679235146
28085	13222	14068	15	1532088	0.0114755679235146
28085	13296	14125	16	1542028	0.0114755679235146
28085	13385	14160	17	1550051	0.0114755679235146
28087	0	1247	0	39	0.0196881943746768
28087	395	2052	1	30315	0.0196881943746768
28087	4498	3319	2	227051	0.0196881943746768
28087	9790	5224	3	464442	0.0196881943746768
28087	15575	7905	4	757126	0.0196881943746768
28087	17615	11342	5	878510	0.0196881943746768
28087	19305	15263	6	955774	0.0196881943746768
28087	20666	19180	7	1031348	0.0196881943746768
28087	23049	22607	8	1157522	0.0196881943746768
28087	25397	25275	9	1297823	0.0196881943746768
28087	26704	27168	10	1359593	0.0196881943746768
28087	27616	28426	11	1401656	0.0196881943746768
28087	28185	29226	12	1430657	0.0196881943746768
28087	29108	29720	13	1492435	0.0196881943746768
28087	29535	30019	14	1516327	0.0196881943746768
28087	29780	30199	15	1532088	0.0196881943746768
28087	29959	30306	16	1542028	0.0196881943746768
28087	30082	30370	17	1550051	0.0196881943746768
28089	0	663	0	39	0.0357078896251498
28089	2162	1223	1	30315	0.0357078896251498
28089	12736	2242	2	227051	0.0357078896251498
28089	26090	4051	3	464442	0.0357078896251498
28089	38580	7150	4	757126	0.0357078896251498
28089	43194	12129	5	878510	0.0357078896251498
28089	46377	19371	6	955774	0.0357078896251498
28089	49667	28505	7	1031348	0.0357078896251498
28089	55367	38166	8	1157522	0.0357078896251498
28089	59566	46653	9	1297823	0.0357078896251498
28089	61467	52976	10	1359593	0.0357078896251498
28089	62474	57133	11	1401656	0.0357078896251498
28089	63894	59645	12	1430657	0.0357078896251498
28089	66054	61087	13	1492435	0.0357078896251498
28089	66881	61890	14	1516327	0.0357078896251498
28089	67299	62330	15	1532088	0.0357078896251498
28089	67690	62569	16	1542028	0.0357078896251498
28089	67969	62698	17	1550051	0.0357078896251498
28091	0	758	0	39	0.00825664306457775
28091	237	1158	1	30315	0.00825664306457775
28091	1439	1736	2	227051	0.00825664306457775
28091	3259	2528	3	464442	0.00825664306457775
28091	4918	3548	4	757126	0.00825664306457775
28091	5687	4755	5	878510	0.00825664306457775
28091	6424	6050	6	955774	0.00825664306457775
28091	6868	7302	7	1031348	0.00825664306457775
28091	7986	8395	8	1157522	0.00825664306457775
28091	9450	9268	9	1297823	0.00825664306457775
28091	10004	9917	10	1359593	0.00825664306457775
28091	10336	10374	11	1401656	0.00825664306457775
28091	10598	10684	12	1430657	0.00825664306457775
28091	11031	10889	13	1492435	0.00825664306457775
28091	11200	11022	14	1516327	0.00825664306457775
28091	11307	11107	15	1532088	0.00825664306457775
28091	11370	11162	16	1542028	0.00825664306457775
28091	11436	11196	17	1550051	0.00825664306457775
28093	0	345	0	39	0.011858949266317
28093	207	593	1	30315	0.011858949266317
28093	1517	1010	2	227051	0.011858949266317
28093	4045	1695	3	464442	0.011858949266317
28093	7713	2776	4	757126	0.011858949266317
28093	9840	4382	5	878510	0.011858949266317
28093	10952	6564	6	955774	0.011858949266317
28093	12132	9193	7	1031348	0.011858949266317
28093	13689	11940	8	1157522	0.011858949266317
28093	15605	14414	9	1297823	0.011858949266317
28093	16663	16362	10	1359593	0.011858949266317
28093	17312	17739	11	1401656	0.011858949266317
28093	17679	18641	12	1430657	0.011858949266317
28093	18507	19201	13	1492435	0.011858949266317
28093	18845	19538	14	1516327	0.011858949266317
28093	19069	19738	15	1532088	0.011858949266317
28093	19245	19854	16	1542028	0.011858949266317
28093	19456	19921	17	1550051	0.011858949266317
28095	0	751	0	39	0.0118448370696494
28095	338	1282	1	30315	0.0118448370696494
28095	2993	2140	2	227051	0.0118448370696494
28095	5448	3450	3	464442	0.0118448370696494
28095	8884	5284	4	757126	0.0118448370696494
28095	10448	7568	5	878510	0.0118448370696494
28095	11653	10027	6	955774	0.0118448370696494
28095	12422	12293	7	1031348	0.0118448370696494
28095	13843	14101	8	1157522	0.0118448370696494
28095	15610	15385	9	1297823	0.0118448370696494
28095	16186	16223	10	1359593	0.0118448370696494
28095	16573	16740	11	1401656	0.0118448370696494
28095	16801	17049	12	1430657	0.0118448370696494
28095	17409	17229	13	1492435	0.0118448370696494
28095	17604	17333	14	1516327	0.0118448370696494
28095	17747	17392	15	1532088	0.0118448370696494
28095	17836	17426	16	1542028	0.0118448370696494
28095	17904	17446	17	1550051	0.0118448370696494
28097	0	254	0	39	0.00328444577203628
28097	0	411	1	30315	0.00328444577203628
28097	756	650	2	227051	0.00328444577203628
28097	1611	1000	3	464442	0.00328444577203628
28097	2653	1476	4	757126	0.00328444577203628
28097	2994	2066	5	878510	0.00328444577203628
28097	3358	2718	6	955774	0.00328444577203628
28097	3631	3352	7	1031348	0.00328444577203628
28097	4160	3898	8	1157522	0.00328444577203628
28097	4753	4319	9	1297823	0.00328444577203628
28097	4969	4619	10	1359593	0.00328444577203628
28097	5062	4820	11	1401656	0.00328444577203628
28097	5129	4948	12	1430657	0.00328444577203628
28097	5320	5029	13	1492435	0.00328444577203628
28097	5400	5079	14	1516327	0.00328444577203628
28097	5440	5109	15	1532088	0.00328444577203628
28097	5458	5127	16	1542028	0.00328444577203628
28097	5476	5138	17	1550051	0.00328444577203628
28099	0	942	0	39	0.00978378434681866
28099	287	1420	1	30315	0.00978378434681866
28099	2172	2098	2	227051	0.00978378434681866
28099	3590	3009	3	464442	0.00978378434681866
28099	5783	4156	4	757126	0.00978378434681866
28099	6576	5484	5	878510	0.00978378434681866
28099	7127	6880	6	955774	0.00978378434681866
28099	7712	8208	7	1031348	0.00978378434681866
28099	8654	9354	8	1157522	0.00978378434681866
28099	9834	10265	9	1297823	0.00978378434681866
28099	10397	10942	10	1359593	0.00978378434681866
28099	10701	11421	11	1401656	0.00978378434681866
28099	11110	11747	12	1430657	0.00978378434681866
28099	11601	11964	13	1492435	0.00978378434681866
28099	11843	12106	14	1516327	0.00978378434681866
28099	12037	12198	15	1532088	0.00978378434681866
28099	12150	12258	16	1542028	0.00978378434681866
28099	12226	12296	17	1550051	0.00978378434681866
28101	0	721	0	39	0.00706214641807248
28101	194	1113	1	30315	0.00706214641807248
28101	1891	1682	2	227051	0.00706214641807248
28101	3336	2463	3	464442	0.00706214641807248
28101	5489	3458	4	757126	0.00706214641807248
28101	6480	4616	5	878510	0.00706214641807248
28101	6953	5826	6	955774	0.00706214641807248
28101	7447	6958	7	1031348	0.00706214641807248
28101	8310	7911	8	1157522	0.00706214641807248
28101	9451	8646	9	1297823	0.00706214641807248
28101	9850	9175	10	1359593	0.00706214641807248
28101	10192	9537	11	1401656	0.00706214641807248
28101	10438	9776	12	1430657	0.00706214641807248
28101	10861	9931	13	1492435	0.00706214641807248
28101	11047	10029	14	1516327	0.00706214641807248
28101	11179	10091	15	1532088	0.00706214641807248
28101	11238	10130	16	1542028	0.00706214641807248
28101	11300	10155	17	1550051	0.00706214641807248
28103	0	109	0	39	0.00350016077824061
28103	0	195	1	30315	0.00350016077824061
28103	563	346	2	227051	0.00350016077824061
28103	1862	602	3	464442	0.00350016077824061
28103	2882	1016	4	757126	0.00350016077824061
28103	3432	1635	5	878510	0.00350016077824061
28103	3678	2458	6	955774	0.00350016077824061
28103	4012	3397	7	1031348	0.00350016077824061
28103	4569	4301	8	1157522	0.00350016077824061
28103	5039	5038	9	1297823	0.00350016077824061
28103	5211	5563	10	1359593	0.00350016077824061
28103	5363	5900	11	1401656	0.00350016077824061
28103	5447	6104	12	1430657	0.00350016077824061
28103	5615	6222	13	1492435	0.00350016077824061
28103	5693	6289	14	1516327	0.00350016077824061
28103	5743	6326	15	1532088	0.00350016077824061
28103	5768	6347	16	1542028	0.00350016077824061
28103	5788	6358	17	1550051	0.00350016077824061
28105	0	637	0	39	0.016661464194165
28105	182	1220	1	30315	0.016661464194165
28105	4014	2288	2	227051	0.016661464194165
28105	6804	4143	3	464442	0.016661464194165
28105	13998	7073	4	757126	0.016661464194165
28105	16931	11076	5	878510	0.016661464194165
28105	18087	15581	6	955774	0.016661464194165
28105	19116	19669	7	1031348	0.016661464194165
28105	20915	22714	8	1157522	0.016661464194165
28105	22609	24665	9	1297823	0.016661464194165
28105	23271	25798	10	1359593	0.016661464194165
28105	23757	26418	11	1401656	0.016661464194165
28105	24181	26746	12	1430657	0.016661464194165
28105	24933	26917	13	1492435	0.016661464194165
28105	25230	27005	14	1516327	0.016661464194165
28105	25367	27050	15	1532088	0.016661464194165
28105	25454	27074	16	1542028	0.016661464194165
28105	25570	27085	17	1550051	0.016661464194165
28107	0	717	0	39	0.0114886721061345
28107	184	1149	1	30315	0.0114886721061345
28107	2195	1813	2	227051	0.0114886721061345
28107	4598	2794	3	464442	0.0114886721061345
28107	7923	4164	4	757126	0.0114886721061345
28107	8970	5931	5	878510	0.0114886721061345
28107	9730	7990	6	955774	0.0114886721061345
28107	10565	10125	7	1031348	0.0114886721061345
28107	11643	12088	8	1157522	0.0114886721061345
28107	13332	13701	9	1297823	0.0114886721061345
28107	14192	14910	10	1359593	0.0114886721061345
28107	14728	15755	11	1401656	0.0114886721061345
28107	15153	16316	12	1430657	0.0114886721061345
28107	15813	16677	13	1492435	0.0114886721061345
28107	16084	16904	14	1516327	0.0114886721061345
28107	16246	17045	15	1532088	0.0114886721061345
28107	16336	17132	16	1542028	0.0114886721061345
28107	16419	17186	17	1550051	0.0114886721061345
28109	0	1733	0	39	0.0186600200460394
28109	606	2695	1	30315	0.0186600200460394
28109	3900	4095	2	227051	0.0186600200460394
28109	7711	6022	3	464442	0.0186600200460394
28109	11611	8481	4	757126	0.0186600200460394
28109	13704	11333	5	878510	0.0186600200460394
28109	15032	14295	6	955774	0.0186600200460394
28109	15957	17040	7	1031348	0.0186600200460394
28109	18537	19326	8	1157522	0.0186600200460394
28109	21241	21067	9	1297823	0.0186600200460394
28109	22799	22306	10	1359593	0.0186600200460394
28109	24039	23144	11	1401656	0.0186600200460394
28109	24765	23693	12	1430657	0.0186600200460394
28109	25827	24044	13	1492435	0.0186600200460394
28109	26177	24266	14	1516327	0.0186600200460394
28109	26473	24405	15	1532088	0.0186600200460394
28109	26665	24491	16	1542028	0.0186600200460394
28109	26834	24544	17	1550051	0.0186600200460394
28111	0	223	0	39	0.00402298406430592
28111	103	348	1	30315	0.00402298406430592
28111	960	535	2	227051	0.00402298406430592
28111	1613	806	3	464442	0.00402298406430592
28111	2298	1177	4	757126	0.00402298406430592
28111	2610	1651	5	878510	0.00402298406430592
28111	2759	2206	6	955774	0.00402298406430592
28111	2894	2789	7	1031348	0.00402298406430592
28111	3210	3341	8	1157522	0.00402298406430592
28111	3751	3810	9	1297823	0.00402298406430592
28111	3975	4177	10	1359593	0.00402298406430592
28111	4096	4443	11	1401656	0.00402298406430592
28111	4186	4626	12	1430657	0.00402298406430592
28111	4384	4749	13	1492435	0.00402298406430592
28111	4490	4828	14	1516327	0.00402298406430592
28111	4528	4880	15	1532088	0.00402298406430592
28111	4548	4912	16	1542028	0.00402298406430592
28111	4568	4932	17	1550051	0.00402298406430592
28113	0	785	0	39	0.0132009519684666
28113	241	1285	1	30315	0.0132009519684666
28113	2654	2070	2	227051	0.0132009519684666
28113	5523	3253	3	464442	0.0132009519684666
28113	9770	4932	4	757126	0.0132009519684666
28113	11132	7121	5	878510	0.0132009519684666
28113	12021	9681	6	955774	0.0132009519684666
28113	13155	12317	7	1031348	0.0132009519684666
28113	14738	14701	8	1157522	0.0132009519684666
28113	16680	16617	9	1297823	0.0132009519684666
28113	17470	18015	10	1359593	0.0132009519684666
28113	18036	18965	11	1401656	0.0132009519684666
28113	18339	19581	12	1430657	0.0132009519684666
28113	19125	19966	13	1492435	0.0132009519684666
28113	19531	20203	14	1516327	0.0132009519684666
28113	19748	20347	15	1532088	0.0132009519684666
28113	19901	20434	16	1542028	0.0132009519684666
28113	20017	20486	17	1550051	0.0132009519684666
28115	0	1282	0	39	0.0108106146567259
28115	270	1963	1	30315	0.0108106146567259
28115	2134	2914	2	227051	0.0108106146567259
28115	4241	4150	3	464442	0.0108106146567259
28115	7132	5612	4	757126	0.0108106146567259
28115	8247	7163	5	878510	0.0108106146567259
28115	8789	8628	6	955774	0.0108106146567259
28115	9423	9869	7	1031348	0.0108106146567259
28115	10424	10826	8	1157522	0.0108106146567259
28115	11714	11512	9	1297823	0.0108106146567259
28115	12167	11978	10	1359593	0.0108106146567259
28115	12453	12283	11	1401656	0.0108106146567259
28115	12652	12479	12	1430657	0.0108106146567259
28115	13036	12603	13	1492435	0.0108106146567259
28115	13209	12680	14	1516327	0.0108106146567259
28115	13332	12727	15	1532088	0.0108106146567259
28115	13406	12757	16	1542028	0.0108106146567259
28115	13475	12775	17	1550051	0.0108106146567259
28117	0	969	0	39	0.00844245365403412
28117	269	1507	1	30315	0.00844245365403412
28117	1710	2272	2	227051	0.00844245365403412
28117	3295	3278	3	464442	0.00844245365403412
28117	5868	4479	4	757126	0.00844245365403412
28117	6726	5754	5	878510	0.00844245365403412
28117	7199	6953	6	955774	0.00844245365403412
28117	7744	7957	7	1031348	0.00844245365403412
28117	8487	8718	8	1157522	0.00844245365403412
28117	9463	9254	9	1297823	0.00844245365403412
28117	9790	9612	10	1359593	0.00844245365403412
28117	10026	9843	11	1401656	0.00844245365403412
28117	10154	9987	12	1430657	0.00844245365403412
28117	10449	10077	13	1492435	0.00844245365403412
28117	10546	10132	14	1516327	0.00844245365403412
28117	10666	10166	15	1532088	0.00844245365403412
28117	10723	10186	16	1542028	0.00844245365403412
28117	10761	10199	17	1550051	0.00844245365403412
28119	0	86	0	39	0.00228214380395605
28119	0	145	1	30315	0.00228214380395605
28119	260	243	2	227051	0.00228214380395605
28119	742	400	3	464442	0.00228214380395605
28119	1601	642	4	757126	0.00228214380395605
28119	1870	988	5	878510	0.00228214380395605
28119	2076	1441	6	955774	0.00228214380395605
28119	2273	1965	7	1031348	0.00228214380395605
28119	2547	2492	8	1157522	0.00228214380395605
28119	2923	2954	9	1297823	0.00228214380395605
28119	3172	3311	10	1359593	0.00228214380395605
28119	3288	3562	11	1401656	0.00228214380395605
28119	3364	3726	12	1430657	0.00228214380395605
28119	3532	3829	13	1492435	0.00228214380395605
28119	3595	3891	14	1516327	0.00228214380395605
28119	3650	3929	15	1532088	0.00228214380395605
28119	3675	3951	16	1542028	0.00228214380395605
28119	3693	3964	17	1550051	0.00228214380395605
28121	0	1343	0	39	0.0521717830659688
28121	2436	2348	1	30315	0.0521717830659688
28121	13596	4063	2	227051	0.0521717830659688
28121	28082	6915	3	464442	0.0521717830659688
28121	43008	11450	4	757126	0.0521717830659688
28121	48526	18182	5	878510	0.0521717830659688
28121	52337	27211	6	955774	0.0521717830659688
28121	56665	37808	7	1031348	0.0521717830659688
28121	63878	48461	8	1157522	0.0521717830659688
28121	70180	57626	9	1297823	0.0521717830659688
28121	72752	64512	10	1359593	0.0521717830659688
28121	74298	69178	11	1401656	0.0521717830659688
28121	75574	72123	12	1430657	0.0521717830659688
28121	77914	73898	13	1492435	0.0521717830659688
28121	78848	74939	14	1516327	0.0521717830659688
28121	79426	75540	15	1532088	0.0521717830659688
28121	79791	75883	16	1542028	0.0521717830659688
28121	80131	76078	17	1550051	0.0521717830659688
28123	0	728	0	39	0.00944979569235277
28123	181	1137	1	30315	0.00944979569235277
28123	2841	1747	2	227051	0.00944979569235277
28123	4394	2619	3	464442	0.00944979569235277
28123	6388	3791	4	757126	0.00944979569235277
28123	7385	5248	5	878510	0.00944979569235277
28123	8203	6890	6	955774	0.00944979569235277
28123	8806	8550	7	1031348	0.00944979569235277
28123	10248	10052	8	1157522	0.00944979569235277
28123	11980	11281	9	1297823	0.00944979569235277
28123	12639	12207	10	1359593	0.00944979569235277
28123	12981	12861	11	1401656	0.00944979569235277
28123	13177	13304	12	1430657	0.00944979569235277
28123	13679	13594	13	1492435	0.00944979569235277
28123	13915	13780	14	1516327	0.00944979569235277
28123	14063	13898	15	1532088	0.00944979569235277
28123	14148	13972	16	1542028	0.00944979569235277
28123	14232	14019	17	1550051	0.00944979569235277
28125	0	56	0	39	0.00145187623334719
28125	0	100	1	30315	0.00145187623334719
28125	298	177	2	227051	0.00145187623334719
28125	584	306	3	464442	0.00145187623334719
28125	1188	509	4	757126	0.00145187623334719
28125	1514	798	5	878510	0.00145187623334719
28125	1609	1158	6	955774	0.00145187623334719
28125	1739	1537	7	1031348	0.00145187623334719
28125	1875	1872	8	1157522	0.00145187623334719
28125	2063	2126	9	1297823	0.00145187623334719
28125	2131	2296	10	1359593	0.00145187623334719
28125	2186	2400	11	1401656	0.00145187623334719
28125	2215	2462	12	1430657	0.00145187623334719
28125	2321	2497	13	1492435	0.00145187623334719
28125	2360	2516	14	1516327	0.00145187623334719
28125	2390	2527	15	1532088	0.00145187623334719
28125	2421	2533	16	1542028	0.00145187623334719
28125	2432	2536	17	1550051	0.00145187623334719
28127	0	564	0	39	0.00895721282771797
28127	196	874	1	30315	0.00895721282771797
28127	2259	1334	2	227051	0.00895721282771797
28127	3927	1993	3	464442	0.00895721282771797
28127	6198	2893	4	757126	0.00895721282771797
28127	6948	4042	5	878510	0.00895721282771797
28127	7455	5387	6	955774	0.00895721282771797
28127	7987	6813	7	1031348	0.00895721282771797
28127	9037	8174	8	1157522	0.00895721282771797
28127	10303	9350	9	1297823	0.00895721282771797
28127	10723	10279	10	1359593	0.00895721282771797
28127	11026	10965	11	1401656	0.00895721282771797
28127	11216	11445	12	1430657	0.00895721282771797
28127	11669	11770	13	1492435	0.00895721282771797
28127	11861	11983	14	1516327	0.00895721282771797
28127	11984	12122	15	1532088	0.00895721282771797
28127	12055	12210	16	1542028	0.00895721282771797
28127	12137	12267	17	1550051	0.00895721282771797
28129	0	181	0	39	0.00534785052764495
28129	72	305	1	30315	0.00534785052764495
28129	1008	508	2	227051	0.00534785052764495
28129	1785	828	3	464442	0.00534785052764495
28129	2703	1301	4	757126	0.00534785052764495
28129	3057	1948	5	878510	0.00534785052764495
28129	3291	2739	6	955774	0.00534785052764495
28129	3495	3581	7	1031348	0.00534785052764495
28129	3968	4359	8	1157522	0.00534785052764495
28129	4621	4988	9	1297823	0.00534785052764495
28129	4826	5443	10	1359593	0.00534785052764495
28129	4956	5747	11	1401656	0.00534785052764495
28129	5071	5940	12	1430657	0.00534785052764495
28129	5296	6058	13	1492435	0.00534785052764495
28129	5380	6129	14	1516327	0.00534785052764495
28129	5426	6170	15	1532088	0.00534785052764495
28129	5456	6195	16	1542028	0.00534785052764495
28129	5481	6209	17	1550051	0.00534785052764495
28131	0	495	0	39	0.00616098185944319
28131	88	786	1	30315	0.00616098185944319
28131	1354	1223	2	227051	0.00616098185944319
28131	2822	1842	3	464442	0.00616098185944319
28131	4071	2656	4	757126	0.00616098185944319
28131	4619	3625	5	878510	0.00616098185944319
28131	4992	4653	6	955774	0.00616098185944319
28131	5300	5616	7	1031348	0.00616098185944319
28131	6022	6421	8	1157522	0.00616098185944319
28131	7005	7030	9	1297823	0.00616098185944319
28131	7379	7459	10	1359593	0.00616098185944319
28131	7710	7745	11	1401656	0.00616098185944319
28131	7884	7928	12	1430657	0.00616098185944319
28131	8184	8044	13	1492435	0.00616098185944319
28131	8307	8116	14	1516327	0.00616098185944319
28131	8393	8160	15	1532088	0.00616098185944319
28131	8456	8186	16	1542028	0.00616098185944319
28131	8487	8203	17	1550051	0.00616098185944319
28133	0	295	0	39	0.00843707757911314
28133	231	529	1	30315	0.00843707757911314
28133	1291	934	2	227051	0.00843707757911314
28133	2904	1616	3	464442	0.00843707757911314
28133	6593	2698	4	757126	0.00843707757911314
28133	7994	4268	5	878510	0.00843707757911314
28133	8693	6276	6	955774	0.00843707757911314
28133	9363	8465	7	1031348	0.00843707757911314
28133	10270	10472	8	1157522	0.00843707757911314
28133	11446	12041	9	1297823	0.00843707757911314
28133	11965	13122	10	1359593	0.00843707757911314
28133	12267	13803	11	1401656	0.00843707757911314
28133	12446	14208	12	1430657	0.00843707757911314
28133	12941	14441	13	1492435	0.00843707757911314
28133	13175	14572	14	1516327	0.00843707757911314
28133	13305	14645	15	1532088	0.00843707757911314
28133	13391	14686	16	1542028	0.00843707757911314
28133	13435	14708	17	1550051	0.00843707757911314
28135	0	218	0	39	0.00463988866148839
28135	0	368	1	30315	0.00463988866148839
28135	578	614	2	227051	0.00463988866148839
28135	1341	999	3	464442	0.00463988866148839
28135	2733	1564	4	757126	0.00463988866148839
28135	3236	2321	5	878510	0.00463988866148839
28135	3608	3222	6	955774	0.00463988866148839
28135	3892	4151	7	1031348	0.00463988866148839
28135	4282	4979	8	1157522	0.00463988866148839
28135	4947	5626	9	1297823	0.00463988866148839
28135	5138	6083	10	1359593	0.00463988866148839
28135	5279	6382	11	1401656	0.00463988866148839
28135	5394	6568	12	1430657	0.00463988866148839
28135	5588	6681	13	1492435	0.00463988866148839
28135	5683	6747	14	1516327	0.00463988866148839
28135	5727	6786	15	1532088	0.00463988866148839
28135	5752	6809	16	1542028	0.00463988866148839
28135	5772	6822	17	1550051	0.00463988866148839
28137	0	604	0	39	0.00951598861481734
28137	236	931	1	30315	0.00951598861481734
28137	1409	1414	2	227051	0.00951598861481734
28137	3202	2106	3	464442	0.00951598861481734
28137	5447	3046	4	757126	0.00951598861481734
28137	6731	4243	5	878510	0.00951598861481734
28137	7413	5644	6	955774	0.00951598861481734
28137	8081	7133	7	1031348	0.00951598861481734
28137	9100	8558	8	1157522	0.00951598861481734
28137	10502	9795	9	1297823	0.00951598861481734
28137	11210	10779	10	1359593	0.00951598861481734
28137	11583	11509	11	1401656	0.00951598861481734
28137	11862	12024	12	1430657	0.00951598861481734
28137	12370	12373	13	1492435	0.00951598861481734
28137	12563	12605	14	1516327	0.00951598861481734
28137	12687	12756	15	1532088	0.00951598861481734
28137	12769	12853	16	1542028	0.00951598861481734
28137	12849	12915	17	1550051	0.00951598861481734
28139	0	851	0	39	0.00739714308658605
28139	233	1296	1	30315	0.00739714308658605
28139	1080	1919	2	227051	0.00739714308658605
28139	2423	2734	3	464442	0.00739714308658605
28139	4501	3710	4	757126	0.00739714308658605
28139	5214	4764	5	878510	0.00739714308658605
28139	5708	5783	6	955774	0.00739714308658605
28139	6220	6666	7	1031348	0.00739714308658605
28139	6979	7363	8	1157522	0.00739714308658605
28139	7985	7873	9	1297823	0.00739714308658605
28139	8355	8227	10	1359593	0.00739714308658605
28139	8558	8462	11	1401656	0.00739714308658605
28139	8700	8615	12	1430657	0.00739714308658605
28139	8976	8713	13	1492435	0.00739714308658605
28139	9123	8774	14	1516327	0.00739714308658605
28139	9208	8813	15	1532088	0.00739714308658605
28139	9258	8837	16	1542028	0.00739714308658605
28139	9309	8852	17	1550051	0.00739714308658605
28141	0	631	0	39	0.00651277876208483
28141	199	1005	1	30315	0.00651277876208483
28141	1424	1551	2	227051	0.00651277876208483
28141	2539	2288	3	464442	0.00651277876208483
28141	4068	3184	4	757126	0.00651277876208483
28141	4676	4148	5	878510	0.00651277876208483
28141	4927	5054	6	955774	0.00651277876208483
28141	5334	5807	7	1031348	0.00651277876208483
28141	5766	6369	8	1157522	0.00651277876208483
28141	6507	6756	9	1297823	0.00651277876208483
28141	6815	7009	10	1359593	0.00651277876208483
28141	7011	7168	11	1401656	0.00651277876208483
28141	7122	7266	12	1430657	0.00651277876208483
28141	7303	7325	13	1492435	0.00651277876208483
28141	7371	7360	14	1516327	0.00651277876208483
28141	7442	7382	15	1532088	0.00651277876208483
28141	7501	7394	16	1542028	0.00651277876208483
28141	7525	7402	17	1550051	0.00651277876208483
28143	0	73	0	39	0.00323639710243002
28143	25	123	1	30315	0.00323639710243002
28143	314	205	2	227051	0.00323639710243002
28143	1152	339	3	464442	0.00323639710243002
28143	1977	553	4	757126	0.00323639710243002
28143	2425	878	5	878510	0.00323639710243002
28143	2696	1346	6	955774	0.00323639710243002
28143	3046	1963	7	1031348	0.00323639710243002
28143	3470	2690	8	1157522	0.00323639710243002
28143	4054	3442	9	1297823	0.00323639710243002
28143	4325	4122	10	1359593	0.00323639710243002
28143	4463	4665	11	1401656	0.00323639710243002
28143	4560	5059	12	1430657	0.00323639710243002
28143	4779	5324	13	1492435	0.00323639710243002
28143	4899	5493	14	1516327	0.00323639710243002
28143	4970	5599	15	1532088	0.00323639710243002
28143	5013	5663	16	1542028	0.00323639710243002
28143	5041	5701	17	1550051	0.00323639710243002
28145	0	1146	0	39	0.0096819749280026
28145	173	1747	1	30315	0.0096819749280026
28145	1749	2581	2	227051	0.0096819749280026
28145	3348	3657	3	464442	0.0096819749280026
28145	5857	4922	4	757126	0.0096819749280026
28145	6822	6257	5	878510	0.0096819749280026
28145	7379	7512	6	955774	0.0096819749280026
28145	7928	8573	7	1031348	0.0096819749280026
28145	8735	9389	8	1157522	0.0096819749280026
28145	9886	9975	9	1297823	0.0096819749280026
28145	10315	10374	10	1359593	0.0096819749280026
28145	10581	10637	11	1401656	0.0096819749280026
28145	10747	10805	12	1430657	0.0096819749280026
28145	11051	10911	13	1492435	0.0096819749280026
28145	11172	10978	14	1516327	0.0096819749280026
28145	11276	11020	15	1532088	0.0096819749280026
28145	11327	11045	16	1542028	0.0096819749280026
28145	11377	11061	17	1550051	0.0096819749280026
28147	0	341	0	39	0.00480016289507011
28147	60	534	1	30315	0.00480016289507011
28147	803	821	2	227051	0.00480016289507011
28147	1731	1232	3	464442	0.00480016289507011
28147	2735	1783	4	757126	0.00480016289507011
28147	3176	2466	5	878510	0.00480016289507011
28147	3391	3232	6	955774	0.00480016289507011
28147	3654	4002	7	1031348	0.00480016289507011
28147	4210	4694	8	1157522	0.00480016289507011
28147	4935	5256	9	1297823	0.00480016289507011
28147	5195	5677	10	1359593	0.00480016289507011
28147	5383	5973	11	1401656	0.00480016289507011
28147	5480	6173	12	1430657	0.00480016289507011
28147	5719	6303	13	1492435	0.00480016289507011
28147	5833	6386	14	1516327	0.00480016289507011
28147	5905	6439	15	1532088	0.00480016289507011
28147	5944	6472	16	1542028	0.00480016289507011
28147	5964	6492	17	1550051	0.00480016289507011
28149	0	961	0	39	0.0152482284993124
28149	496	1610	1	30315	0.0152482284993124
28149	3012	2652	2	227051	0.0152482284993124
28149	7061	4244	3	464442	0.0152482284993124
28149	13000	6516	4	757126	0.0152482284993124
28149	15598	9455	5	878510	0.0152482284993124
28149	17002	12807	6	955774	0.0152482284993124
28149	18093	16127	7	1031348	0.0152482284993124
28149	20279	18983	8	1157522	0.0152482284993124
28149	22536	21158	9	1297823	0.0152482284993124
28149	23490	22666	10	1359593	0.0152482284993124
28149	24093	23645	11	1401656	0.0152482284993124
28149	24580	24252	12	1430657	0.0152482284993124
28149	25432	24619	13	1492435	0.0152482284993124
28149	25825	24838	14	1516327	0.0152482284993124
28149	26017	24966	15	1532088	0.0152482284993124
28149	26182	25041	16	1542028	0.0152482284993124
28149	26287	25085	17	1550051	0.0152482284993124
28151	0	519	0	39	0.0147536296065822
28151	213	897	1	30315	0.0147536296065822
28151	2327	1535	2	227051	0.0147536296065822
28151	5684	2579	3	464442	0.0147536296065822
28151	10486	4205	4	757126	0.0147536296065822
28151	12498	6560	5	878510	0.0147536296065822
28151	13695	9631	6	955774	0.0147536296065822
28151	15040	13128	7	1031348	0.0147536296065822
28151	16604	16548	8	1157522	0.0147536296065822
28151	18373	19430	9	1297823	0.0147536296065822
28151	19374	21568	10	1359593	0.0147536296065822
28151	19991	23009	11	1401656	0.0147536296065822
28151	20401	23918	12	1430657	0.0147536296065822
28151	21440	24469	13	1492435	0.0147536296065822
28151	21879	24794	14	1516327	0.0147536296065822
28151	22163	24982	15	1532088	0.0147536296065822
28151	22356	25091	16	1542028	0.0147536296065822
28151	22488	25153	17	1550051	0.0147536296065822
28153	0	510	0	39	0.00678158250813383
28153	121	787	1	30315	0.00678158250813383
28153	1226	1193	2	227051	0.00678158250813383
28153	2202	1764	3	464442	0.00678158250813383
28153	3486	2517	4	757126	0.00678158250813383
28153	4057	3435	5	878510	0.00678158250813383
28153	4374	4453	6	955774	0.00678158250813383
28153	4762	5467	7	1031348	0.00678158250813383
28153	5473	6377	8	1157522	0.00678158250813383
28153	6642	7119	9	1297823	0.00678158250813383
28153	7018	7679	10	1359593	0.00678158250813383
28153	7225	8076	11	1401656	0.00678158250813383
28153	7347	8347	12	1430657	0.00678158250813383
28153	7628	8526	13	1492435	0.00678158250813383
28153	7782	8642	14	1516327	0.00678158250813383
28153	7870	8716	15	1532088	0.00678158250813383
28153	7909	8764	16	1542028	0.00678158250813383
28153	7936	8793	17	1550051	0.00678158250813383
28155	0	295	0	39	0.00325554936933601
28155	0	479	1	30315	0.00325554936933601
28155	970	757	2	227051	0.00325554936933601
28155	1586	1148	3	464442	0.00325554936933601
28155	2435	1647	4	757126	0.00325554936933601
28155	2840	2212	5	878510	0.00325554936933601
28155	3060	2770	6	955774	0.00325554936933601
28155	3209	3250	7	1031348	0.00325554936933601
28155	3594	3619	8	1157522	0.00325554936933601
28155	4095	3877	9	1297823	0.00325554936933601
28155	4292	4047	10	1359593	0.00325554936933601
28155	4372	4153	11	1401656	0.00325554936933601
28155	4424	4218	12	1430657	0.00325554936933601
28155	4555	4258	13	1492435	0.00325554936933601
28155	4607	4281	14	1516327	0.00325554936933601
28155	4645	4295	15	1532088	0.00325554936933601
28155	4662	4303	16	1542028	0.00325554936933601
28155	4684	4308	17	1550051	0.00325554936933601
28157	0	124	0	39	0.00289972041050364
28157	99	214	1	30315	0.00289972041050364
28157	629	364	2	227051	0.00289972041050364
28157	1575	610	3	464442	0.00289972041050364
28157	2948	988	4	757126	0.00289972041050364
28157	3231	1527	5	878510	0.00289972041050364
28157	3635	2215	6	955774	0.00289972041050364
28157	3853	2980	7	1031348	0.00289972041050364
28157	4332	3708	8	1157522	0.00289972041050364
28157	4798	4307	9	1297823	0.00289972041050364
28157	4984	4743	10	1359593	0.00289972041050364
28157	5138	5033	11	1401656	0.00289972041050364
28157	5262	5214	12	1430657	0.00289972041050364
28157	5497	5323	13	1492435	0.00289972041050364
28157	5577	5387	14	1516327	0.00289972041050364
28157	5633	5425	15	1532088	0.00289972041050364
28157	5668	5446	16	1542028	0.00289972041050364
28157	5696	5458	17	1550051	0.00289972041050364
28159	0	417	0	39	0.00603296407538735
28159	149	684	1	30315	0.00603296407538735
28159	1533	1100	2	227051	0.00603296407538735
28159	2677	1717	3	464442	0.00603296407538735
28159	4345	2565	4	757126	0.00603296407538735
28159	5254	3619	5	878510	0.00603296407538735
28159	5674	4779	6	955774	0.00603296407538735
28159	6045	5894	7	1031348	0.00603296407538735
28159	6818	6835	8	1157522	0.00603296407538735
28159	7605	7546	9	1297823	0.00603296407538735
28159	7840	8040	10	1359593	0.00603296407538735
28159	7998	8363	11	1401656	0.00603296407538735
28159	8126	8566	12	1430657	0.00603296407538735
28159	8392	8690	13	1492435	0.00603296407538735
28159	8506	8765	14	1516327	0.00603296407538735
28159	8600	8810	15	1532088	0.00603296407538735
28159	8632	8837	16	1542028	0.00603296407538735
28159	8659	8853	17	1550051	0.00603296407538735
28161	0	232	0	39	0.00406834469645169
28161	0	408	1	30315	0.00406834469645169
28161	1114	703	2	227051	0.00406834469645169
28161	2214	1173	3	464442	0.00406834469645169
28161	4074	1867	4	757126	0.00406834469645169
28161	4717	2780	5	878510	0.00406834469645169
28161	5110	3814	6	955774	0.00406834469645169
28161	5492	4806	7	1031348	0.00406834469645169
28161	6021	5617	8	1157522	0.00406834469645169
28161	6952	6197	9	1297823	0.00406834469645169
28161	7225	6574	10	1359593	0.00406834469645169
28161	7393	6804	11	1401656	0.00406834469645169
28161	7515	6938	12	1430657	0.00406834469645169
28161	7733	7015	13	1492435	0.00406834469645169
28161	7826	7058	14	1516327	0.00406834469645169
28161	7889	7083	15	1532088	0.00406834469645169
28161	7929	7096	16	1542028	0.00406834469645169
28161	7961	7104	17	1550051	0.00406834469645169
28163	0	386	0	39	0.0099759790252437
28163	181	633	1	30315	0.0099759790252437
28163	1434	1025	2	227051	0.0099759790252437
28163	3858	1634	3	464442	0.0099759790252437
28163	6164	2543	4	757126	0.0099759790252437
28163	7858	3821	5	878510	0.0099759790252437
28163	8786	5477	6	955774	0.0099759790252437
28163	9491	7406	7	1031348	0.0099759790252437
28163	11143	9397	8	1157522	0.0099759790252437
28163	12507	11207	9	1297823	0.0099759790252437
28163	13058	12676	10	1359593	0.0099759790252437
28163	13351	13761	11	1401656	0.0099759790252437
28163	13621	14507	12	1430657	0.0099759790252437
28163	14076	14996	13	1492435	0.0099759790252437
28163	14409	15306	14	1516327	0.0099759790252437
28163	14560	15499	15	1532088	0.0099759790252437
28163	14633	15617	16	1542028	0.0099759790252437
28163	14723	15689	17	1550051	0.0099759790252437
