1008	6
30001	0	106	0	109	0.00884468056041573
30001	211	215	1	30059	0.00884468056041573
30001	912	425	2	97591	0.00884468056041573
30001	1914	803	3	211930	0.00884468056041573
30001	3178	1406	4	355529	0.00884468056041573
30001	3763	2206	5	420850	0.00884468056041573
30001	4009	3042	6	459111	0.00884468056041573
30001	4119	3722	7	474805	0.00884468056041573
30001	4319	4173	8	495613	0.00884468056041573
30001	4523	4432	9	518514	0.00884468056041573
30001	4693	4568	10	539616	0.00884468056041573
30001	4804	4638	11	554841	0.00884468056041573
30001	4942	4672	12	577429	0.00884468056041573
30001	5030	4688	13	590470	0.00884468056041573
30001	5074	4696	14	598218	0.00884468056041573
30001	5094	4700	15	602795	0.00884468056041573
30001	5121	4702	16	606312	0.00884468056041573
30001	5136	4703	17	609664	0.00884468056041573
30003	0	368	0	109	0.0124618957351293
30003	998	571	1	30059	0.0124618957351293
30003	2447	876	2	97591	0.0124618957351293
30003	4498	1321	3	211930	0.0124618957351293
30003	5976	1945	4	355529	0.0124618957351293
30003	6503	2769	5	420850	0.0124618957351293
30003	7268	3780	6	459111	0.0124618957351293
30003	7744	4911	7	474805	0.0124618957351293
30003	8287	6053	8	495613	0.0124618957351293
30003	8761	7094	9	518514	0.0124618957351293
30003	9728	7958	10	539616	0.0124618957351293
30003	10441	8620	11	554841	0.0124618957351293
30003	11042	9097	12	577429	0.0124618957351293
30003	11414	9427	13	590470	0.0124618957351293
30003	11704	9647	14	598218	0.0124618957351293
30003	11834	9792	15	602795	0.0124618957351293
30003	11909	9885	16	606312	0.0124618957351293
30003	11955	9945	17	609664	0.0124618957351293
30005	0	191	0	109	0.00625106429960197
30005	1199	304	1	30059	0.00625106429960197
30005	1924	476	2	97591	0.00625106429960197
30005	2777	729	3	211930	0.00625106429960197
30005	3462	1084	4	355529	0.00625106429960197
30005	3677	1543	5	420850	0.00625106429960197
30005	4054	2083	6	459111	0.00625106429960197
30005	4222	2653	7	474805	0.00625106429960197
30005	4423	3188	8	495613	0.00625106429960197
30005	4650	3636	9	518514	0.00625106429960197
30005	4890	3980	10	539616	0.00625106429960197
30005	5047	4224	11	554841	0.00625106429960197
30005	5301	4390	12	577429	0.00625106429960197
30005	5401	4497	13	590470	0.00625106429960197
30005	5653	4566	14	598218	0.00625106429960197
30005	5690	4609	15	602795	0.00625106429960197
30005	5721	4636	16	606312	0.00625106429960197
30005	5748	4653	17	609664	0.00625106429960197
30007	0	100	0	109	0.00583563658683094
30007	73	207	1	30059	0.00583563658683094
30007	280	408	2	97591	0.00583563658683094
30007	890	738	3	211930	0.00583563658683094
30007	1339	1177	4	355529	0.00583563658683094
30007	1519	1623	5	420850	0.00583563658683094
30007	1646	1968	6	459111	0.00583563658683094
30007	1673	2181	7	474805	0.00583563658683094
30007	1726	2296	8	495613	0.00583563658683094
30007	1765	2353	9	518514	0.00583563658683094
30007	1826	2380	10	539616	0.00583563658683094
30007	1907	2393	11	554841	0.00583563658683094
30007	1971	2399	12	577429	0.00583563658683094
30007	2037	2402	13	590470	0.00583563658683094
30007	2074	2403	14	598218	0.00583563658683094
30007	2088	2404	15	602795	0.00583563658683094
30007	2104	2404	16	606312	0.00583563658683094
30007	2122	2404	17	609664	0.00583563658683094
30009	0	100	0	109	0.0100348248186246
30009	181	220	1	30059	0.0100348248186246
30009	928	469	2	97591	0.0100348248186246
30009	1822	948	3	211930	0.0100348248186246
30009	3446	1741	4	355529	0.0100348248186246
30009	3906	2778	5	420850	0.0100348248186246
30009	4105	3782	6	459111	0.0100348248186246
30009	4201	4508	7	474805	0.0100348248186246
30009	4372	4930	8	495613	0.0100348248186246
30009	4557	5145	9	518514	0.0100348248186246
30009	4699	5247	10	539616	0.0100348248186246
30009	4795	5294	11	554841	0.0100348248186246
30009	4922	5315	12	577429	0.0100348248186246
30009	4975	5325	13	590470	0.0100348248186246
30009	5011	5329	14	598218	0.0100348248186246
30009	5040	5331	15	602795	0.0100348248186246
30009	5064	5332	16	606312	0.0100348248186246
30009	5089	5332	17	609664	0.0100348248186246
30011	0	29	0	109	0.00117143129817418
30011	37	50	1	30059	0.00117143129817418
30011	127	86	2	97591	0.00117143129817418
30011	203	137	3	211930	0.00117143129817418
30011	234	200	4	355529	0.00117143129817418
30011	287	267	5	420850	0.00117143129817418
30011	293	325	6	459111	0.00117143129817418
30011	305	368	7	474805	0.00117143129817418
30011	318	396	8	495613	0.00117143129817418
30011	329	413	9	518514	0.00117143129817418
30011	352	423	10	539616	0.00117143129817418
30011	361	428	11	554841	0.00117143129817418
30011	369	431	12	577429	0.00117143129817418
30011	380	432	13	590470	0.00117143129817418
30011	382	433	14	598218	0.00117143129817418
30011	388	434	15	602795	0.00117143129817418
30011	390	434	16	606312	0.00117143129817418
30011	392	434	17	609664	0.00117143129817418
30013	0	508	0	109	0.0761299353092972
30013	2010	960	1	30059	0.0761299353092972
30013	7771	1797	2	97591	0.0761299353092972
30013	16194	3308	3	211930	0.0761299353092972
30013	26209	5910	4	355529	0.0761299353092972
30013	29671	10047	5	420850	0.0761299353092972
30013	32399	15860	6	459111	0.0761299353092972
30013	33831	22756	7	474805	0.0761299353092972
30013	35433	29463	8	495613	0.0761299353092972
30013	37715	34841	9	518514	0.0761299353092972
30013	39391	38523	10	539616	0.0761299353092972
30013	40516	40779	11	554841	0.0761299353092972
30013	41737	42069	12	577429	0.0761299353092972
30013	43147	42778	13	590470	0.0761299353092972
30013	43805	43159	14	598218	0.0761299353092972
30013	44167	43361	15	602795	0.0761299353092972
30013	44512	43468	16	606312	0.0761299353092972
30013	44770	43524	17	609664	0.0761299353092972
30015	0	47	0	109	0.00527237648978553
30015	89	87	1	30059	0.00527237648978553
30015	436	157	2	97591	0.00527237648978553
30015	924	277	3	211930	0.00527237648978553
30015	1145	469	4	355529	0.00527237648978553
30015	1246	746	5	420850	0.00527237648978553
30015	1330	1091	6	459111	0.00527237648978553
30015	1387	1450	7	474805	0.00527237648978553
30015	1449	1760	8	495613	0.00527237648978553
30015	1504	1987	9	518514	0.00527237648978553
30015	1576	2135	10	539616	0.00527237648978553
30015	1669	2223	11	554841	0.00527237648978553
30015	1746	2274	12	577429	0.00527237648978553
30015	1818	2302	13	590470	0.00527237648978553
30015	1848	2317	14	598218	0.00527237648978553
30015	1860	2325	15	602795	0.00527237648978553
30015	1866	2330	16	606312	0.00527237648978553
30015	1870	2332	17	609664	0.00527237648978553
30017	0	127	0	109	0.0106682585158003
30017	184	236	1	30059	0.0106682585158003
30017	777	428	2	97591	0.0106682585158003
30017	2032	752	3	211930	0.0106682585158003
30017	2993	1256	4	355529	0.0106682585158003
30017	3358	1947	5	420850	0.0106682585158003
30017	3618	2747	6	459111	0.0106682585158003
30017	3752	3509	7	474805	0.0106682585158003
30017	3955	4113	8	495613	0.0106682585158003
30017	4227	4525	9	518514	0.0106682585158003
30017	4455	4779	10	539616	0.0106682585158003
30017	4632	4925	11	554841	0.0106682585158003
30017	4799	5006	12	577429	0.0106682585158003
30017	4910	5050	13	590470	0.0106682585158003
30017	4953	5073	14	598218	0.0106682585158003
30017	4996	5086	15	602795	0.0106682585158003
30017	5026	5092	16	606312	0.0106682585158003
30017	5063	5096	17	609664	0.0106682585158003
30019	0	34	0	109	0.00158124512293479
30019	32	62	1	30059	0.00158124512293479
30019	193	110	2	97591	0.00158124512293479
30019	368	184	3	211930	0.00158124512293479
30019	469	286	4	355529	0.00158124512293479
30019	488	402	5	420850	0.00158124512293479
30019	527	509	6	459111	0.00158124512293479
30019	539	592	7	474805	0.00158124512293479
30019	561	647	8	495613	0.00158124512293479
30019	603	680	9	518514	0.00158124512293479
30019	637	699	10	539616	0.00158124512293479
30019	666	709	11	554841	0.00158124512293479
30019	684	714	12	577429	0.00158124512293479
30019	695	717	13	590470	0.00158124512293479
30019	706	719	14	598218	0.00158124512293479
30019	713	719	15	602795	0.00158124512293479
30019	714	720	16	606312	0.00158124512293479
30019	715	720	17	609664	0.00158124512293479
30021	0	158	0	109	0.00805873623895701
30021	236	307	1	30059	0.00805873623895701
30021	812	573	2	97591	0.00805873623895701
30021	1634	997	3	211930	0.00805873623895701
30021	2144	1568	4	355529	0.00805873623895701
30021	2385	2183	5	420850	0.00805873623895701
30021	2521	2703	6	459111	0.00805873623895701
30021	2598	3062	7	474805	0.00805873623895701
30021	2713	3276	8	495613	0.00805873623895701
30021	2862	3393	9	518514	0.00805873623895701
30021	2996	3453	10	539616	0.00805873623895701
30021	3073	3484	11	554841	0.00805873623895701
30021	3128	3499	12	577429	0.00805873623895701
30021	3169	3506	13	590470	0.00805873623895701
30021	3206	3510	14	598218	0.00805873623895701
30021	3242	3512	15	602795	0.00805873623895701
30021	3249	3513	16	606312	0.00805873623895701
30021	3267	3513	17	609664	0.00805873623895701
30023	0	57	0	109	0.00855182273587218
30023	250	127	1	30059	0.00855182273587218
30023	1023	275	2	97591	0.00855182273587218
30023	2311	578	3	211930	0.00855182273587218
30023	3516	1139	4	355529	0.00855182273587218
30023	3938	2013	5	420850	0.00855182273587218
30023	4180	3064	6	459111	0.00855182273587218
30023	4310	3998	7	474805	0.00855182273587218
30023	4504	4627	8	495613	0.00855182273587218
30023	4686	4978	9	518514	0.00855182273587218
30023	4851	5153	10	539616	0.00855182273587218
30023	4968	5235	11	554841	0.00855182273587218
30023	5112	5272	12	577429	0.00855182273587218
30023	5199	5289	13	590470	0.00855182273587218
30023	5255	5297	14	598218	0.00855182273587218
30023	5296	5300	15	602795	0.00855182273587218
30023	5311	5302	16	606312	0.00855182273587218
30023	5337	5302	17	609664	0.00855182273587218
30025	0	65	0	109	0.00266285421294226
30025	96	109	1	30059	0.00266285421294226
30025	399	177	2	97591	0.00266285421294226
30025	514	276	3	211930	0.00266285421294226
30025	585	404	4	355529	0.00266285421294226
30025	638	550	5	420850	0.00266285421294226
30025	691	693	6	459111	0.00266285421294226
30025	733	813	7	474805	0.00266285421294226
30025	782	902	8	495613	0.00266285421294226
30025	831	963	9	518514	0.00266285421294226
30025	868	1001	10	539616	0.00266285421294226
30025	890	1024	11	554841	0.00266285421294226
30025	923	1038	12	577429	0.00266285421294226
30025	945	1046	13	590470	0.00266285421294226
30025	971	1051	14	598218	0.00266285421294226
30025	977	1053	15	602795	0.00266285421294226
30025	983	1055	16	606312	0.00266285421294226
30025	985	1056	17	609664	0.00266285421294226
30027	0	196	0	109	0.010338910419189
30027	275	384	1	30059	0.010338910419189
30027	805	727	2	97591	0.010338910419189
30027	1848	1293	3	211930	0.010338910419189
30027	2973	2086	4	355529	0.010338910419189
30027	3711	2982	5	420850	0.010338910419189
30027	3962	3777	6	459111	0.010338910419189
30027	4100	4343	7	474805	0.010338910419189
30027	4276	4686	8	495613	0.010338910419189
30027	4480	4875	9	518514	0.010338910419189
30027	4651	4973	10	539616	0.010338910419189
30027	4812	5023	11	554841	0.010338910419189
30027	4998	5048	12	577429	0.010338910419189
30027	5088	5060	13	590470	0.010338910419189
30027	5144	5066	14	598218	0.010338910419189
30027	5172	5069	15	602795	0.010338910419189
30027	5193	5070	16	606312	0.010338910419189
30027	5214	5071	17	609664	0.010338910419189
30029	0	1328	0	109	0.0971258764682656
30029	2276	2589	1	30059	0.0971258764682656
30029	6029	4923	2	97591	0.0971258764682656
30029	13486	8952	3	211930	0.0971258764682656
30029	22153	15137	4	355529	0.0971258764682656
30029	28449	23104	5	420850	0.0971258764682656
30029	32093	31337	6	459111	0.0971258764682656
30029	33508	38119	7	474805	0.0971258764682656
30029	35497	42736	8	495613	0.0971258764682656
30029	37497	45486	9	518514	0.0971258764682656
30029	39224	46996	10	539616	0.0971258764682656
30029	40315	47788	11	554841	0.0971258764682656
30029	41779	48193	12	577429	0.0971258764682656
30029	42882	48398	13	590470	0.0971258764682656
30029	43562	48501	14	598218	0.0971258764682656
30029	43973	48553	15	602795	0.0971258764682656
30029	44287	48578	16	606312	0.0971258764682656
30029	44648	48591	17	609664	0.0971258764682656
30031	0	978	0	109	0.107069943430722
30031	2193	2189	1	30059	0.107069943430722
30031	6980	4791	2	97591	0.107069943430722
30031	16973	10015	3	211930	0.107069943430722
30031	33449	19200	4	355529	0.107069943430722
30031	46427	32124	5	420850	0.107069943430722
30031	51865	45588	6	459111	0.107069943430722
30031	53643	55858	7	474805	0.107069943430722
30031	55775	61985	8	495613	0.107069943430722
30031	58020	65119	9	518514	0.107069943430722
30031	60051	66596	10	539616	0.107069943430722
30031	61638	67265	11	554841	0.107069943430722
30031	64907	67563	12	577429	0.107069943430722
30031	66169	67695	13	590470	0.107069943430722
30031	66945	67752	14	598218	0.107069943430722
30031	67400	67778	15	602795	0.107069943430722
30031	67814	67789	16	606312	0.107069943430722
30031	68240	67794	17	609664	0.107069943430722
30033	0	24	0	109	0.0011770451861846
30033	19	52	1	30059	0.0011770451861846
30033	60	104	2	97591	0.0011770451861846
30033	173	175	3	211930	0.0011770451861846
30033	181	244	4	355529	0.0011770451861846
30033	184	293	5	420850	0.0011770451861846
30033	196	320	6	459111	0.0011770451861846
30033	197	332	7	474805	0.0011770451861846
30033	204	338	8	495613	0.0011770451861846
30033	217	340	9	518514	0.0011770451861846
30033	225	341	10	539616	0.0011770451861846
30033	229	342	11	554841	0.0011770451861846
30033	235	342	12	577429	0.0011770451861846
30033	237	342	13	590470	0.0011770451861846
30033	243	342	14	598218	0.0011770451861846
30033	243	342	15	602795	0.0011770451861846
30033	244	342	16	606312	0.0011770451861846
30033	244	342	17	609664	0.0011770451861846
30035	0	257	0	109	0.0128679669678829
30035	919	443	1	30059	0.0128679669678829
30035	3128	752	2	97591	0.0128679669678829
30035	5837	1248	3	211930	0.0128679669678829
30035	7133	1999	4	355529	0.0128679669678829
30035	7676	3044	5	420850	0.0128679669678829
30035	8430	4335	6	459111	0.0128679669678829
30035	8780	5718	7	474805	0.0128679669678829
30035	9185	6988	8	495613	0.0128679669678829
30035	9586	8002	9	518514	0.0128679669678829
30035	9908	8723	10	539616	0.0128679669678829
30035	10193	9195	11	554841	0.0128679669678829
30035	11038	9487	12	577429	0.0128679669678829
30035	11356	9663	13	590470	0.0128679669678829
30035	11535	9765	14	598218	0.0128679669678829
30035	11643	9825	15	602795	0.0128679669678829
30035	11749	9859	16	606312	0.0128679669678829
30035	11841	9879	17	609664	0.0128679669678829
30037	0	13	0	109	0.000768167009425718
30037	0	24	1	30059	0.000768167009425718
30037	84	42	2	97591	0.000768167009425718
30037	164	71	3	211930	0.000768167009425718
30037	224	114	4	355529	0.000768167009425718
30037	265	168	5	420850	0.000768167009425718
30037	279	224	6	459111	0.000768167009425718
30037	285	272	7	474805	0.000768167009425718
30037	298	308	8	495613	0.000768167009425718
30037	319	330	9	518514	0.000768167009425718
30037	332	344	10	539616	0.000768167009425718
30037	346	352	11	554841	0.000768167009425718
30037	362	356	12	577429	0.000768167009425718
30037	371	359	13	590470	0.000768167009425718
30037	375	360	14	598218	0.000768167009425718
30037	378	361	15	602795	0.000768167009425718
30037	380	361	16	606312	0.000768167009425718
30037	381	361	17	609664	0.000768167009425718
30039	0	45	0	109	0.00316155459786785
30039	69	95	1	30059	0.00316155459786785
30039	200	190	2	97591	0.00316155459786785
30039	502	356	3	211930	0.00316155459786785
30039	794	599	4	355529	0.00316155459786785
30039	890	877	5	420850	0.00316155459786785
30039	996	1116	6	459111	0.00316155459786785
30039	1028	1278	7	474805	0.00316155459786785
30039	1061	1369	8	495613	0.00316155459786785
30039	1103	1417	9	518514	0.00316155459786785
30039	1144	1439	10	539616	0.00316155459786785
30039	1174	1450	11	554841	0.00316155459786785
30039	1199	1455	12	577429	0.00316155459786785
30039	1220	1458	13	590470	0.00316155459786785
30039	1236	1459	14	598218	0.00316155459786785
30039	1243	1459	15	602795	0.00316155459786785
30039	1248	1460	16	606312	0.00316155459786785
30039	1260	1460	17	609664	0.00316155459786785
30041	0	337	0	109	0.0154232216606255
30041	579	535	1	30059	0.0154232216606255
30041	2467	840	2	97591	0.0154232216606255
30041	4333	1296	3	211930	0.0154232216606255
30041	5771	1948	4	355529	0.0154232216606255
30041	6313	2826	5	420850	0.0154232216606255
30041	6893	3914	6	459111	0.0154232216606255
30041	7214	5136	7	474805	0.0154232216606255
30041	7830	6362	8	495613	0.0154232216606255
30041	8307	7461	9	518514	0.0154232216606255
30041	8990	8351	10	539616	0.0154232216606255
30041	9734	9016	11	554841	0.0154232216606255
30041	10827	9482	12	577429	0.0154232216606255
30041	11225	9794	13	590470	0.0154232216606255
30041	11472	9998	14	598218	0.0154232216606255
30041	11589	10127	15	602795	0.0154232216606255
30041	11635	10209	16	606312	0.0154232216606255
30041	11701	10260	17	609664	0.0154232216606255
30043	0	177	0	109	0.0114345542292225
30043	321	361	1	30059	0.0114345542292225
30043	897	714	2	97591	0.0114345542292225
30043	2170	1330	3	211930	0.0114345542292225
30043	3713	2254	4	355529	0.0114345542292225
30043	4243	3365	5	420850	0.0114345542292225
30043	4702	4394	6	459111	0.0114345542292225
30043	4871	5140	7	474805	0.0114345542292225
30043	5092	5591	8	495613	0.0114345542292225
30043	5276	5835	9	518514	0.0114345542292225
30043	5454	5958	10	539616	0.0114345542292225
30043	5600	6018	11	554841	0.0114345542292225
30043	5814	6047	12	577429	0.0114345542292225
30043	6043	6061	13	590470	0.0114345542292225
30043	6097	6068	14	598218	0.0114345542292225
30043	6132	6071	15	602795	0.0114345542292225
30043	6168	6072	16	606312	0.0114345542292225
30043	6208	6073	17	609664	0.0114345542292225
30045	0	35	0	109	0.00187784553948528
30045	0	69	1	30059	0.00187784553948528
30045	136	130	2	97591	0.00187784553948528
30045	285	228	3	211930	0.00187784553948528
30045	464	363	4	355529	0.00187784553948528
30045	570	512	5	420850	0.00187784553948528
30045	596	639	6	459111	0.00187784553948528
30045	611	727	7	474805	0.00187784553948528
30045	654	780	8	495613	0.00187784553948528
30045	679	808	9	518514	0.00187784553948528
30045	708	823	10	539616	0.00187784553948528
30045	736	831	11	554841	0.00187784553948528
30045	769	834	12	577429	0.00187784553948528
30045	785	836	13	590470	0.00187784553948528
30045	787	837	14	598218	0.00187784553948528
30045	790	837	15	602795	0.00187784553948528
30045	794	838	16	606312	0.00187784553948528
30045	797	838	17	609664	0.00187784553948528
30047	0	554	0	109	0.0284979668368922
30047	619	1101	1	30059	0.0284979668368922
30047	2983	2115	2	97591	0.0284979668368922
30047	8038	3830	3	211930	0.0284979668368922
30047	11245	6316	4	355529	0.0284979668368922
30047	12612	9225	5	420850	0.0284979668368922
30047	13472	11884	6	459111	0.0284979668368922
30047	13900	13819	7	474805	0.0284979668368922
30047	14443	15006	8	495613	0.0284979668368922
30047	15043	15660	9	518514	0.0284979668368922
30047	15635	15998	10	539616	0.0284979668368922
30047	16026	16168	11	554841	0.0284979668368922
30047	16504	16251	12	577429	0.0284979668368922
30047	16805	16292	13	590470	0.0284979668368922
30047	17015	16312	14	598218	0.0284979668368922
30047	17141	16322	15	602795	0.0284979668368922
30047	17274	16327	16	606312	0.0284979668368922
30047	17388	16329	17	609664	0.0284979668368922
30049	0	746	0	109	0.064963912056573
30049	2334	1639	1	30059	0.064963912056573
30049	7718	3507	2	97591	0.064963912056573
30049	15523	7110	3	211930	0.064963912056573
30049	24660	13089	4	355529	0.064963912056573
30049	30420	20909	5	420850	0.064963912056573
30049	32808	28471	6	459111	0.064963912056573
30049	33653	33928	7	474805	0.064963912056573
30049	34791	37088	8	495613	0.064963912056573
30049	35960	38691	9	518514	0.064963912056573
30049	36974	39449	10	539616	0.064963912056573
30049	37749	39796	11	554841	0.064963912056573
30049	39495	39952	12	577429	0.064963912056573
30049	40371	40022	13	590470	0.064963912056573
30049	40799	40053	14	598218	0.064963912056573
30049	41038	40067	15	602795	0.064963912056573
30049	41257	40073	16	606312	0.064963912056573
30049	41482	40076	17	609664	0.064963912056573
30051	0	27	0	109	0.00218660938005835
30051	65	54	1	30059	0.00218660938005835
30051	198	105	2	97591	0.00218660938005835
30051	426	194	3	211930	0.00218660938005835
30051	573	328	4	355529	0.00218660938005835
30051	599	491	5	420850	0.00218660938005835
30051	628	644	6	459111	0.00218660938005835
30051	646	757	7	474805	0.00218660938005835
30051	662	827	8	495613	0.00218660938005835
30051	702	865	9	518514	0.00218660938005835
30051	733	885	10	539616	0.00218660938005835
30051	749	895	11	554841	0.00218660938005835
30051	769	899	12	577429	0.00218660938005835
30051	779	902	13	590470	0.00218660938005835
30051	785	903	14	598218	0.00218660938005835
30051	789	903	15	602795	0.00218660938005835
30051	797	904	16	606312	0.00218660938005835
30051	802	904	17	609664	0.00218660938005835
30053	0	208	0	109	0.0186942470746965
30053	167	409	1	30059	0.0186942470746965
30053	822	785	2	97591	0.0186942470746965
30053	3130	1440	3	211930	0.0186942470746965
30053	4321	2456	4	355529	0.0186942470746965
30053	4951	3773	5	420850	0.0186942470746965
30053	5333	5140	6	459111	0.0186942470746965
30053	5544	6263	7	474805	0.0186942470746965
30053	5790	7024	8	495613	0.0186942470746965
30053	6059	7473	9	518514	0.0186942470746965
30053	6319	7718	10	539616	0.0186942470746965
30053	6539	7845	11	554841	0.0186942470746965
30053	6765	7910	12	577429	0.0186942470746965
30053	6867	7942	13	590470	0.0186942470746965
30053	6935	7959	14	598218	0.0186942470746965
30053	6995	7967	15	602795	0.0186942470746965
30053	7053	7971	16	606312	0.0186942470746965
30053	7095	7973	17	609664	0.0186942470746965
30055	0	25	0	109	0.00155691827488964
30055	0	47	1	30059	0.00155691827488964
30055	62	85	2	97591	0.00155691827488964
30055	117	143	3	211930	0.00155691827488964
30055	183	218	4	355529	0.00155691827488964
30055	197	298	5	420850	0.00155691827488964
30055	225	366	6	459111	0.00155691827488964
30055	241	414	7	474805	0.00155691827488964
30055	254	443	8	495613	0.00155691827488964
30055	269	460	9	518514	0.00155691827488964
30055	278	469	10	539616	0.00155691827488964
30055	285	473	11	554841	0.00155691827488964
30055	288	476	12	577429	0.00155691827488964
30055	290	477	13	590470	0.00155691827488964
30055	296	477	14	598218	0.00155691827488964
30055	297	478	15	602795	0.00155691827488964
30055	298	478	16	606312	0.00155691827488964
30055	299	478	17	609664	0.00155691827488964
30057	0	125	0	109	0.00804657281493444
30057	92	272	1	30059	0.00804657281493444
30057	471	570	2	97591	0.00804657281493444
30057	1437	1095	3	211930	0.00804657281493444
30057	2396	1844	4	355529	0.00804657281493444
30057	2860	2636	5	420850	0.00804657281493444
30057	3052	3250	6	459111	0.00804657281493444
30057	3157	3621	7	474805	0.00804657281493444
30057	3268	3813	8	495613	0.00804657281493444
30057	3404	3903	9	518514	0.00804657281493444
30057	3520	3945	10	539616	0.00804657281493444
30057	3606	3963	11	554841	0.00804657281493444
30057	3699	3971	12	577429	0.00804657281493444
30057	3755	3975	13	590470	0.00804657281493444
30057	3788	3976	14	598218	0.00804657281493444
30057	3817	3977	15	602795	0.00804657281493444
30057	3835	3977	16	606312	0.00804657281493444
30057	3866	3978	17	609664	0.00804657281493444
30059	0	36	0	109	0.00174217657923348
30059	166	75	1	30059	0.00174217657923348
30059	200	148	2	97591	0.00174217657923348
30059	466	267	3	211930	0.00174217657923348
30059	682	427	4	355529	0.00174217657923348
30059	744	590	5	420850	0.00174217657923348
30059	764	716	6	459111	0.00174217657923348
30059	783	795	7	474805	0.00174217657923348
30059	807	838	8	495613	0.00174217657923348
30059	824	859	9	518514	0.00174217657923348
30059	864	869	10	539616	0.00174217657923348
30059	880	874	11	554841	0.00174217657923348
30059	905	876	12	577429	0.00174217657923348
30059	922	877	13	590470	0.00174217657923348
30059	935	878	14	598218	0.00174217657923348
30059	938	878	15	602795	0.00174217657923348
30059	940	878	16	606312	0.00174217657923348
30059	941	878	17	609664	0.00174217657923348
30061	0	111	0	109	0.00411404426363567
30061	0	206	1	30059	0.00411404426363567
30061	347	365	2	97591	0.00411404426363567
30061	850	610	3	211930	0.00411404426363567
30061	1440	933	4	355529	0.00411404426363567
30061	1629	1284	5	420850	0.00411404426363567
30061	1826	1594	6	459111	0.00411404426363567
30061	1908	1821	7	474805	0.00411404426363567
30061	2014	1966	8	495613	0.00411404426363567
30061	2092	2050	9	518514	0.00411404426363567
30061	2152	2096	10	539616	0.00411404426363567
30061	2207	2121	11	554841	0.00411404426363567
30061	2293	2134	12	577429	0.00411404426363567
30061	2337	2141	13	590470	0.00411404426363567
30061	2358	2144	14	598218	0.00411404426363567
30061	2383	2146	15	602795	0.00411404426363567
30061	2396	2147	16	606312	0.00411404426363567
30061	2408	2148	17	609664	0.00411404426363567
30063	0	617	0	109	0.111903501007693
30063	3652	1509	1	30059	0.111903501007693
30063	11056	3625	2	97591	0.111903501007693
30063	23727	8379	3	211930	0.111903501007693
30063	50370	17845	4	355529	0.111903501007693
30063	58692	32856	5	420850	0.111903501007693
30063	63349	49795	6	459111	0.111903501007693
30063	64704	62914	7	474805	0.111903501007693
30063	66641	70417	8	495613	0.111903501007693
30063	68451	73985	9	518514	0.111903501007693
30063	70156	75533	10	539616	0.111903501007693
30063	71324	76177	11	554841	0.111903501007693
30063	74571	76441	12	577429	0.111903501007693
30063	75744	76549	13	590470	0.111903501007693
30063	76471	76592	14	598218	0.111903501007693
30063	77060	76610	15	602795	0.111903501007693
30063	77457	76617	16	606312	0.111903501007693
30063	77736	76620	17	609664	0.111903501007693
30065	0	60	0	109	0.0043348571920455
30065	0	118	1	30059	0.0043348571920455
30065	204	225	2	97591	0.0043348571920455
30065	643	403	3	211930	0.0043348571920455
30065	1029	661	4	355529	0.0043348571920455
30065	1161	963	5	420850	0.0043348571920455
30065	1224	1240	6	459111	0.0043348571920455
30065	1281	1443	7	474805	0.0043348571920455
30065	1340	1569	8	495613	0.0043348571920455
30065	1396	1639	9	518514	0.0043348571920455
30065	1445	1676	10	539616	0.0043348571920455
30065	1488	1694	11	554841	0.0043348571920455
30065	1533	1703	12	577429	0.0043348571920455
30065	1565	1708	13	590470	0.0043348571920455
30065	1592	1710	14	598218	0.0043348571920455
30065	1610	1711	15	602795	0.0043348571920455
30065	1614	1712	16	606312	0.0043348571920455
30065	1622	1712	17	609664	0.0043348571920455
30067	0	175	0	109	0.0155373707168374
30067	430	396	1	30059	0.0155373707168374
30067	1243	871	2	97591	0.0155373707168374
30067	2794	1802	3	211930	0.0155373707168374
30067	5677	3342	4	355529	0.0155373707168374
30067	7040	5288	5	420850	0.0155373707168374
30067	7741	7058	6	459111	0.0155373707168374
30067	7939	8247	7	474805	0.0155373707168374
30067	8204	8892	8	495613	0.0155373707168374
30067	8465	9202	9	518514	0.0155373707168374
30067	8683	9343	10	539616	0.0155373707168374
30067	8951	9405	11	554841	0.0155373707168374
30067	9371	9431	12	577429	0.0155373707168374
30067	9562	9443	13	590470	0.0155373707168374
30067	9654	9448	14	598218	0.0155373707168374
30067	9706	9450	15	602795	0.0155373707168374
30067	9764	9451	16	606312	0.0155373707168374
30067	9822	9451	17	609664	0.0155373707168374
30071	0	58	0	109	0.00369955219886637
30071	144	102	1	30059	0.00369955219886637
30071	400	175	2	97591	0.00369955219886637
30071	800	292	3	211930	0.00369955219886637
30071	1103	461	4	355529	0.00369955219886637
30071	1181	681	5	420850	0.00369955219886637
30071	1250	925	6	459111	0.00369955219886637
30071	1285	1154	7	474805	0.00369955219886637
30071	1364	1338	8	495613	0.00369955219886637
30071	1456	1467	9	518514	0.00369955219886637
30071	1538	1550	10	539616	0.00369955219886637
30071	1616	1601	11	554841	0.00369955219886637
30071	1675	1630	12	577429	0.00369955219886637
30071	1703	1647	13	590470	0.00369955219886637
30071	1724	1656	14	598218	0.00369955219886637
30071	1731	1662	15	602795	0.00369955219886637
30071	1734	1665	16	606312	0.00369955219886637
30071	1740	1666	17	609664	0.00369955219886637
30073	0	205	0	109	0.00553061533826482
30073	144	330	1	30059	0.00553061533826482
30073	596	517	2	97591	0.00553061533826482
30073	1289	778	3	211930	0.00553061533826482
30073	1919	1108	4	355529	0.00553061533826482
30073	2130	1481	5	420850	0.00553061533826482
30073	2323	1848	6	459111	0.00553061533826482
30073	2412	2166	7	474805	0.00553061533826482
30073	2537	2411	8	495613	0.00553061533826482
30073	2717	2584	9	518514	0.00553061533826482
30073	2837	2699	10	539616	0.00553061533826482
30073	2947	2772	11	554841	0.00553061533826482
30073	3086	2817	12	577429	0.00553061533826482
30073	3155	2844	13	590470	0.00553061533826482
30073	3201	2861	14	598218	0.00553061533826482
30073	3215	2871	15	602795	0.00553061533826482
30073	3232	2876	16	606312	0.00553061533826482
30073	3254	2880	17	609664	0.00553061533826482
30075	0	29	0	109	0.0015737599389209
30075	0	50	1	30059	0.0015737599389209
30075	82	86	2	97591	0.0015737599389209
30075	144	140	3	211930	0.0015737599389209
30075	188	211	4	355529	0.0015737599389209
30075	261	291	5	420850	0.0015737599389209
30075	269	367	6	459111	0.0015737599389209
30075	281	427	7	474805	0.0015737599389209
30075	297	469	8	495613	0.0015737599389209
30075	319	495	9	518514	0.0015737599389209
30075	332	511	10	539616	0.0015737599389209
30075	348	519	11	554841	0.0015737599389209
30075	361	524	12	577429	0.0015737599389209
30075	369	527	13	590470	0.0015737599389209
30075	379	528	14	598218	0.0015737599389209
30075	385	529	15	602795	0.0015737599389209
30075	385	530	16	606312	0.0015737599389209
30075	385	530	17	609664	0.0015737599389209
30077	0	80	0	109	0.00644661473196492
30077	0	157	1	30059	0.00644661473196492
30077	391	304	2	97591	0.00644661473196492
30077	1232	560	3	211930	0.00644661473196492
30077	1895	958	4	355529	0.00644661473196492
30077	2206	1473	5	420850	0.00644661473196492
30077	2383	2003	6	459111	0.00644661473196492
30077	2445	2434	7	474805	0.00644661473196492
30077	2562	2722	8	495613	0.00644661473196492
30077	2748	2891	9	518514	0.00644661473196492
30077	2873	2982	10	539616	0.00644661473196492
30077	2944	3028	11	554841	0.00644661473196492
30077	3001	3052	12	577429	0.00644661473196492
30077	3050	3064	13	590470	0.00644661473196492
30077	3081	3070	14	598218	0.00644661473196492
30077	3110	3073	15	602795	0.00644661473196492
30077	3126	3074	16	606312	0.00644661473196492
30077	3139	3075	17	609664	0.00644661473196492
30079	0	21	0	109	0.00100769289787028
30079	36	43	1	30059	0.00100769289787028
30079	97	81	2	97591	0.00100769289787028
30079	207	143	3	211930	0.00100769289787028
30079	287	221	4	355529	0.00100769289787028
30079	312	297	5	420850	0.00100769289787028
30079	324	355	6	459111	0.00100769289787028
30079	335	391	7	474805	0.00100769289787028
30079	347	411	8	495613	0.00100769289787028
30079	354	420	9	518514	0.00100769289787028
30079	376	425	10	539616	0.00100769289787028
30079	381	428	11	554841	0.00100769289787028
30079	393	429	12	577429	0.00100769289787028
30079	403	429	13	590470	0.00100769289787028
30079	406	429	14	598218	0.00100769289787028
30079	407	430	15	602795	0.00100769289787028
30079	409	430	16	606312	0.00100769289787028
30079	413	430	17	609664	0.00100769289787028
30081	0	627	0	109	0.0409869963640719
30081	840	1363	1	30059	0.0409869963640719
30081	2367	2845	2	97591	0.0409869963640719
30081	7408	5496	3	211930	0.0409869963640719
30081	13472	9363	4	355529	0.0409869963640719
30081	15629	13610	5	420850	0.0409869963640719
30081	16869	17037	6	459111	0.0409869963640719
30081	17367	19178	7	474805	0.0409869963640719
30081	18123	20310	8	495613	0.0409869963640719
30081	18846	20856	9	518514	0.0409869963640719
30081	19526	21107	10	539616	0.0409869963640719
30081	19980	21221	11	554841	0.0409869963640719
30081	20551	21271	12	577429	0.0409869963640719
30081	20862	21294	13	590470	0.0409869963640719
30081	21081	21304	14	598218	0.0409869963640719
30081	21226	21309	15	602795	0.0409869963640719
30081	21367	21310	16	606312	0.0409869963640719
30081	21515	21311	17	609664	0.0409869963640719
30083	0	218	0	109	0.0101078053627601
30083	241	375	1	30059	0.0101078053627601
30083	777	628	2	97591	0.0101078053627601
30083	1361	1008	3	211930	0.0101078053627601
30083	2192	1526	4	355529	0.0101078053627601
30083	2474	2144	5	420850	0.0101078053627601
30083	2905	2773	6	459111	0.0101078053627601
30083	3024	3319	7	474805	0.0101078053627601
30083	3191	3730	8	495613	0.0101078053627601
30083	3480	4008	9	518514	0.0101078053627601
30083	3841	4183	10	539616	0.0101078053627601
30083	3970	4288	11	554841	0.0101078053627601
30083	4090	4349	12	577429	0.0101078053627601
30083	4155	4384	13	590470	0.0101078053627601
30083	4221	4404	14	598218	0.0101078053627601
30083	4277	4415	15	602795	0.0101078053627601
30083	4301	4422	16	606312	0.0101078053627601
30083	4337	4425	17	609664	0.0101078053627601
30085	0	275	0	109	0.0102958706111091
30085	0	418	1	30059	0.0102958706111091
30085	1002	629	2	97591	0.0102958706111091
30085	2276	932	3	211930	0.0102958706111091
30085	3299	1350	4	355529	0.0102958706111091
30085	3757	1898	5	420850	0.0102958706111091
30085	4356	2569	6	459111	0.0102958706111091
30085	4678	3327	7	474805	0.0102958706111091
30085	4900	4107	8	495613	0.0102958706111091
30085	5517	4836	9	518514	0.0102958706111091
30085	6206	5461	10	539616	0.0102958706111091
30085	6647	5956	11	554841	0.0102958706111091
30085	6947	6325	12	577429	0.0102958706111091
30085	7418	6588	13	590470	0.0102958706111091
30085	7831	6769	14	598218	0.0102958706111091
30085	7984	6890	15	602795	0.0102958706111091
30085	8111	6971	16	606312	0.0102958706111091
30085	8299	7024	17	609664	0.0102958706111091
30087	0	278	0	109	0.00836188619151966
30087	257	458	1	30059	0.00836188619151966
30087	1354	740	2	97591	0.00836188619151966
30087	3380	1160	3	211930	0.00836188619151966
30087	4205	1738	4	355529	0.00836188619151966
30087	4518	2457	5	420850	0.00836188619151966
30087	5055	3247	6	459111	0.00836188619151966
30087	5386	4002	7	474805	0.00836188619151966
30087	5617	4635	8	495613	0.00836188619151966
30087	5949	5110	9	518514	0.00836188619151966
30087	6572	5437	10	539616	0.00836188619151966
30087	6878	5650	11	554841	0.00836188619151966
30087	7192	5783	12	577429	0.00836188619151966
30087	7405	5863	13	590470	0.00836188619151966
30087	7488	5912	14	598218	0.00836188619151966
30087	7546	5941	15	602795	0.00836188619151966
30087	7570	5958	16	606312	0.00836188619151966
30087	7600	5968	17	609664	0.00836188619151966
30089	0	127	0	109	0.011333504245035
30089	89	259	1	30059	0.011333504245035
30089	625	511	2	97591	0.011333504245035
30089	1674	960	3	211930	0.011333504245035
30089	2738	1658	4	355529	0.011333504245035
30089	3427	2545	5	420850	0.011333504245035
30089	3694	3423	6	459111	0.011333504245035
30089	3764	4101	7	474805	0.011333504245035
30089	3938	4532	8	495613	0.011333504245035
30089	4116	4772	9	518514	0.011333504245035
30089	4286	4897	10	539616	0.011333504245035
30089	4382	4959	11	554841	0.011333504245035
30089	4467	4989	12	577429	0.011333504245035
30089	4537	5004	13	590470	0.011333504245035
30089	4591	5011	14	598218	0.011333504245035
30089	4640	5014	15	602795	0.011333504245035
30089	4672	5016	16	606312	0.011333504245035
30089	4703	5016	17	609664	0.011333504245035
30091	0	54	0	109	0.00309605923774629
30091	86	111	1	30059	0.00309605923774629
30091	406	219	2	97591	0.00309605923774629
30091	714	404	3	211930	0.00309605923774629
30091	1109	669	4	355529	0.00309605923774629
30091	1186	966	5	420850	0.00309605923774629
30091	1269	1219	6	459111	0.00309605923774629
30091	1299	1390	7	474805	0.00309605923774629
30091	1330	1488	8	495613	0.00309605923774629
30091	1390	1539	9	518514	0.00309605923774629
30091	1472	1563	10	539616	0.00309605923774629
30091	1516	1575	11	554841	0.00309605923774629
30091	1553	1581	12	577429	0.00309605923774629
30091	1574	1584	13	590470	0.00309605923774629
30091	1596	1585	14	598218	0.00309605923774629
30091	1596	1586	15	602795	0.00309605923774629
30091	1603	1586	16	606312	0.00309605923774629
30091	1607	1586	17	609664	0.00309605923774629
30093	0	452	0	109	0.0326681499806321
30093	1124	943	1	30059	0.0326681499806321
30093	3951	1916	2	97591	0.0326681499806321
30093	9111	3707	3	211930	0.0326681499806321
30093	14204	6590	4	355529	0.0326681499806321
30093	15650	10361	5	420850	0.0326681499806321
30093	17152	14152	6	459111	0.0326681499806321
30093	17579	17078	7	474805	0.0326681499806321
30093	18253	18908	8	495613	0.0326681499806321
30093	19099	19907	9	518514	0.0326681499806321
30093	19744	20412	10	539616	0.0326681499806321
30093	20056	20657	11	554841	0.0326681499806321
30093	20802	20774	12	577429	0.0326681499806321
30093	21079	20829	13	590470	0.0326681499806321
30093	21271	20855	14	598218	0.0326681499806321
30093	21385	20867	15	602795	0.0326681499806321
30093	21480	20872	16	606312	0.0326681499806321
30093	21559	20875	17	609664	0.0326681499806321
30095	0	172	0	109	0.00902151803274394
30095	199	358	1	30059	0.00902151803274394
30095	508	710	2	97591	0.00902151803274394
30095	1617	1289	3	211930	0.00902151803274394
30095	2707	2053	4	355529	0.00902151803274394
30095	2994	2819	5	420850	0.00902151803274394
30095	3202	3398	6	459111	0.00902151803274394
30095	3290	3750	7	474805	0.00902151803274394
30095	3431	3937	8	495613	0.00902151803274394
30095	3573	4028	9	518514	0.00902151803274394
30095	3714	4072	10	539616	0.00902151803274394
30095	3815	4092	11	554841	0.00902151803274394
30095	3918	4101	12	577429	0.00902151803274394
30095	3983	4106	13	590470	0.00902151803274394
30095	4017	4108	14	598218	0.00902151803274394
30095	4047	4108	15	602795	0.00902151803274394
30095	4063	4109	16	606312	0.00902151803274394
30095	4080	4109	17	609664	0.00902151803274394
30097	0	61	0	109	0.00349651658248953
30097	0	125	1	30059	0.00349651658248953
30097	205	243	2	97591	0.00349651658248953
30097	557	440	3	211930	0.00349651658248953
30097	932	714	4	355529	0.00349651658248953
30097	1098	1009	5	420850	0.00349651658248953
30097	1163	1255	6	459111	0.00349651658248953
30097	1200	1417	7	474805	0.00349651658248953
30097	1265	1510	8	495613	0.00349651658248953
30097	1340	1558	9	518514	0.00349651658248953
30097	1385	1582	10	539616	0.00349651658248953
30097	1426	1593	11	554841	0.00349651658248953
30097	1459	1598	12	577429	0.00349651658248953
30097	1494	1601	13	590470	0.00349651658248953
30097	1517	1602	14	598218	0.00349651658248953
30097	1522	1603	15	602795	0.00349651658248953
30097	1526	1603	16	606312	0.00349651658248953
30097	1530	1603	17	609664	0.00349651658248953
30099	0	64	0	109	0.00575142826667465
30099	83	122	1	30059	0.00575142826667465
30099	380	228	2	97591	0.00575142826667465
30099	916	411	3	211930	0.00575142826667465
30099	1456	698	4	355529	0.00575142826667465
30099	1757	1091	5	420850	0.00575142826667465
30099	1914	1535	6	459111	0.00575142826667465
30099	1982	1940	7	474805	0.00575142826667465
30099	2045	2245	8	495613	0.00575142826667465
30099	2149	2442	9	518514	0.00575142826667465
30099	2232	2558	10	539616	0.00575142826667465
30099	2370	2622	11	554841	0.00575142826667465
30099	2472	2656	12	577429	0.00575142826667465
30099	2512	2674	13	590470	0.00575142826667465
30099	2548	2683	14	598218	0.00575142826667465
30099	2557	2688	15	602795	0.00575142826667465
30099	2575	2690	16	606312	0.00575142826667465
30099	2593	2691	17	609664	0.00575142826667465
30101	0	61	0	109	0.00443122893622436
30101	196	110	1	30059	0.00443122893622436
30101	449	196	2	97591	0.00443122893622436
30101	858	337	3	211930	0.00443122893622436
30101	1372	551	4	355529	0.00443122893622436
30101	1521	837	5	420850	0.00443122893622436
30101	1604	1162	6	459111	0.00443122893622436
30101	1636	1469	7	474805	0.00443122893622436
30101	1727	1713	8	495613	0.00443122893622436
30101	1813	1880	9	518514	0.00443122893622436
30101	1966	1985	10	539616	0.00443122893622436
30101	2029	2046	11	554841	0.00443122893622436
30101	2089	2080	12	577429	0.00443122893622436
30101	2126	2099	13	590470	0.00443122893622436
30101	2167	2110	14	598218	0.00443122893622436
30101	2191	2115	15	602795	0.00443122893622436
30101	2195	2118	16	606312	0.00443122893622436
30101	2203	2120	17	609664	0.00443122893622436
30103	0	16	0	109	0.000651211009208648
30103	15	29	1	30059	0.000651211009208648
30103	121	51	2	97591	0.000651211009208648
30103	203	85	3	211930	0.000651211009208648
30103	215	130	4	355529	0.000651211009208648
30103	241	180	5	420850	0.000651211009208648
30103	251	225	6	459111	0.000651211009208648
30103	256	259	7	474805	0.000651211009208648
30103	263	282	8	495613	0.000651211009208648
30103	283	295	9	518514	0.000651211009208648
30103	295	303	10	539616	0.000651211009208648
30103	310	307	11	554841	0.000651211009208648
30103	325	309	12	577429	0.000651211009208648
30103	331	310	13	590470	0.000651211009208648
30103	335	311	14	598218	0.000651211009208648
30103	336	311	15	602795	0.000651211009208648
30103	336	311	16	606312	0.000651211009208648
30103	339	311	17	609664	0.000651211009208648
30105	0	128	0	109	0.00692005262084362
30105	159	248	1	30059	0.00692005262084362
30105	508	464	2	97591	0.00692005262084362
30105	1315	819	3	211930	0.00692005262084362
30105	2139	1321	4	355529	0.00692005262084362
30105	2382	1903	5	420850	0.00692005262084362
30105	2528	2438	6	459111	0.00692005262084362
30105	2624	2834	7	474805	0.00692005262084362
30105	2704	3083	8	495613	0.00692005262084362
30105	2836	3224	9	518514	0.00692005262084362
30105	3004	3300	10	539616	0.00692005262084362
30105	3175	3338	11	554841	0.00692005262084362
30105	3279	3358	12	577429	0.00692005262084362
30105	3354	3368	13	590470	0.00692005262084362
30105	3385	3373	14	598218	0.00692005262084362
30105	3412	3375	15	602795	0.00692005262084362
30105	3431	3376	16	606312	0.00692005262084362
30105	3463	3377	17	609664	0.00692005262084362
30107	0	55	0	109	0.00198918765169193
30107	49	94	1	30059	0.00198918765169193
30107	212	156	2	97591	0.00198918765169193
30107	326	244	3	211930	0.00198918765169193
30107	443	355	4	355529	0.00198918765169193
30107	547	477	5	420850	0.00198918765169193
30107	580	588	6	459111	0.00198918765169193
30107	593	676	7	474805	0.00198918765169193
30107	621	736	8	495613	0.00198918765169193
30107	656	775	9	518514	0.00198918765169193
30107	683	799	10	539616	0.00198918765169193
30107	707	812	11	554841	0.00198918765169193
30107	733	820	12	577429	0.00198918765169193
30107	750	824	13	590470	0.00198918765169193
30107	759	827	14	598218	0.00198918765169193
30107	762	828	15	602795	0.00198918765169193
30107	763	829	16	606312	0.00198918765169193
30107	764	829	17	609664	0.00198918765169193
30109	0	13	0	109	0.000906642913682729
30109	26	22	1	30059	0.000906642913682729
30109	76	36	2	97591	0.000906642913682729
30109	108	58	3	211930	0.000906642913682729
30109	133	89	4	355529	0.000906642913682729
30109	153	129	5	420850	0.000906642913682729
30109	209	174	6	459111	0.000906642913682729
30109	212	217	7	474805	0.000906642913682729
30109	213	254	8	495613	0.000906642913682729
30109	230	281	9	518514	0.000906642913682729
30109	250	299	10	539616	0.000906642913682729
30109	256	311	11	554841	0.000906642913682729
30109	262	318	12	577429	0.000906642913682729
30109	268	323	13	590470	0.000906642913682729
30109	272	325	14	598218	0.000906642913682729
30109	276	327	15	602795	0.000906642913682729
30109	276	328	16	606312	0.000906642913682729
30109	278	328	17	609664	0.000906642913682729
30111	0	1538	0	109	0.150920022680108
30111	5677	2990	1	30059	0.150920022680108
30111	16210	5720	2	97591	0.150920022680108
30111	30528	10617	3	211930	0.150920022680108
30111	50320	18715	4	355529	0.150920022680108
30111	57110	30452	5	420850	0.150920022680108
30111	62290	44579	6	459111	0.150920022680108
30111	64678	58228	7	474805	0.150920022680108
30111	68134	68885	8	495613	0.150920022680108
30111	71753	75906	9	518514	0.150920022680108
30111	74861	80027	10	539616	0.150920022680108
30111	76883	82285	11	554841	0.150920022680108
30111	79558	83474	12	577429	0.150920022680108
30111	81313	84089	13	590470	0.150920022680108
30111	82378	84403	14	598218	0.150920022680108
30111	83052	84562	15	602795	0.150920022680108
30111	83431	84643	16	606312	0.150920022680108
30111	83814	84684	17	609664	0.150920022680108
30069	0	10	0	109	0.000455660576845706
30069	0	19	1	30059	0.000455660576845706
30069	0	34	2	97591	0.000455660576845706
30069	89	58	3	211930	0.000455660576845706
30069	105	88	4	355529	0.000455660576845706
30069	123	121	5	420850	0.000455660576845706
30069	124	150	6	459111	0.000455660576845706
30069	127	172	7	474805	0.000455660576845706
30069	132	185	8	495613	0.000455660576845706
30069	135	193	9	518514	0.000455660576845706
30069	139	197	10	539616	0.000455660576845706
30069	141	199	11	554841	0.000455660576845706
30069	145	201	12	577429	0.000455660576845706
30069	147	201	13	590470	0.000455660576845706
30069	148	201	14	598218	0.000455660576845706
30069	149	202	15	602795	0.000455660576845706
30069	150	202	16	606312	0.000455660576845706
30069	150	202	17	609664	0.000455660576845706
