1800	6
37001	0	2997	0	29	0.0161620559103074
37001	3539	4978	1	177441	0.0161620559103074
37001	14510	8152	2	936012	0.0161620559103074
37001	31195	13050	3	1880976	0.0161620559103074
37001	55222	20192	4	3310821	0.0161620559103074
37001	63954	29793	5	4001032	0.0161620559103074
37001	70488	41373	6	4402636	0.0161620559103074
37001	73568	53651	7	4605542	0.0161620559103074
37001	77763	65008	8	4882863	0.0161620559103074
37001	83197	74263	9	5232429	0.0161620559103074
37001	87698	81057	10	5530687	0.0161620559103074
37001	89928	85672	11	5694294	0.0161620559103074
37001	94158	88642	12	5965690	0.0161620559103074
37001	96261	90490	13	6131190	0.0161620559103074
37001	97788	91614	14	6226604	0.0161620559103074
37001	98645	92289	15	6285143	0.0161620559103074
37001	100514	92691	16	6408857	0.0161620559103074
37001	101978	92929	17	6500986	0.0161620559103074
37003	0	791	0	29	0.00357520019862541
37003	574	1327	1	177441	0.00357520019862541
37003	3300	2177	2	936012	0.00357520019862541
37003	5793	3447	3	1880976	0.00357520019862541
37003	9789	5188	4	3310821	0.00357520019862541
37003	11499	7314	5	4001032	0.00357520019862541
37003	12469	9570	6	4402636	0.00357520019862541
37003	13014	11634	7	4605542	0.00357520019862541
37003	13543	13283	8	4882863	0.00357520019862541
37003	14293	14462	9	5232429	0.00357520019862541
37003	15128	15240	10	5530687	0.00357520019862541
37003	15622	15727	11	5694294	0.00357520019862541
37003	16177	16021	12	5965690	0.00357520019862541
37003	16670	16196	13	6131190	0.00357520019862541
37003	16949	16298	14	6226604	0.00357520019862541
37003	17082	16357	15	6285143	0.00357520019862541
37003	17270	16392	16	6408857	0.00357520019862541
37003	17420	16412	17	6500986	0.00357520019862541
37005	0	339	0	29	0.00106187173939492
37005	109	570	1	177441	0.00106187173939492
37005	1536	930	2	936012	0.00106187173939492
37005	2493	1453	3	1880976	0.00106187173939492
37005	3869	2136	4	3310821	0.00106187173939492
37005	4303	2916	5	4001032	0.00106187173939492
37005	4739	3682	6	4402636	0.00106187173939492
37005	4987	4328	7	4605542	0.00106187173939492
37005	5151	4809	8	4882863	0.00106187173939492
37005	5477	5133	9	5232429	0.00106187173939492
37005	5865	5338	10	5530687	0.00106187173939492
37005	6046	5462	11	5694294	0.00106187173939492
37005	6285	5536	12	5965690	0.00106187173939492
37005	6406	5578	13	6131190	0.00106187173939492
37005	6512	5603	14	6226604	0.00106187173939492
37005	6577	5617	15	6285143	0.00106187173939492
37005	6699	5625	16	6408857	0.00106187173939492
37005	6794	5629	17	6500986	0.00106187173939492
37007	0	441	0	29	0.00233083564166725
37007	172	677	1	177441	0.00233083564166725
37007	1881	1029	2	936012	0.00233083564166725
37007	2701	1540	3	1880976	0.00233083564166725
37007	3894	2257	4	3310821	0.00233083564166725
37007	4541	3214	5	4001032	0.00233083564166725
37007	5031	4407	6	4402636	0.00233083564166725
37007	5323	5779	7	4605542	0.00233083564166725
37007	5798	7216	8	4882863	0.00233083564166725
37007	6369	8579	9	5232429	0.00233083564166725
37007	10021	9757	10	5530687	0.00233083564166725
37007	10344	10696	11	5694294	0.00233083564166725
37007	10657	11398	12	5965690	0.00233083564166725
37007	11026	11897	13	6131190	0.00233083564166725
37007	11169	12239	14	6226604	0.00233083564166725
37007	11249	12469	15	6285143	0.00233083564166725
37007	11353	12620	16	6408857	0.00233083564166725
37007	11443	12718	17	6500986	0.00233083564166725
37009	0	336	0	29	0.00259370538985004
37009	249	615	1	177441	0.00259370538985004
37009	2138	1108	2	936012	0.00259370538985004
37009	5166	1936	3	1880976	0.00259370538985004
37009	8534	3218	4	3310821	0.00259370538985004
37009	9625	4977	5	4001032	0.00259370538985004
37009	10437	7028	6	4402636	0.00259370538985004
37009	10794	9008	7	4605542	0.00259370538985004
37009	11177	10602	8	4882863	0.00259370538985004
37009	12026	11708	9	5232429	0.00259370538985004
37009	12829	12397	10	5530687	0.00259370538985004
37009	13208	12800	11	5694294	0.00259370538985004
37009	13844	13026	12	5965690	0.00259370538985004
37009	14133	13149	13	6131190	0.00259370538985004
37009	14354	13216	14	6226604	0.00259370538985004
37009	14564	13252	15	6285143	0.00259370538985004
37009	14857	13272	16	6408857	0.00259370538985004
37009	15077	13282	17	6500986	0.00259370538985004
37011	0	527	0	29	0.0016739949832591
37011	239	900	1	177441	0.0016739949832591
37011	2508	1485	2	936012	0.0016739949832591
37011	3582	2332	3	1880976	0.0016739949832591
37011	5745	3422	4	3310821	0.0016739949832591
37011	6505	4631	5	4001032	0.0016739949832591
37011	6984	5769	6	4402636	0.0016739949832591
37011	7280	6686	7	4605542	0.0016739949832591
37011	7590	7338	8	4882863	0.0016739949832591
37011	8085	7760	9	5232429	0.0016739949832591
37011	8508	8018	10	5530687	0.0016739949832591
37011	8756	8169	11	5694294	0.0016739949832591
37011	9042	8256	12	5965690	0.0016739949832591
37011	9276	8306	13	6131190	0.0016739949832591
37011	9358	8334	14	6226604	0.0016739949832591
37011	9419	8349	15	6285143	0.0016739949832591
37011	9606	8358	16	6408857	0.0016739949832591
37011	9722	8363	17	6500986	0.0016739949832591
37013	0	1009	0	29	0.00448070400656593
37013	486	1828	1	177441	0.00448070400656593
37013	4367	3219	2	936012	0.00448070400656593
37013	11344	5412	3	1880976	0.00448070400656593
37013	16235	8494	4	3310821	0.00448070400656593
37013	17667	12190	5	4001032	0.00448070400656593
37013	18848	15868	6	4402636	0.00448070400656593
37013	19613	18905	7	4605542	0.00448070400656593
37013	20646	21052	8	4882863	0.00448070400656593
37013	21952	22406	9	5232429	0.00448070400656593
37013	23130	23202	10	5530687	0.00448070400656593
37013	23890	23649	11	5694294	0.00448070400656593
37013	24667	23894	12	5965690	0.00448070400656593
37013	25256	24026	13	6131190	0.00448070400656593
37013	25617	24098	14	6226604	0.00448070400656593
37013	25805	24136	15	6285143	0.00448070400656593
37013	26142	24156	16	6408857	0.00448070400656593
37013	26383	24167	17	6500986	0.00448070400656593
37015	0	308	0	29	0.00180652633979667
37015	63	500	1	177441	0.00180652633979667
37015	2067	800	2	936012	0.00180652633979667
37015	3663	1260	3	1880976	0.00180652633979667
37015	5173	1931	4	3310821	0.00180652633979667
37015	5796	2851	5	4001032	0.00180652633979667
37015	6274	4006	6	4402636	0.00180652633979667
37015	6534	5309	7	4605542	0.00180652633979667
37015	6988	6611	8	4882863	0.00180652633979667
37015	7582	7763	9	5232429	0.00180652633979667
37015	8421	8680	10	5530687	0.00180652633979667
37015	8827	9348	11	5694294	0.00180652633979667
37015	9220	9805	12	5965690	0.00180652633979667
37015	9488	10104	13	6131190	0.00180652633979667
37015	9696	10294	14	6226604	0.00180652633979667
37015	9798	10413	15	6285143	0.00180652633979667
37015	9902	10486	16	6408857	0.00180652633979667
37015	9966	10531	17	6500986	0.00180652633979667
37017	0	907	0	29	0.00311992161771397
37017	343	1304	1	177441	0.00311992161771397
37017	3371	1857	2	936012	0.00311992161771397
37017	4852	2614	3	1880976	0.00311992161771397
37017	6717	3619	4	3310821	0.00311992161771397
37017	7408	4903	5	4001032	0.00311992161771397
37017	8003	6469	6	4402636	0.00311992161771397
37017	8430	8269	7	4605542	0.00311992161771397
37017	9213	10205	8	4882863	0.00311992161771397
37017	10256	12142	9	5232429	0.00311992161771397
37017	14501	13948	10	5530687	0.00311992161771397
37017	14878	15521	11	5694294	0.00311992161771397
37017	15260	16814	12	5965690	0.00311992161771397
37017	19985	17826	13	6131190	0.00311992161771397
37017	20397	18589	14	6226604	0.00311992161771397
37017	20552	19148	15	6285143	0.00311992161771397
37017	20714	19548	16	6408857	0.00311992161771397
37017	20832	19831	17	6500986	0.00311992161771397
37019	0	1040	0	29	0.0136173585184863
37019	1799	2034	1	177441	0.0136173585184863
37019	16293	3930	2	936012	0.0136173585184863
37019	35670	7425	3	1880976	0.0136173585184863
37019	57381	13475	4	3310821	0.0136173585184863
37019	63436	22898	5	4001032	0.0136173585184863
37019	66707	35396	6	4402636	0.0136173585184863
37019	68721	48864	7	4605542	0.0136173585184863
37019	71604	60487	8	4882863	0.0136173585184863
37019	75869	68744	9	5232429	0.0136173585184863
37019	79896	73833	10	5530687	0.0136173585184863
37019	81687	76700	11	5694294	0.0136173585184863
37019	84585	78235	12	5965690	0.0136173585184863
37019	86198	79033	13	6131190	0.0136173585184863
37019	87032	79443	14	6226604	0.0136173585184863
37019	87680	79651	15	6285143	0.0136173585184863
37019	90836	79757	16	6408857	0.0136173585184863
37019	93013	79810	17	6500986	0.0136173585184863
37021	0	1023	0	29	0.0249035953564064
37021	6545	2092	1	177441	0.0249035953564064
37021	25617	4249	2	936012	0.0249035953564064
37021	54418	8514	3	1880976	0.0249035953564064
37021	100894	16626	4	3310821	0.0249035953564064
37021	120243	30961	5	4001032	0.0249035953564064
37021	130017	53284	6	4402636	0.0249035953564064
37021	134082	82022	7	4605542	0.0249035953564064
37021	140205	111154	8	4882863	0.0249035953564064
37021	146916	134341	9	5232429	0.0249035953564064
37021	153202	149495	10	5530687	0.0249035953564064
37021	158115	158164	11	5694294	0.0249035953564064
37021	166556	162751	12	5965690	0.0249035953564064
37021	169539	165077	13	6131190	0.0249035953564064
37021	171230	166232	14	6226604	0.0249035953564064
37021	172457	166799	15	6285143	0.0249035953564064
37021	177086	167076	16	6408857	0.0249035953564064
37021	180281	167210	17	6500986	0.0249035953564064
37023	0	2237	0	29	0.00862740992539724
37023	1615	3569	1	177441	0.00862740992539724
37023	9129	5580	2	936012	0.00862740992539724
37023	16886	8467	3	1880976	0.00862740992539724
37023	25126	12331	4	3310821	0.00862740992539724
37023	28555	17036	5	4001032	0.00862740992539724
37023	30786	22152	6	4402636	0.00862740992539724
37023	31878	27075	7	4605542	0.00862740992539724
37023	33481	31283	8	4882863	0.00862740992539724
37023	36332	34532	9	5232429	0.00862740992539724
37023	38062	36848	10	5530687	0.00862740992539724
37023	38989	38408	11	5694294	0.00862740992539724
37023	40409	39418	12	5965690	0.00862740992539724
37023	41159	40055	13	6131190	0.00862740992539724
37023	41689	40451	14	6226604	0.00862740992539724
37023	42238	40695	15	6285143	0.00862740992539724
37023	42982	40844	16	6408857	0.00862740992539724
37023	43442	40935	17	6500986	0.00862740992539724
37025	0	1166	0	29	0.0206379926018899
37025	2529	2120	1	177441	0.0206379926018899
37025	15727	3829	2	936012	0.0206379926018899
37025	28682	6837	3	1880976	0.0206379926018899
37025	52522	11969	4	3310821	0.0206379926018899
37025	72385	20272	5	4001032	0.0206379926018899
37025	81586	32626	6	4402636	0.0206379926018899
37025	85890	48885	7	4605542	0.0206379926018899
37025	92123	67150	8	4882863	0.0206379926018899
37025	99487	84351	9	5232429	0.0206379926018899
37025	105757	98061	10	5530687	0.0206379926018899
37025	108825	107607	11	5694294	0.0206379926018899
37025	115059	113645	12	5965690	0.0206379926018899
37025	119057	117235	13	6131190	0.0206379926018899
37025	121076	119292	14	6226604	0.0206379926018899
37025	122383	120445	15	6285143	0.0206379926018899
37025	124452	121084	16	6408857	0.0206379926018899
37025	126145	121436	17	6500986	0.0206379926018899
37027	0	1643	0	29	0.00783536821406083
37027	1098	2752	1	177441	0.00783536821406083
37027	9407	4514	2	936012	0.00783536821406083
37027	14143	7171	3	1880976	0.00783536821406083
37027	22637	10875	4	3310821	0.00783536821406083
37027	25942	15511	5	4001032	0.00783536821406083
37027	27913	20589	6	4402636	0.00783536821406083
37027	28959	25401	7	4605542	0.00783536821406083
37027	30612	29372	8	4882863	0.00783536821406083
37027	33140	32294	9	5232429	0.00783536821406083
37027	34975	34266	10	5530687	0.00783536821406083
37027	35884	35521	11	5694294	0.00783536821406083
37027	37112	36290	12	5965690	0.00783536821406083
37027	37691	36750	13	6131190	0.00783536821406083
37027	38146	37022	14	6226604	0.00783536821406083
37027	38440	37181	15	6285143	0.00783536821406083
37027	38961	37274	16	6408857	0.00783536821406083
37027	39283	37327	17	6500986	0.00783536821406083
37029	0	144	0	29	0.00103612823848474
37029	98	225	1	177441	0.00103612823848474
37029	1529	349	2	936012	0.00103612823848474
37029	1985	536	3	1880976	0.00103612823848474
37029	2441	808	4	3310821	0.00103612823848474
37029	2858	1190	5	4001032	0.00103612823848474
37029	3101	1696	6	4402636	0.00103612823848474
37029	3274	2318	7	4605542	0.00103612823848474
37029	3509	3014	8	4882863	0.00103612823848474
37029	3969	3719	9	5232429	0.00103612823848474
37029	5490	4363	10	5530687	0.00103612823848474
37029	5746	4898	11	5694294	0.00103612823848474
37029	5968	5308	12	5965690	0.00103612823848474
37029	6461	5604	13	6131190	0.00103612823848474
37029	6641	5809	14	6226604	0.00103612823848474
37029	6715	5945	15	6285143	0.00103612823848474
37029	6786	6035	16	6408857	0.00103612823848474
37029	6872	6093	17	6500986	0.00103612823848474
37031	0	891	0	29	0.00662399347678756
37031	1250	1404	1	177441	0.00662399347678756
37031	7711	2196	2	936012	0.00662399347678756
37031	12312	3396	3	1880976	0.00662399347678756
37031	18418	5164	4	3310821	0.00662399347678756
37031	20889	7660	5	4001032	0.00662399347678756
37031	22593	10985	6	4402636	0.00662399347678756
37031	23470	15088	7	4605542	0.00662399347678756
37031	24922	19694	8	4882863	0.00662399347678756
37031	26952	24349	9	5232429	0.00662399347678756
37031	36066	28579	10	5530687	0.00662399347678756
37031	37097	32068	11	5694294	0.00662399347678756
37031	38094	34723	12	5965690	0.00662399347678756
37031	43105	36621	13	6131190	0.00662399347678756
37031	43831	37920	14	6226604	0.00662399347678756
37031	44133	38781	15	6285143	0.00662399347678756
37031	45183	39341	16	6408857	0.00662399347678756
37031	45942	39699	17	6500986	0.00662399347678756
37033	0	589	0	29	0.00215520775768005
37033	183	1001	1	177441	0.00215520775768005
37033	2028	1657	2	936012	0.00215520775768005
37033	4316	2630	3	1880976	0.00215520775768005
37033	6877	3936	4	3310821	0.00215520775768005
37033	7708	5469	5	4001032	0.00215520775768005
37033	8280	7013	6	4402636	0.00215520775768005
37033	8641	8343	7	4605542	0.00215520775768005
37033	9013	9344	8	4882863	0.00215520775768005
37033	9883	10023	9	5232429	0.00215520775768005
37033	10289	10452	10	5530687	0.00215520775768005
37033	10513	10711	11	5694294	0.00215520775768005
37033	10807	10863	12	5965690	0.00215520775768005
37033	11025	10951	13	6131190	0.00215520775768005
37033	11162	11001	14	6226604	0.00215520775768005
37033	11237	11029	15	6285143	0.00215520775768005
37033	11328	11046	16	6408857	0.00215520775768005
37033	11395	11055	17	6500986	0.00215520775768005
37035	0	2805	0	29	0.0152125974582202
37035	3400	4756	1	177441	0.0152125974582202
37035	15869	7928	2	936012	0.0152125974582202
37035	27990	12862	3	1880976	0.0152125974582202
37035	46031	20034	4	3310821	0.0152125974582202
37035	56707	29494	5	4001032	0.0152125974582202
37035	62371	40490	6	4402636	0.0152125974582202
37035	65350	51543	7	4605542	0.0152125974582202
37035	69114	61143	8	4882863	0.0152125974582202
37035	74423	68479	9	5232429	0.0152125974582202
37035	78715	73556	10	5530687	0.0152125974582202
37035	80721	76832	11	5694294	0.0152125974582202
37035	83732	78852	12	5965690	0.0152125974582202
37035	85442	80062	13	6131190	0.0152125974582202
37035	86654	80776	14	6226604	0.0152125974582202
37035	87340	81192	15	6285143	0.0152125974582202
37035	89127	81433	16	6408857	0.0152125974582202
37035	90464	81572	17	6500986	0.0152125974582202
37037	0	337	0	29	0.00710043893622515
37037	1582	627	1	177441	0.00710043893622515
37037	10804	1161	2	936012	0.00710043893622515
37037	17423	2126	3	1880976	0.00710043893622515
37037	26908	3824	4	3310821	0.00710043893622515
37037	30712	6669	5	4001032	0.00710043893622515
37037	32869	11062	6	4402636	0.00710043893622515
37037	33792	17066	7	4605542	0.00710043893622515
37037	34996	24029	8	4882863	0.00710043893622515
37037	36828	30724	9	5232429	0.00710043893622515
37037	37714	36093	10	5530687	0.00710043893622515
37037	38841	39808	11	5694294	0.00710043893622515
37037	41346	42123	12	5965690	0.00710043893622515
37037	44718	43473	13	6131190	0.00710043893622515
37037	45365	44230	14	6226604	0.00710043893622515
37037	45687	44645	15	6285143	0.00710043893622515
37037	47322	44870	16	6408857	0.00710043893622515
37037	48267	44991	17	6500986	0.00710043893622515
37039	0	405	0	29	0.00272804832608129
37039	137	692	1	177441	0.00272804832608129
37039	2224	1165	2	936012	0.00272804832608129
37039	4944	1916	3	1880976	0.00272804832608129
37039	8075	3039	4	3310821	0.00272804832608129
37039	9525	4578	5	4001032	0.00272804832608129
37039	10377	6450	6	4402636	0.00272804832608129
37039	11006	8425	7	4605542	0.00272804832608129
37039	11701	10219	8	4882863	0.00272804832608129
37039	12943	11639	9	5232429	0.00272804832608129
37039	14277	12647	10	5530687	0.00272804832608129
37039	14885	13307	11	5694294	0.00272804832608129
37039	15380	13718	12	5965690	0.00272804832608129
37039	15744	13965	13	6131190	0.00272804832608129
37039	15997	14111	14	6226604	0.00272804832608129
37039	16204	14196	15	6285143	0.00272804832608129
37039	16474	14245	16	6408857	0.00272804832608129
37039	16665	14273	17	6500986	0.00272804832608129
37041	0	388	0	29	0.00132941345626141
37041	115	588	1	177441	0.00132941345626141
37041	2096	880	2	936012	0.00132941345626141
37041	3112	1288	3	1880976	0.00132941345626141
37041	4046	1833	4	3310821	0.00132941345626141
37041	4427	2514	5	4001032	0.00132941345626141
37041	4817	3301	6	4402636	0.00132941345626141
37041	5031	4128	7	4605542	0.00132941345626141
37041	5372	4917	8	4882863	0.00132941345626141
37041	6051	5604	9	5232429	0.00132941345626141
37041	6662	6154	10	5530687	0.00132941345626141
37041	7036	6568	11	5694294	0.00132941345626141
37041	7366	6863	12	5965690	0.00132941345626141
37041	7643	7066	13	6131190	0.00132941345626141
37041	7768	7203	14	6226604	0.00132941345626141
37041	7830	7294	15	6285143	0.00132941345626141
37041	7955	7353	16	6408857	0.00132941345626141
37041	8041	7391	17	6500986	0.00132941345626141
37043	0	207	0	29	0.00107083429156365
37043	97	338	1	177441	0.00107083429156365
37043	1103	544	2	936012	0.00107083429156365
37043	1646	855	3	1880976	0.00107083429156365
37043	2446	1300	4	3310821	0.00107083429156365
37043	2827	1890	5	4001032	0.00107083429156365
37043	3038	2595	6	4402636	0.00107083429156365
37043	3206	3341	7	4605542	0.00107083429156365
37043	3412	4036	8	4882863	0.00107083429156365
37043	3776	4610	9	5232429	0.00107083429156365
37043	5423	5039	10	5530687	0.00107083429156365
37043	5625	5336	11	5694294	0.00107083429156365
37043	5820	5531	12	5965690	0.00107083429156365
37043	5888	5655	13	6131190	0.00107083429156365
37043	5966	5732	14	6226604	0.00107083429156365
37043	6021	5779	15	6285143	0.00107083429156365
37043	6142	5807	16	6408857	0.00107083429156365
37043	6222	5824	17	6500986	0.00107083429156365
37045	0	3076	0	29	0.00933888401351477
37045	900	4771	1	177441	0.00933888401351477
37045	7251	7246	2	936012	0.00933888401351477
37045	16458	10680	3	1880976	0.00933888401351477
37045	24740	15121	4	3310821	0.00933888401351477
37045	28879	20371	5	4001032	0.00933888401351477
37045	31474	25955	6	4402636	0.00933888401351477
37045	32924	31268	7	4605542	0.00933888401351477
37045	35414	35810	8	4882863	0.00933888401351477
37045	38991	39352	9	5232429	0.00933888401351477
37045	43044	41923	10	5530687	0.00933888401351477
37045	44601	43691	11	5694294	0.00933888401351477
37045	46304	44864	12	5965690	0.00933888401351477
37045	47400	45623	13	6131190	0.00933888401351477
37045	48045	46107	14	6226604	0.00933888401351477
37045	48476	46412	15	6285143	0.00933888401351477
37045	49220	46603	16	6408857	0.00933888401351477
37045	49786	46722	17	6500986	0.00933888401351477
37047	0	1559	0	29	0.00529248240193347
37047	480	2441	1	177441	0.00529248240193347
37047	3568	3745	2	936012	0.00529248240193347
37047	8131	5577	3	1880976	0.00529248240193347
37047	13555	7973	4	3310821	0.00529248240193347
37047	15085	10837	5	4001032	0.00529248240193347
37047	16107	13907	6	4402636	0.00529248240193347
37047	16755	16841	7	4605542	0.00529248240193347
37047	18187	19350	8	4882863	0.00529248240193347
37047	20206	21302	9	5232429	0.00529248240193347
37047	21866	22710	10	5530687	0.00529248240193347
37047	22550	23672	11	5694294	0.00529248240193347
37047	23482	24305	12	5965690	0.00529248240193347
37047	24114	24711	13	6131190	0.00529248240193347
37047	24515	24968	14	6226604	0.00529248240193347
37047	24734	25128	15	6285143	0.00529248240193347
37047	24970	25228	16	6408857	0.00529248240193347
37047	25183	25289	17	6500986	0.00529248240193347
37049	0	2176	0	29	0.00973857570172016
37049	2058	3417	1	177441	0.00973857570172016
37049	10382	5298	2	936012	0.00973857570172016
37049	22438	8059	3	1880976	0.00973857570172016
37049	34600	11925	4	3310821	0.00973857570172016
37049	39069	17000	5	4001032	0.00973857570172016
37049	42263	23121	6	4402636	0.00973857570172016
37049	44141	29798	7	4605542	0.00973857570172016
37049	46861	36324	8	4882863	0.00973857570172016
37049	50651	42056	9	5232429	0.00973857570172016
37049	55203	46635	10	5530687	0.00973857570172016
37049	57236	50023	11	5694294	0.00973857570172016
37049	59203	52392	12	5965690	0.00973857570172016
37049	61259	53983	13	6131190	0.00973857570172016
37049	62306	55022	14	6226604	0.00973857570172016
37049	62814	55689	15	6285143	0.00973857570172016
37049	64009	56112	16	6408857	0.00973857570172016
37049	64774	56379	17	6500986	0.00973857570172016
37051	0	4379	0	29	0.0319895416550821
37051	9589	7433	1	177441	0.0319895416550821
37051	41246	12481	2	936012	0.0319895416550821
37051	73962	20594	3	1880976	0.0319895416550821
37051	108639	33053	4	3310821	0.0319895416550821
37051	129291	50921	5	4001032	0.0319895416550821
37051	145463	74177	6	4402636	0.0319895416550821
37051	154287	100905	7	4605542	0.0319895416550821
37051	165996	127564	8	4882863	0.0319895416550821
37051	180316	150647	9	5232429	0.0319895416550821
37051	190301	168312	10	5530687	0.0319895416550821
37051	195653	180594	11	5694294	0.0319895416550821
37051	202242	188574	12	5965690	0.0319895416550821
37051	195311	193535	13	6131190	0.0319895416550821
37051	200236	196533	14	6226604	0.0319895416550821
37051	202272	198315	15	6285143	0.0319895416550821
37051	205102	199363	16	6408857	0.0319895416550821
37051	207075	199976	17	6500986	0.0319895416550821
37053	0	375	0	29	0.00264709931766374
37053	229	621	1	177441	0.00264709931766374
37053	3480	1014	2	936012	0.00264709931766374
37053	4625	1630	3	1880976	0.00264709931766374
37053	7382	2551	4	3310821	0.00264709931766374
37053	8966	3843	5	4001032	0.00264709931766374
37053	9997	5499	6	4402636	0.00264709931766374
37053	10464	7396	7	4605542	0.00264709931766374
37053	11193	9306	8	4882863	0.00264709931766374
37053	12239	10994	9	5232429	0.00264709931766374
37053	13414	12324	10	5530687	0.00264709931766374
37053	14096	13281	11	5694294	0.00264709931766374
37053	14792	13923	12	5965690	0.00264709931766374
37053	15794	14336	13	6131190	0.00264709931766374
37053	16162	14593	14	6226604	0.00264709931766374
37053	16357	14751	15	6285143	0.00264709931766374
37053	16657	14846	16	6408857	0.00264709931766374
37053	16862	14903	17	6500986	0.00264709931766374
37055	0	550	0	29	0.00352867120438776
37055	432	1150	1	177441	0.00352867120438776
37055	6653	2338	2	936012	0.00352867120438776
37055	10575	4503	3	1880976	0.00352867120438776
37055	18250	7922	4	3310821	0.00352867120438776
37055	19928	12260	5	4001032	0.00352867120438776
37055	21372	16460	6	4402636	0.00352867120438776
37055	21935	19586	7	4605542	0.00352867120438776
37055	22960	21488	8	4882863	0.00352867120438776
37055	23980	22506	9	5232429	0.00352867120438776
37055	25112	23014	10	5530687	0.00352867120438776
37055	25668	23259	11	5694294	0.00352867120438776
37055	26619	23375	12	5965690	0.00352867120438776
37055	27184	23429	13	6131190	0.00352867120438776
37055	27491	23455	14	6226604	0.00352867120438776
37055	27659	23467	15	6285143	0.00352867120438776
37055	28246	23472	16	6408857	0.00352867120438776
37055	28666	23475	17	6500986	0.00352867120438776
37057	0	3153	0	29	0.0159808979409395
37057	3520	5202	1	177441	0.0159808979409395
37057	13315	8434	2	936012	0.0159808979409395
37057	24512	13305	3	1880976	0.0159808979409395
37057	42284	20173	4	3310821	0.0159808979409395
37057	49971	28993	5	4001032	0.0159808979409395
37057	54680	39057	6	4402636	0.0159808979409395
37057	57140	49103	7	4605542	0.0159808979409395
37057	61124	57878	8	4882863	0.0159808979409395
37057	66597	64691	9	5232429	0.0159808979409395
37057	70994	69514	10	5530687	0.0159808979409395
37057	72979	72709	11	5694294	0.0159808979409395
37057	75839	74733	12	5965690	0.0159808979409395
37057	77690	75980	13	6131190	0.0159808979409395
37057	78865	76735	14	6226604	0.0159808979409395
37057	79548	77186	15	6285143	0.0159808979409395
37057	80622	77455	16	6408857	0.0159808979409395
37057	81427	77614	17	6500986	0.0159808979409395
37059	0	403	0	29	0.00408520755554589
37059	1868	703	1	177441	0.00408520755554589
37059	5695	1215	2	936012	0.00408520755554589
37059	9500	2061	3	1880976	0.00408520755554589
37059	13674	3402	4	3310821	0.00408520755554589
37059	15955	5380	5	4001032	0.00408520755554589
37059	17336	8014	6	4402636	0.00408520755554589
37059	18045	11080	7	4605542	0.00408520755554589
37059	19213	14139	8	4882863	0.00408520755554589
37059	20570	16752	9	5232429	0.00408520755554589
37059	21706	18707	10	5530687	0.00408520755554589
37059	22283	20028	11	5694294	0.00408520755554589
37059	23218	20861	12	5965690	0.00408520755554589
37059	23689	21363	13	6131190	0.00408520755554589
37059	23982	21658	14	6226604	0.00408520755554589
37059	24187	21828	15	6285143	0.00408520755554589
37059	24638	21926	16	6408857	0.00408520755554589
37059	24995	21981	17	6500986	0.00408520755554589
37061	0	1516	0	29	0.00560073698875791
37061	362	2350	1	177441	0.00560073698875791
37061	3376	3581	2	936012	0.00560073698875791
37061	7602	5320	3	1880976	0.00560073698875791
37061	12256	7632	4	3310821	0.00560073698875791
37061	14486	10473	5	4001032	0.00560073698875791
37061	15843	13643	6	4402636	0.00560073698875791
37061	16903	16820	7	4605542	0.00560073698875791
37061	18436	19679	8	4882863	0.00560073698875791
37061	20676	22015	9	5232429	0.00560073698875791
37061	22004	23777	10	5530687	0.00560073698875791
37061	22586	25026	11	5694294	0.00560073698875791
37061	23547	25875	12	5965690	0.00560073698875791
37061	25539	26434	13	6131190	0.00560073698875791
37061	25973	26796	14	6226604	0.00560073698875791
37061	26156	27027	15	6285143	0.00560073698875791
37061	26475	27173	16	6408857	0.00560073698875791
37061	26691	27265	17	6500986	0.00560073698875791
37063	0	1647	0	29	0.0306526911874466
37063	11187	3255	1	177441	0.0306526911874466
37063	39670	6390	2	936012	0.0306526911874466
37063	72554	12375	3	1880976	0.0306526911874466
37063	129432	23370	4	3310821	0.0306526911874466
37063	152958	42201	5	4001032	0.0306526911874466
37063	166776	70888	6	4402636	0.0306526911874466
37063	172946	107634	7	4605542	0.0306526911874466
37063	181022	145518	8	4882863	0.0306526911874466
37063	190680	176765	9	5232429	0.0306526911874466
37063	199152	198133	10	5530687	0.0306526911874466
37063	204408	210938	11	5694294	0.0306526911874466
37063	215972	218015	12	5965690	0.0306526911874466
37063	220621	221752	13	6131190	0.0306526911874466
37063	223839	223677	14	6226604	0.0306526911874466
37063	225689	224657	15	6285143	0.0306526911874466
37063	230910	225152	16	6408857	0.0306526911874466
37063	234379	225401	17	6500986	0.0306526911874466
37065	0	523	0	29	0.00490766473647618
37065	298	883	1	177441	0.00490766473647618
37065	3114	1476	2	936012	0.00490766473647618
37065	7752	2432	3	1880976	0.00490766473647618
37065	12632	3917	4	3310821	0.00490766473647618
37065	14636	6098	5	4001032	0.00490766473647618
37065	16888	9043	6	4402636	0.00490766473647618
37065	17782	12608	7	4605542	0.00490766473647618
37065	19087	16389	8	4882863	0.00490766473647618
37065	20347	19878	9	5232429	0.00490766473647618
37065	21771	22707	10	5530687	0.00490766473647618
37065	22513	24770	11	5694294	0.00490766473647618
37065	23365	26162	12	5965690	0.00490766473647618
37065	24054	27051	13	6131190	0.00490766473647618
37065	24516	27600	14	6226604	0.00490766473647618
37065	24934	27932	15	6285143	0.00490766473647618
37065	25184	28130	16	6408857	0.00490766473647618
37065	25413	28247	17	6500986	0.00490766473647618
37067	0	3613	0	29	0.0364504136313172
37067	9885	6539	1	177441	0.0364504136313172
37067	36966	11715	2	936012	0.0364504136313172
37067	74246	20614	3	1880976	0.0364504136313172
37067	130510	35198	4	3310821	0.0364504136313172
37067	151994	57316	5	4001032	0.0364504136313172
37067	166752	87204	6	4402636	0.0364504136313172
37067	174737	121865	7	4605542	0.0364504136313172
37067	185631	155600	8	4882863	0.0364504136313172
37067	197875	183271	9	5232429	0.0364504136313172
37067	208608	202958	10	5530687	0.0364504136313172
37067	214051	215590	11	5694294	0.0364504136313172
37067	224725	223165	12	5965690	0.0364504136313172
37067	229225	227526	13	6131190	0.0364504136313172
37067	232866	229977	14	6226604	0.0364504136313172
37067	235973	231337	15	6285143	0.0364504136313172
37067	240980	232085	16	6408857	0.0364504136313172
37067	244944	232495	17	6500986	0.0364504136313172
37069	0	861	0	29	0.00664420689231703
37069	680	1468	1	177441	0.00664420689231703
37069	5384	2474	2	936012	0.00664420689231703
37069	9912	4089	3	1880976	0.00664420689231703
37069	16808	6558	4	3310821	0.00664420689231703
37069	21258	10062	5	4001032	0.00664420689231703
37069	24002	14539	6	4402636	0.00664420689231703
37069	25164	19556	7	4605542	0.00664420689231703
37069	26881	24413	8	4882863	0.00664420689231703
37069	29163	28494	9	5232429	0.00664420689231703
37069	31536	31532	10	5530687	0.00664420689231703
37069	32428	33597	11	5694294	0.00664420689231703
37069	33842	34916	12	5965690	0.00664420689231703
37069	34911	35724	13	6131190	0.00664420689231703
37069	35494	36207	14	6226604	0.00664420689231703
37069	35757	36492	15	6285143	0.00664420689231703
37069	36518	36658	16	6408857	0.00664420689231703
37069	37034	36754	17	6500986	0.00664420689231703
37071	0	3351	0	29	0.0214080093180032
37071	2756	5550	1	177441	0.0214080093180032
37071	16882	9072	2	936012	0.0214080093180032
37071	33892	14530	3	1880976	0.0214080093180032
37071	53848	22565	4	3310821	0.0214080093180032
37071	66592	33543	5	4001032	0.0214080093180032
37071	73649	47109	6	4402636	0.0214080093180032
37071	77870	61935	7	4605542	0.0214080093180032
37071	83544	76112	8	4882863	0.0214080093180032
37071	90655	88040	9	5232429	0.0214080093180032
37071	99611	97041	10	5530687	0.0214080093180032
37071	103607	103291	11	5694294	0.0214080093180032
37071	107648	107385	12	5965690	0.0214080093180032
37071	110067	109964	13	6131190	0.0214080093180032
37071	111621	111550	14	6226604	0.0214080093180032
37071	112543	112511	15	6285143	0.0214080093180032
37071	114325	113087	16	6408857	0.0214080093180032
37071	115531	113431	17	6500986	0.0214080093180032
37073	0	67	0	29	0.00110239391675353
37073	0	114	1	177441	0.00110239391675353
37073	1203	193	2	936012	0.00110239391675353
37073	1899	325	3	1880976	0.00110239391675353
37073	2932	538	4	3310821	0.00110239391675353
37073	3392	870	5	4001032	0.00110239391675353
37073	3781	1359	6	4402636	0.00110239391675353
37073	3979	2021	7	4605542	0.00110239391675353
37073	4282	2822	8	4882863	0.00110239391675353
37073	4713	3668	9	5232429	0.00110239391675353
37073	5160	4443	10	5530687	0.00110239391675353
37073	5480	5068	11	5694294	0.00110239391675353
37073	5701	5520	12	5965690	0.00110239391675353
37073	5886	5822	13	6131190	0.00110239391675353
37073	6034	6014	14	6226604	0.00110239391675353
37073	6111	6131	15	6285143	0.00110239391675353
37073	6184	6202	16	6408857	0.00110239391675353
37073	6227	6244	17	6500986	0.00110239391675353
37075	0	267	0	29	0.000804818115491829
37075	0	426	1	177441	0.000804818115491829
37075	877	663	2	936012	0.000804818115491829
37075	1797	992	3	1880976	0.000804818115491829
37075	2309	1412	4	3310821	0.000804818115491829
37075	2543	1890	5	4001032	0.000804818115491829
37075	2727	2372	6	4402636	0.000804818115491829
37075	2884	2798	7	4605542	0.000804818115491829
37075	3151	3134	8	4882863	0.000804818115491829
37075	3488	3378	9	5232429	0.000804818115491829
37075	3784	3543	10	5530687	0.000804818115491829
37075	3905	3649	11	5694294	0.000804818115491829
37075	4008	3716	12	5965690	0.000804818115491829
37075	4075	3757	13	6131190	0.000804818115491829
37075	4129	3782	14	6226604	0.000804818115491829
37075	4167	3797	15	6285143	0.000804818115491829
37075	4227	3806	16	6408857	0.000804818115491829
37075	4266	3812	17	6500986	0.000804818115491829
37077	0	1070	0	29	0.00576301639079168
37077	1944	1849	1	177441	0.00576301639079168
37077	7191	3143	2	936012	0.00576301639079168
37077	13490	5201	3	1880976	0.00576301639079168
37077	19649	8257	4	3310821	0.00576301639079168
37077	23381	12362	5	4001032	0.00576301639079168
37077	25423	17193	6	4402636	0.00576301639079168
37077	26517	22068	7	4605542	0.00576301639079168
37077	28052	26280	8	4882863	0.00576301639079168
37077	30255	29457	9	5232429	0.00576301639079168
37077	33147	31618	10	5530687	0.00576301639079168
37077	34424	32985	11	5694294	0.00576301639079168
37077	35529	33812	12	5965690	0.00576301639079168
37077	36318	34297	13	6131190	0.00576301639079168
37077	36812	34578	14	6226604	0.00576301639079168
37077	37141	34739	15	6285143	0.00576301639079168
37077	37749	34830	16	6408857	0.00576301639079168
37077	38173	34882	17	6500986	0.00576301639079168
37079	0	564	0	29	0.00200885118769072
37079	0	820	1	177441	0.00200885118769072
37079	1638	1181	2	936012	0.00200885118769072
37079	3232	1678	3	1880976	0.00200885118769072
37079	4827	2341	4	3310821	0.00200885118769072
37079	5513	3189	5	4001032	0.00200885118769072
37079	6102	4219	6	4402636	0.00200885118769072
37079	6365	5390	7	4605542	0.00200885118769072
37079	6793	6629	8	4882863	0.00200885118769072
37079	7407	7843	9	5232429	0.00200885118769072
37079	9458	8946	10	5530687	0.00200885118769072
37079	9803	9881	11	5694294	0.00200885118769072
37079	10076	10630	12	5965690	0.00200885118769072
37079	12609	11201	13	6131190	0.00200885118769072
37079	12897	11621	14	6226604	0.00200885118769072
37079	13032	11922	15	6285143	0.00200885118769072
37079	13181	12134	16	6408857	0.00200885118769072
37079	13252	12281	17	6500986	0.00200885118769072
37081	0	4339	0	29	0.0512175531774917
37081	6476	8194	1	177441	0.0512175531774917
37081	40863	15311	2	936012	0.0512175531774917
37081	90249	28072	3	1880976	0.0512175531774917
37081	180192	49793	4	3310821	0.0512175531774917
37081	214620	83679	5	4001032	0.0512175531774917
37081	236288	129973	6	4402636	0.0512175531774917
37081	246696	182941	7	4605542	0.0512175531774917
37081	260591	232540	8	4882863	0.0512175531774917
37081	276365	270992	9	5232429	0.0512175531774917
37081	290624	296666	10	5530687	0.0512175531774917
37081	298583	312144	11	5694294	0.0512175531774917
37081	312015	320906	12	5965690	0.0512175531774917
37081	319095	325691	13	6131190	0.0512175531774917
37081	324172	328253	14	6226604	0.0512175531774917
37081	327434	329610	15	6285143	0.0512175531774917
37081	335755	330324	16	6408857	0.0512175531774917
37081	342283	330699	17	6500986	0.0512175531774917
37083	0	809	0	29	0.00476826844636256
37083	355	1380	1	177441	0.00476826844636256
37083	3427	2320	2	936012	0.00476826844636256
37083	8748	3809	3	1880976	0.00476826844636256
37083	14976	6029	4	3310821	0.00476826844636256
37083	16749	9059	5	4001032	0.00476826844636256
37083	18013	12731	6	4402636	0.00476826844636256
37083	18818	16592	7	4605542	0.00476826844636256
37083	20394	20087	8	4882863	0.00476826844636256
37083	22071	22851	9	5232429	0.00476826844636256
37083	23427	24809	10	5530687	0.00476826844636256
37083	24331	26093	11	5694294	0.00476826844636256
37083	25188	26891	12	5965690	0.00476826844636256
37083	25898	27372	13	6131190	0.00476826844636256
37083	26654	27656	14	6226604	0.00476826844636256
37083	26888	27822	15	6285143	0.00476826844636256
37083	27150	27917	16	6408857	0.00476826844636256
37083	27358	27973	17	6500986	0.00476826844636256
37085	0	3425	0	29	0.0129648084435632
37085	2082	5292	1	177441	0.0129648084435632
37085	9019	8037	2	936012	0.0129648084435632
37085	17195	11905	3	1880976	0.0129648084435632
37085	27318	17044	4	3310821	0.0129648084435632
37085	32188	23363	5	4001032	0.0129648084435632
37085	35779	30430	6	4402636	0.0129648084435632
37085	37955	37544	7	4605542	0.0129648084435632
37085	40751	43987	8	4882863	0.0129648084435632
37085	44354	49286	9	5232429	0.0129648084435632
37085	47071	53309	10	5530687	0.0129648084435632
37085	48463	56181	11	5694294	0.0129648084435632
37085	50347	58144	12	5965690	0.0129648084435632
37085	55282	59446	13	6131190	0.0129648084435632
37085	56454	60291	14	6226604	0.0129648084435632
37085	56983	60833	15	6285143	0.0129648084435632
37085	57716	61177	16	6408857	0.0129648084435632
37085	58316	61395	17	6500986	0.0129648084435632
37087	0	442	0	29	0.00594169535636824
37087	998	841	1	177441	0.00594169535636824
37087	6871	1583	2	936012	0.00594169535636824
37087	13227	2922	3	1880976	0.00594169535636824
37087	20484	5209	4	3310821	0.00594169535636824
37087	25016	8774	5	4001032	0.00594169535636824
37087	26824	13610	6	4402636	0.00594169535636824
37087	27667	19062	7	4605542	0.00594169535636824
37087	29176	24066	8	4882863	0.00594169535636824
37087	30792	27863	9	5232429	0.00594169535636824
37087	32168	30348	10	5530687	0.00594169535636824
37087	33032	31821	11	5694294	0.00594169535636824
37087	34262	32643	12	5965690	0.00594169535636824
37087	34828	33087	13	6131190	0.00594169535636824
37087	35166	33322	14	6226604	0.00594169535636824
37087	35369	33445	15	6285143	0.00594169535636824
37087	36254	33510	16	6408857	0.00594169535636824
37087	36833	33543	17	6500986	0.00594169535636824
37089	0	753	0	29	0.0111952764680374
37089	2212	1442	1	177441	0.0111952764680374
37089	11954	2733	2	936012	0.0111952764680374
37089	23907	5088	3	1880976	0.0111952764680374
37089	40533	9173	4	3310821	0.0111952764680374
37089	47211	15677	5	4001032	0.0111952764680374
37089	50613	24743	6	4402636	0.0111952764680374
37089	52266	35288	7	4605542	0.0111952764680374
37089	54821	45256	8	4882863	0.0111952764680374
37089	58029	52991	9	5232429	0.0111952764680374
37089	60659	58125	10	5530687	0.0111952764680374
37089	62589	61189	11	5694294	0.0111952764680374
37089	65442	62902	12	5965690	0.0111952764680374
37089	66630	63826	13	6131190	0.0111952764680374
37089	67320	64314	14	6226604	0.0111952764680374
37089	67758	64569	15	6285143	0.0111952764680374
37089	69403	64702	16	6408857	0.0111952764680374
37089	70454	64770	17	6500986	0.0111952764680374
37091	0	293	0	29	0.00225751433722308
37091	83	464	1	177441	0.00225751433722308
37091	1764	730	2	936012	0.00225751433722308
37091	2658	1134	3	1880976	0.00225751433722308
37091	4045	1732	4	3310821	0.00225751433722308
37091	4603	2581	5	4001032	0.00225751433722308
37091	5136	3715	6	4402636	0.00225751433722308
37091	5458	5117	7	4605542	0.00225751433722308
37091	5955	6690	8	4882863	0.00225751433722308
37091	6786	8275	9	5232429	0.00225751433722308
37091	9908	9709	10	5530687	0.00225751433722308
37091	10308	10884	11	5694294	0.00225751433722308
37091	10661	11772	12	5965690	0.00225751433722308
37091	11094	12403	13	6131190	0.00225751433722308
37091	11246	12832	14	6226604	0.00225751433722308
37091	11362	13114	15	6285143	0.00225751433722308
37091	11477	13296	16	6408857	0.00225751433722308
37091	11559	13412	17	6500986	0.00225751433722308
37093	0	643	0	29	0.00526635751582463
37093	520	956	1	177441	0.00526635751582463
37093	2846	1414	2	936012	0.00526635751582463
37093	5621	2074	3	1880976	0.00526635751582463
37093	8606	3008	4	3310821	0.00526635751582463
37093	10128	4293	5	4001032	0.00526635751582463
37093	11459	5997	6	4402636	0.00526635751582463
37093	12396	8147	7	4605542	0.00526635751582463
37093	13476	10699	8	4882863	0.00526635751582463
37093	15121	13512	9	5232429	0.00526635751582463
37093	16137	16376	10	5530687	0.00526635751582463
37093	16683	19062	11	5694294	0.00526635751582463
37093	17461	21396	12	5965690	0.00526635751582463
37093	21386	23292	13	6131190	0.00526635751582463
37093	22115	24751	14	6226604	0.00526635751582463
37093	22395	25826	15	6285143	0.00526635751582463
37093	22654	26595	16	6408857	0.00526635751582463
37093	22852	27131	17	6500986	0.00526635751582463
37095	0	142	0	29	0.000470724681457547
37095	44	247	1	177441	0.000470724681457547
37095	758	419	2	936012	0.000470724681457547
37095	1302	677	3	1880976	0.000470724681457547
37095	2008	1027	4	3310821	0.000470724681457547
37095	2278	1433	5	4001032	0.000470724681457547
37095	2488	1833	6	4402636	0.000470724681457547
37095	2566	2166	7	4605542	0.000470724681457547
37095	2658	2407	8	4882863	0.000470724681457547
37095	2791	2563	9	5232429	0.000470724681457547
37095	2867	2659	10	5530687	0.000470724681457547
37095	2926	2714	11	5694294	0.000470724681457547
37095	3072	2746	12	5965690	0.000470724681457547
37095	3193	2764	13	6131190	0.000470724681457547
37095	3250	2774	14	6226604	0.000470724681457547
37095	3268	2779	15	6285143	0.000470724681457547
37095	3291	2782	16	6408857	0.000470724681457547
37095	3310	2784	17	6500986	0.000470724681457547
37097	0	1326	0	29	0.0173345293573164
37097	2743	2334	1	177441	0.0173345293573164
37097	14441	4075	2	936012	0.0173345293573164
37097	29854	7014	3	1880976	0.0173345293573164
37097	47405	11794	4	3310821	0.0173345293573164
37097	58291	19110	5	4001032	0.0173345293573164
37097	64728	29336	6	4402636	0.0173345293573164
37097	67872	41948	7	4605542	0.0173345293573164
37097	72143	55307	8	4882863	0.0173345293573164
37097	78109	67360	9	5232429	0.0173345293573164
37097	84346	76758	10	5530687	0.0173345293573164
37097	86600	83288	11	5694294	0.0173345293573164
37097	90480	87468	12	5965690	0.0173345293573164
37097	92879	90006	13	6131190	0.0173345293573164
37097	94173	91498	14	6226604	0.0173345293573164
37097	94859	92358	15	6285143	0.0173345293573164
37097	96652	92849	16	6408857	0.0173345293573164
37097	97978	93126	17	6500986	0.0173345293573164
37099	0	720	0	29	0.0041893257147826
37099	350	1348	1	177441	0.0041893257147826
37099	3155	2463	2	936012	0.0041893257147826
37099	8601	4323	3	1880976	0.0041893257147826
37099	14572	7114	4	3310821	0.0041893257147826
37099	16418	10708	5	4001032	0.0041893257147826
37099	17424	14519	6	4402636	0.0041893257147826
37099	17915	17816	7	4605542	0.0041893257147826
37099	18826	20200	8	4882863	0.0041893257147826
37099	19969	21710	9	5232429	0.0041893257147826
37099	20930	22587	10	5530687	0.0041893257147826
37099	21446	23072	11	5694294	0.0041893257147826
37099	22982	23332	12	5965690	0.0041893257147826
37099	23459	23470	13	6131190	0.0041893257147826
37099	23758	23542	14	6226604	0.0041893257147826
37099	23906	23579	15	6285143	0.0041893257147826
37099	24354	23599	16	6408857	0.0041893257147826
37099	24650	23609	17	6500986	0.0041893257147826
37101	0	2992	0	29	0.0199596990260566
37101	2604	5080	1	177441	0.0199596990260566
37101	14800	8509	2	936012	0.0199596990260566
37101	29860	13939	3	1880976	0.0199596990260566
37101	53481	22071	4	3310821	0.0199596990260566
37101	66274	33279	5	4001032	0.0199596990260566
37101	73702	47084	6	4402636	0.0199596990260566
37101	77772	61909	7	4605542	0.0199596990260566
37101	83623	75664	8	4882863	0.0199596990260566
37101	90928	86797	9	5232429	0.0199596990260566
37101	95863	94855	10	5530687	0.0199596990260566
37101	98815	100227	11	5694294	0.0199596990260566
37101	103437	103614	12	5965690	0.0199596990260566
37101	106876	105676	13	6131190	0.0199596990260566
37101	108752	106904	14	6226604	0.0199596990260566
37101	109681	107627	15	6285143	0.0199596990260566
37101	111229	108048	16	6408857	0.0199596990260566
37101	112399	108293	17	6500986	0.0199596990260566
37103	0	192	0	29	0.000898066796566465
37103	105	300	1	177441	0.000898066796566465
37103	812	461	2	936012	0.000898066796566465
37103	1906	697	3	1880976	0.000898066796566465
37103	2766	1025	4	3310821	0.000898066796566465
37103	3110	1453	5	4001032	0.000898066796566465
37103	3386	1969	6	4402636	0.000898066796566465
37103	3535	2531	7	4605542	0.000898066796566465
37103	3744	3083	8	4882863	0.000898066796566465
37103	4045	3571	9	5232429	0.000898066796566465
37103	4290	3963	10	5530687	0.000898066796566465
37103	4421	4256	11	5694294	0.000898066796566465
37103	4560	4463	12	5965690	0.000898066796566465
37103	4927	4603	13	6131190	0.000898066796566465
37103	5047	4696	14	6226604	0.000898066796566465
37103	5099	4755	15	6285143	0.000898066796566465
37103	5162	4794	16	6408857	0.000898066796566465
37103	5216	4818	17	6500986	0.000898066796566465
37105	0	1615	0	29	0.00589039904714722
37105	894	2628	1	177441	0.00589039904714722
37105	5165	4191	2	936012	0.00589039904714722
37105	10916	6483	3	1880976	0.00589039904714722
37105	17943	9605	4	3310821	0.00589039904714722
37105	21286	13459	5	4001032	0.00589039904714722
37105	23553	17675	6	4402636	0.00589039904714722
37105	24837	21719	7	4605542	0.00589039904714722
37105	26716	25139	8	4882863	0.00589039904714722
37105	29085	27735	9	5232429	0.00589039904714722
37105	30682	29549	10	5530687	0.00589039904714722
37105	31637	30744	11	5694294	0.00589039904714722
37105	32998	31502	12	5965690	0.00589039904714722
37105	33783	31970	13	6131190	0.00589039904714722
37105	34467	32255	14	6226604	0.00589039904714722
37105	34772	32427	15	6285143	0.00589039904714722
37105	35339	32530	16	6408857	0.00589039904714722
37105	35840	32591	17	6500986	0.00589039904714722
37107	0	1270	0	29	0.00533453012008676
37107	553	2057	1	177441	0.00533453012008676
37107	5264	3275	2	936012	0.00533453012008676
37107	10805	5083	3	1880976	0.00533453012008676
37107	15965	7605	4	3310821	0.00533453012008676
37107	18319	10831	5	4001032	0.00533453012008676
37107	20142	14535	6	4402636	0.00533453012008676
37107	21116	18292	7	4605542	0.00533453012008676
37107	22538	21652	8	4882863	0.00533453012008676
37107	24863	24338	9	5232429	0.00533453012008676
37107	26652	26297	10	5530687	0.00533453012008676
37107	27780	27633	11	5694294	0.00533453012008676
37107	28816	28502	12	5965690	0.00533453012008676
37107	29455	29051	13	6131190	0.00533453012008676
37107	29968	29391	14	6226604	0.00533453012008676
37107	30231	29599	15	6285143	0.00533453012008676
37107	30627	29726	16	6408857	0.00533453012008676
37107	30985	29802	17	6500986	0.00533453012008676
37109	0	719	0	29	0.00821036521065239
37109	849	1298	1	177441	0.00821036521065239
37109	6649	2318	2	936012	0.00821036521065239
37109	13070	4056	3	1880976	0.00821036521065239
37109	21664	6867	4	3310821	0.00821036521065239
37109	27713	11042	5	4001032	0.00821036521065239
37109	30005	16523	6	4402636	0.00821036521065239
37109	31133	22661	7	4605542	0.00821036521065239
37109	32850	28421	8	4882863	0.00821036521065239
37109	35071	32997	9	5232429	0.00821036521065239
37109	37477	36175	10	5530687	0.00821036521065239
37109	38423	38181	11	5694294	0.00821036521065239
37109	39922	39372	12	5965690	0.00821036521065239
37109	40658	40054	13	6131190	0.00821036521065239
37109	41111	40437	14	6226604	0.00821036521065239
37109	41408	40648	15	6285143	0.00821036521065239
37109	42180	40765	16	6408857	0.00821036521065239
37109	42739	40828	17	6500986	0.00821036521065239
37111	0	1785	0	29	0.00436266528757779
37111	361	2715	1	177441	0.00436266528757779
37111	3082	4031	2	936012	0.00436266528757779
37111	9155	5788	3	1880976	0.00436266528757779
37111	14059	7960	4	3310821	0.00436266528757779
37111	15119	10404	5	4001032	0.00436266528757779
37111	15882	12879	6	4402636	0.00436266528757779
37111	16276	15134	7	4605542	0.00436266528757779
37111	17035	16997	8	4882863	0.00436266528757779
37111	19003	18416	9	5232429	0.00436266528757779
37111	21519	19432	10	5530687	0.00436266528757779
37111	22142	20127	11	5694294	0.00436266528757779
37111	23000	20588	12	5965690	0.00436266528757779
37111	23473	20887	13	6131190	0.00436266528757779
37111	23735	21079	14	6226604	0.00436266528757779
37111	23927	21201	15	6285143	0.00436266528757779
37111	24212	21278	16	6408857	0.00436266528757779
37111	24444	21327	17	6500986	0.00436266528757779
37113	0	402	0	29	0.00341892761347068
37113	266	660	1	177441	0.00341892761347068
37113	2231	1076	2	936012	0.00341892761347068
37113	5427	1730	3	1880976	0.00341892761347068
37113	8420	2724	4	3310821	0.00341892761347068
37113	9736	4156	5	4001032	0.00341892761347068
37113	10332	6073	6	4402636	0.00341892761347068
37113	10630	8397	7	4605542	0.00341892761347068
37113	11433	10901	8	4882863	0.00341892761347068
37113	12661	13277	9	5232429	0.00341892761347068
37113	19323	15275	10	5530687	0.00341892761347068
37113	19818	16791	11	5694294	0.00341892761347068
37113	20382	17855	12	5965690	0.00341892761347068
37113	20584	18560	13	6131190	0.00341892761347068
37113	20721	19011	14	6226604	0.00341892761347068
37113	20812	19293	15	6285143	0.00341892761347068
37113	21120	19465	16	6408857	0.00341892761347068
37113	21326	19571	17	6500986	0.00341892761347068
37115	0	150	0	29	0.0020742587492625
37115	208	254	1	177441	0.0020742587492625
37115	2086	429	2	936012	0.0020742587492625
37115	4240	718	3	1880976	0.0020742587492625
37115	6593	1181	4	3310821	0.0020742587492625
37115	7323	1892	5	4001032	0.0020742587492625
37115	7848	2916	6	4402636	0.0020742587492625
37115	8124	4262	7	4605542	0.0020742587492625
37115	8681	5831	8	4882863	0.0020742587492625
37115	9203	7426	9	5232429	0.0020742587492625
37115	11085	8836	10	5530687	0.0020742587492625
37115	11499	9937	11	5694294	0.0020742587492625
37115	11922	10715	12	5965690	0.0020742587492625
37115	12145	11228	13	6131190	0.0020742587492625
37115	12268	11550	14	6226604	0.0020742587492625
37115	12320	11747	15	6285143	0.0020742587492625
37115	12425	11865	16	6408857	0.0020742587492625
37115	12494	11935	17	6500986	0.0020742587492625
37117	0	451	0	29	0.00213957096453461
37117	451	1105	1	177441	0.00213957096453461
37117	4046	2516	2	936012	0.00213957096453461
37117	8204	4960	3	1880976	0.00213957096453461
37117	13299	7936	4	3310821	0.00213957096453461
37117	15478	10331	5	4001032	0.00213957096453461
37117	16376	11693	6	4402636	0.00213957096453461
37117	16864	12320	7	4605542	0.00213957096453461
37117	17686	12581	8	4882863	0.00213957096453461
37117	18553	12684	9	5232429	0.00213957096453461
37117	10644	12725	10	5530687	0.00213957096453461
37117	10883	12740	11	5694294	0.00213957096453461
37117	11218	12747	12	5965690	0.00213957096453461
37117	11420	12749	13	6131190	0.00213957096453461
37117	11599	12750	14	6226604	0.00213957096453461
37117	11711	12750	15	6285143	0.00213957096453461
37117	11797	12750	16	6408857	0.00213957096453461
37117	11899	12750	17	6500986	0.00213957096453461
37119	0	3350	0	29	0.105868335913404
37119	14629	6687	1	177441	0.105868335913404
37119	72486	13286	2	936012	0.105868335913404
37119	150252	26155	3	1880976	0.105868335913404
37119	311035	50595	4	3310821	0.105868335913404
37119	429398	94735	5	4001032	0.105868335913404
37119	481974	167685	6	4402636	0.105868335913404
37119	509118	272209	7	4605542	0.105868335913404
37119	542164	394979	8	4882863	0.105868335913404
37119	578970	509584	9	5232429	0.105868335913404
37119	610198	595787	10	5530687	0.105868335913404
37119	627603	650673	11	5694294	0.105868335913404
37119	660456	682003	12	5965690	0.105868335913404
37119	677127	698781	13	6131190	0.105868335913404
37119	687166	707459	14	6226604	0.105868335913404
37119	693526	711868	15	6285143	0.105868335913404
37119	707444	714087	16	6408857	0.105868335913404
37119	717815	715199	17	6500986	0.105868335913404
37121	0	207	0	29	0.00142676202822174
37121	91	370	1	177441	0.00142676202822174
37121	1379	647	2	936012	0.00142676202822174
37121	2299	1098	3	1880976	0.00142676202822174
37121	3956	1774	4	3310821	0.00142676202822174
37121	4874	2672	5	4001032	0.00142676202822174
37121	5258	3694	6	4402636	0.00142676202822174
37121	5447	4671	7	4605542	0.00142676202822174
37121	5682	5460	8	4882863	0.00142676202822174
37121	6264	6016	9	5232429	0.00142676202822174
37121	6618	6370	10	5530687	0.00142676202822174
37121	6809	6582	11	5694294	0.00142676202822174
37121	7135	6704	12	5965690	0.00142676202822174
37121	7283	6772	13	6131190	0.00142676202822174
37121	7380	6811	14	6226604	0.00142676202822174
37121	7433	6832	15	6285143	0.00142676202822174
37121	7534	6843	16	6408857	0.00142676202822174
37121	7608	6849	17	6500986	0.00142676202822174
37123	0	785	0	29	0.00259084500086002
37123	240	1272	1	177441	0.00259084500086002
37123	2097	2005	2	936012	0.00259084500086002
37123	4203	3041	3	1880976	0.00259084500086002
37123	6767	4376	4	3310821	0.00259084500086002
37123	7632	5906	5	4001032	0.00259084500086002
37123	8133	7441	6	4402636	0.00259084500086002
37123	8423	8791	7	4605542	0.00259084500086002
37123	8813	9846	8	4882863	0.00259084500086002
37123	9629	10596	9	5232429	0.00259084500086002
37123	10388	11096	10	5530687	0.00259084500086002
37123	10608	11413	11	5694294	0.00259084500086002
37123	10994	11609	12	5965690	0.00259084500086002
37123	11194	11728	13	6131190	0.00259084500086002
37123	11343	11800	14	6226604	0.00259084500086002
37123	11453	11842	15	6285143	0.00259084500086002
37123	11613	11868	16	6408857	0.00259084500086002
37123	11744	11883	17	6500986	0.00259084500086002
37125	0	1051	0	29	0.00961853471043901
37125	2553	2009	1	177441	0.00961853471043901
37125	13028	3779	2	936012	0.00961853471043901
37125	25363	6902	3	1880976	0.00961853471043901
37125	37596	11992	4	3310821	0.00961853471043901
37125	41646	19298	5	4001032	0.00961853471043901
37125	44226	28086	6	4402636	0.00961853471043901
37125	45305	36658	7	4605542	0.00961853471043901
37125	47310	43471	8	4882863	0.00961853471043901
37125	49988	48057	9	5232429	0.00961853471043901
37125	52039	50809	10	5530687	0.00961853471043901
37125	53348	52349	11	5694294	0.00961853471043901
37125	55080	53176	12	5965690	0.00961853471043901
37125	58180	53611	13	6131190	0.00961853471043901
37125	58860	53838	14	6226604	0.00961853471043901
37125	59183	53955	15	6285143	0.00961853471043901
37125	60825	54015	16	6408857	0.00961853471043901
37125	62047	54046	17	6500986	0.00961853471043901
37127	0	1469	0	29	0.00899096536602872
37127	1522	2437	1	177441	0.00899096536602872
37127	6664	3994	2	936012	0.00899096536602872
37127	15833	6420	3	1880976	0.00899096536602872
37127	27647	10018	4	3310821	0.00899096536602872
37127	33421	14983	5	4001032	0.00899096536602872
37127	37929	21194	6	4402636	0.00899096536602872
37127	39996	28076	7	4605542	0.00899096536602872
37127	42758	34749	8	4882863	0.00899096536602872
37127	45875	40431	9	5232429	0.00899096536602872
37127	48537	44758	10	5530687	0.00899096536602872
37127	50125	47782	11	5694294	0.00899096536602872
37127	51990	49771	12	5965690	0.00899096536602872
37127	53272	51027	13	6131190	0.00899096536602872
37127	54191	51799	14	6226604	0.00899096536602872
37127	54714	52267	15	6285143	0.00899096536602872
37127	55556	52548	16	6408857	0.00899096536602872
37127	56174	52716	17	6500986	0.00899096536602872
37129	0	1183	0	29	0.022356132921895
37129	7648	2247	1	177441	0.022356132921895
37129	27293	4237	2	936012	0.022356132921895
37129	47347	7890	3	1880976	0.022356132921895
37129	85954	14363	4	3310821	0.022356132921895
37129	99676	25149	5	4001032	0.022356132921895
37129	106972	41397	6	4402636	0.022356132921895
37129	110398	62508	7	4605542	0.022356132921895
37129	116613	85226	8	4882863	0.022356132921895
37129	124530	105215	9	5232429	0.022356132921895
37129	130570	119916	10	5530687	0.022356132921895
37129	134550	129364	11	5694294	0.022356132921895
37129	140829	134920	12	5965690	0.022356132921895
37129	144380	138019	13	6131190	0.022356132921895
37129	145907	139696	14	6226604	0.022356132921895
37129	146830	140589	15	6285143	0.022356132921895
37129	150193	141061	16	6408857	0.022356132921895
37129	152468	141308	17	6500986	0.022356132921895
37131	0	309	0	29	0.00185763195641835
37131	164	539	1	177441	0.00185763195641835
37131	1570	925	2	936012	0.00185763195641835
37131	3747	1543	3	1880976	0.00185763195641835
37131	5746	2468	4	3310821	0.00185763195641835
37131	6277	3713	5	4001032	0.00185763195641835
37131	6607	5175	6	4402636	0.00185763195641835
37131	6858	6638	7	4605542	0.00185763195641835
37131	7272	7887	8	4882863	0.00185763195641835
37131	7794	8816	9	5232429	0.00185763195641835
37131	8404	9439	10	5530687	0.00185763195641835
37131	8640	9827	11	5694294	0.00185763195641835
37131	8889	10059	12	5965690	0.00185763195641835
37131	9122	10194	13	6131190	0.00185763195641835
37131	9281	10271	14	6226604	0.00185763195641835
37131	9342	10314	15	6285143	0.00185763195641835
37131	9421	10339	16	6408857	0.00185763195641835
37131	9484	10353	17	6500986	0.00185763195641835
37133	0	3273	0	29	0.0188726558635495
37133	3439	5206	1	177441	0.0188726558635495
37133	19282	8195	2	936012	0.0188726558635495
37133	33452	12694	3	1880976	0.0188726558635495
37133	51324	19203	4	3310821	0.0188726558635495
37133	60372	28097	5	4001032	0.0188726558635495
37133	69282	39346	6	4402636	0.0188726558635495
37133	74245	52264	7	4605542	0.0188726558635495
37133	80103	65550	8	4882863	0.0188726558635495
37133	91114	77752	9	5232429	0.0188726558635495
37133	103822	87848	10	5530687	0.0188726558635495
37133	108525	95503	11	5694294	0.0188726558635495
37133	111761	100933	12	5965690	0.0188726558635495
37133	116564	104605	13	6131190	0.0188726558635495
37133	118829	107008	14	6226604	0.0188726558635495
37133	119762	108547	15	6285143	0.0188726558635495
37133	121327	109520	16	6408857	0.0188726558635495
37133	122376	110129	17	6500986	0.0188726558635495
37135	0	420	0	29	0.0141566371894047
37135	5530	889	1	177441	0.0141566371894047
37135	21353	1876	2	936012	0.0141566371894047
37135	38272	3916	3	1880976	0.0141566371894047
37135	70841	8007	4	3310821	0.0141566371894047
37135	80837	15724	5	4001032	0.0141566371894047
37135	87795	28729	6	4402636	0.0141566371894047
37135	90074	46983	7	4605542	0.0141566371894047
37135	92531	66974	8	4882863	0.0141566371894047
37135	95828	83703	9	5232429	0.0141566371894047
37135	100018	94830	10	5530687	0.0141566371894047
37135	102731	101147	11	5694294	0.0141566371894047
37135	110714	104414	12	5965690	0.0141566371894047
37135	112684	106022	13	6131190	0.0141566371894047
37135	113762	106795	14	6226604	0.0141566371894047
37135	114578	107162	15	6285143	0.0141566371894047
37135	118341	107335	16	6408857	0.0141566371894047
37135	120772	107417	17	6500986	0.0141566371894047
37137	0	206	0	29	0.00121337700956628
37137	290	384	1	177441	0.00121337700956628
37137	1489	701	2	936012	0.00121337700956628
37137	3404	1229	3	1880976	0.00121337700956628
37137	4832	2018	4	3310821	0.00121337700956628
37137	5233	3032	5	4001032	0.00121337700956628
37137	5493	4104	6	4402636	0.00121337700956628
37137	5738	5031	7	4605542	0.00121337700956628
37137	5942	5701	8	4882863	0.00121337700956628
37137	6192	6125	9	5232429	0.00121337700956628
37137	6393	6371	10	5530687	0.00121337700956628
37137	6512	6508	11	5694294	0.00121337700956628
37137	6828	6581	12	5965690	0.00121337700956628
37137	7049	6620	13	6131190	0.00121337700956628
37137	7124	6640	14	6226604	0.00121337700956628
37137	7165	6651	15	6285143	0.00121337700956628
37137	7287	6657	16	6408857	0.00121337700956628
37137	7371	6659	17	6500986	0.00121337700956628
37139	0	870	0	29	0.00379707103795126
37139	1752	1335	1	177441	0.00379707103795126
37139	4767	2024	2	936012	0.00379707103795126
37139	8085	3016	3	1880976	0.00379707103795126
37139	10214	4388	4	3310821	0.00379707103795126
37139	11558	6179	5	4001032	0.00379707103795126
37139	12661	8353	6	4402636	0.00379707103795126
37139	13331	10769	7	4605542	0.00379707103795126
37139	14203	13204	8	4882863	0.00379707103795126
37139	16630	15427	9	5232429	0.00379707103795126
37139	18499	17283	10	5530687	0.00379707103795126
37139	19480	18718	11	5694294	0.00379707103795126
37139	20318	19764	12	5965690	0.00379707103795126
37139	20848	20494	13	6131190	0.00379707103795126
37139	21246	20989	14	6226604	0.00379707103795126
37139	21498	21317	15	6285143	0.00379707103795126
37139	21799	21531	16	6408857	0.00379707103795126
37139	21991	21670	17	6500986	0.00379707103795126
37141	0	982	0	29	0.00601253765702105
37141	863	1660	1	177441	0.00601253765702105
37141	4809	2764	2	936012	0.00601253765702105
37141	9838	4495	3	1880976	0.00601253765702105
37141	17676	7047	4	3310821	0.00601253765702105
37141	20676	10496	5	4001032	0.00601253765702105
37141	22374	14643	6	4402636	0.00601253765702105
37141	23179	18983	7	4605542	0.00601253765702105
37141	25015	22913	8	4882863	0.00601253765702105
37141	27202	26031	9	5232429	0.00601253765702105
37141	28828	28256	10	5530687	0.00601253765702105
37141	29581	29726	11	5694294	0.00601253765702105
37141	30688	30649	12	5965690	0.00601253765702105
37141	32146	31209	13	6131190	0.00601253765702105
37141	32551	31543	14	6226604	0.00601253765702105
37141	32729	31740	15	6285143	0.00601253765702105
37141	33213	31854	16	6408857	0.00601253765702105
37141	33537	31921	17	6500986	0.00601253765702105
37143	0	276	0	29	0.0012836472324211
37143	102	424	1	177441	0.0012836472324211
37143	1488	644	2	936012	0.0012836472324211
37143	1799	961	3	1880976	0.0012836472324211
37143	2086	1399	4	3310821	0.0012836472324211
37143	2287	1970	5	4001032	0.0012836472324211
37143	2521	2662	6	4402636	0.0012836472324211
37143	2630	3430	7	4605542	0.0012836472324211
37143	2793	4201	8	4882863	0.0012836472324211
37143	3112	4902	9	5232429	0.0012836472324211
37143	5768	5485	10	5530687	0.0012836472324211
37143	5942	5934	11	5694294	0.0012836472324211
37143	6100	6261	12	5965690	0.0012836472324211
37143	6320	6488	13	6131190	0.0012836472324211
37143	6415	6641	14	6226604	0.0012836472324211
37143	6474	6743	15	6285143	0.0012836472324211
37143	6581	6809	16	6408857	0.0012836472324211
37143	6636	6852	17	6500986	0.0012836472324211
37145	0	821	0	29	0.00376522537386238
37145	599	1333	1	177441	0.00376522537386238
37145	4059	2130	2	936012	0.00376522537386238
37145	7250	3321	3	1880976	0.00376522537386238
37145	12165	4999	4	3310821	0.00376522537386238
37145	14460	7173	5	4001032	0.00376522537386238
37145	15734	9706	6	4402636	0.00376522537386238
37145	16467	12316	7	4605542	0.00376522537386238
37145	17344	14686	8	4882863	0.00376522537386238
37145	18853	16603	9	5232429	0.00376522537386238
37145	19946	18014	10	5530687	0.00376522537386238
37145	20455	18983	11	5694294	0.00376522537386238
37145	21136	19615	12	5965690	0.00376522537386238
37145	21513	20016	13	6131190	0.00376522537386238
37145	21826	20264	14	6226604	0.00376522537386238
37145	22023	20416	15	6285143	0.00376522537386238
37145	22422	20508	16	6408857	0.00376522537386238
37145	22689	20564	17	6500986	0.00376522537386238
37147	0	2524	0	29	0.0172330808944703
37147	3682	4168	1	177441	0.0172330808944703
37147	20583	6808	2	936012	0.0172330808944703
37147	39535	10929	3	1880976	0.0172330808944703
37147	57218	17088	4	3310821	0.0172330808944703
37147	62887	25717	5	4001032	0.0172330808944703
37147	68143	36772	6	4402636	0.0172330808944703
37147	71094	49419	7	4605542	0.0172330808944703
37147	75464	62144	8	4882863	0.0172330808944703
37147	80959	73395	9	5232429	0.0172330808944703
37147	85700	82263	10	5530687	0.0172330808944703
37147	88164	88638	11	5694294	0.0172330808944703
37147	92165	92926	12	5965690	0.0172330808944703
37147	94328	95682	13	6131190	0.0172330808944703
37147	95873	97401	14	6226604	0.0172330808944703
37147	96807	98455	15	6285143	0.0172330808944703
37147	98685	99093	16	6408857	0.0172330808944703
37147	100006	99477	17	6500986	0.0172330808944703
37149	0	182	0	29	0.00197595671430549
37149	300	389	1	177441	0.00197595671430549
37149	2481	809	2	936012	0.00197595671430549
37149	3874	1605	3	1880976	0.00197595671430549
37149	6380	2930	4	3310821	0.00197595671430549
37149	7006	4714	5	4001032	0.00197595671430549
37149	7383	6543	6	4402636	0.00197595671430549
37149	7540	7961	7	4605542	0.00197595671430549
37149	7808	8839	8	4882863	0.00197595671430549
37149	8109	9311	9	5232429	0.00197595671430549
37149	8343	9545	10	5530687	0.00197595671430549
37149	8577	9656	11	5694294	0.00197595671430549
37149	8824	9708	12	5965690	0.00197595671430549
37149	8923	9732	13	6131190	0.00197595671430549
37149	8992	9743	14	6226604	0.00197595671430549
37149	9016	9748	15	6285143	0.00197595671430549
37149	9119	9750	16	6408857	0.00197595671430549
37149	9193	9751	17	6500986	0.00197595671430549
37151	0	2886	0	29	0.0136981168343045
37151	1316	4746	1	177441	0.0136981168343045
37151	8790	7653	2	936012	0.0136981168343045
37151	19105	11972	3	1880976	0.0136981168343045
37151	33683	17935	4	3310821	0.0136981168343045
37151	39582	25384	5	4001032	0.0136981168343045
37151	43427	33606	6	4402636	0.0136981168343045
37151	45392	41530	7	4605542	0.0136981168343045
37151	48475	48229	8	4882863	0.0136981168343045
37151	52801	53294	9	5232429	0.0136981168343045
37151	56179	56808	10	5530687	0.0136981168343045
37151	57774	59104	11	5694294	0.0136981168343045
37151	60026	60546	12	5965690	0.0136981168343045
37151	61432	61429	13	6131190	0.0136981168343045
37151	62579	61961	14	6226604	0.0136981168343045
37151	63094	62279	15	6285143	0.0136981168343045
37151	64018	62467	16	6408857	0.0136981168343045
37151	64703	62579	17	6500986	0.0136981168343045
37153	0	1111	0	29	0.00427427926778618
37153	464	1817	1	177441	0.00427427926778618
37153	3774	2908	2	936012	0.00427427926778618
37153	8407	4506	3	1880976	0.00427427926778618
37153	12315	6672	4	3310821	0.00427427926778618
37153	13692	9317	5	4001032	0.00427427926778618
37153	14747	12164	6	4402636	0.00427427926778618
37153	15442	14844	7	4605542	0.00427427926778618
37153	16404	17063	8	4882863	0.00427427926778618
37153	17947	18716	9	5232429	0.00427427926778618
37153	19074	19852	10	5530687	0.00427427926778618
37153	19646	20590	11	5694294	0.00427427926778618
37153	20373	21052	12	5965690	0.00427427926778618
37153	20791	21334	13	6131190	0.00427427926778618
37153	21093	21505	14	6226604	0.00427427926778618
37153	21246	21607	15	6285143	0.00427427926778618
37153	21482	21668	16	6408857	0.00427427926778618
37153	21630	21704	17	6500986	0.00427427926778618
37155	0	3140	0	29	0.0124546103940434
37155	1818	4852	1	177441	0.0124546103940434
37155	8929	7376	2	936012	0.0124546103940434
37155	15457	10954	3	1880976	0.0124546103940434
37155	24506	15755	4	3310821	0.0124546103940434
37155	27999	21738	5	4001032	0.0124546103940434
37155	31389	28546	6	4402636	0.0124546103940434
37155	33800	35534	7	4605542	0.0124546103940434
37155	37608	41990	8	4882863	0.0124546103940434
37155	44143	47397	9	5232429	0.0124546103940434
37155	48045	51567	10	5530687	0.0124546103940434
37155	49647	54583	11	5694294	0.0124546103940434
37155	51794	56665	12	5965690	0.0124546103940434
37155	53375	58055	13	6131190	0.0124546103940434
37155	54378	58963	14	6226604	0.0124546103940434
37155	55031	59548	15	6285143	0.0124546103940434
37155	55590	59922	16	6408857	0.0124546103940434
37155	55977	60159	17	6500986	0.0124546103940434
37157	0	2014	0	29	0.00867746673272258
37157	657	3230	1	177441	0.00867746673272258
37157	5150	5091	2	936012	0.00867746673272258
37157	13975	7817	3	1880976	0.00867746673272258
37157	24492	11565	4	3310821	0.00867746673272258
37157	28727	16297	5	4001032	0.00867746673272258
37157	31515	21662	6	4402636	0.00867746673272258
37157	32988	27053	7	4605542	0.00867746673272258
37157	34894	31853	8	4882863	0.00867746673272258
37157	38098	35685	9	5232429	0.00867746673272258
37157	40696	38488	10	5530687	0.00867746673272258
37157	41902	40410	11	5694294	0.00867746673272258
37157	43409	41670	12	5965690	0.00867746673272258
37157	44267	42471	13	6131190	0.00867746673272258
37157	45050	42971	14	6226604	0.00867746673272258
37157	45415	43280	15	6285143	0.00867746673272258
37157	46124	43469	16	6408857	0.00867746673272258
37157	46846	43584	17	6500986	0.00867746673272258
37159	0	3179	0	29	0.0135475650271298
37159	1766	4972	1	177441	0.0135475650271298
37159	10618	7650	2	936012	0.0135475650271298
37159	20598	11490	3	1880976	0.0135475650271298
37159	31727	16691	4	3310821	0.0135475650271298
37159	38476	23211	5	4001032	0.0135475650271298
37159	42449	30639	6	4402636	0.0135475650271298
37159	44720	38234	7	4605542	0.0135475650271298
37159	48131	45186	8	4882863	0.0135475650271298
37159	52190	50934	9	5232429	0.0135475650271298
37159	55852	55299	10	5530687	0.0135475650271298
37159	57694	58407	11	5694294	0.0135475650271298
37159	59886	60517	12	5965690	0.0135475650271298
37159	61266	61905	13	6131190	0.0135475650271298
37159	62148	62800	14	6226604	0.0135475650271298
37159	62779	63368	15	6285143	0.0135475650271298
37159	63961	63725	16	6408857	0.0135475650271298
37159	64766	63950	17	6500986	0.0135475650271298
37161	0	2252	0	29	0.00639096712040064
37161	1091	3475	1	177441	0.00639096712040064
37161	4747	5228	2	936012	0.00639096712040064
37161	8957	7593	3	1880976	0.00639096712040064
37161	14895	10536	4	3310821	0.00639096712040064
37161	17147	13851	5	4001032	0.00639096712040064
37161	18933	17192	6	4402636	0.00639096712040064
37161	19653	20199	7	4605542	0.00639096712040064
37161	20856	22646	8	4882863	0.00639096712040064
37161	22920	24476	9	5232429	0.00639096712040064
37161	24652	25762	10	5530687	0.00639096712040064
37161	25563	26626	11	5694294	0.00639096712040064
37161	26779	27188	12	5965690	0.00639096712040064
37161	27290	27548	13	6131190	0.00639096712040064
37161	27588	27775	14	6226604	0.00639096712040064
37161	27794	27917	15	6285143	0.00639096712040064
37161	28204	28005	16	6408857	0.00639096712040064
37161	28446	28060	17	6500986	0.00639096712040064
37163	0	1759	0	29	0.00605744576416436
37163	763	2788	1	177441	0.00605744576416436
37163	5657	4330	2	936012	0.00605744576416436
37163	10082	6531	3	1880976	0.00605744576416436
37163	15634	9462	4	3310821	0.00605744576416436
37163	18880	13022	5	4001032	0.00605744576416436
37163	21062	16896	6	4402636	0.00605744576416436
37163	22502	20637	7	4605542	0.00605744576416436
37163	24319	23854	8	4882863	0.00605744576416436
37163	26995	26359	9	5232429	0.00605744576416436
37163	28921	28160	10	5530687	0.00605744576416436
37163	29753	29383	11	5694294	0.00605744576416436
37163	30707	30182	12	5965690	0.00605744576416436
37163	31477	30691	13	6131190	0.00605744576416436
37163	31971	31009	14	6226604	0.00605744576416436
37163	32267	31206	15	6285143	0.00605744576416436
37163	32871	31328	16	6408857	0.00605744576416436
37163	33170	31402	17	6500986	0.00605744576416436
37165	0	718	0	29	0.003320244193315
37165	227	1191	1	177441	0.003320244193315
37165	2371	1940	2	936012	0.003320244193315
37165	5353	3071	3	1880976	0.003320244193315
37165	8999	4662	4	3310821	0.003320244193315
37165	10355	6694	5	4001032	0.003320244193315
37165	11143	8989	6	4402636	0.003320244193315
37165	11686	11248	7	4605542	0.003320244193315
37165	12393	13191	8	4882863	0.003320244193315
37165	13599	14676	9	5232429	0.003320244193315
37165	14459	15712	10	5530687	0.003320244193315
37165	15040	16390	11	5694294	0.003320244193315
37165	15538	16815	12	5965690	0.003320244193315
37165	15843	17074	13	6131190	0.003320244193315
37165	16198	17230	14	6226604	0.003320244193315
37165	16358	17322	15	6285143	0.003320244193315
37165	16711	17377	16	6408857	0.003320244193315
37165	16944	17409	17	6500986	0.003320244193315
37167	0	1523	0	29	0.00598831969690555
37167	397	2320	1	177441	0.00598831969690555
37167	4430	3481	2	936012	0.00598831969690555
37167	6195	5109	3	1880976	0.00598831969690555
37167	8420	7278	4	3310821	0.00598831969690555
37167	9909	9977	5	4001032	0.00598831969690555
37167	10900	13064	6	4402636	0.00598831969690555
37167	11609	16272	7	4605542	0.00598831969690555
37167	12725	19289	8	4882863	0.00598831969690555
37167	14144	21874	9	5232429	0.00598831969690555
37167	23347	23916	10	5530687	0.00598831969690555
37167	24176	25428	11	5694294	0.00598831969690555
37167	25075	26496	12	5965690	0.00598831969690555
37167	26256	27224	13	6131190	0.00598831969690555
37167	26600	27709	14	6226604	0.00598831969690555
37167	26843	28027	15	6285143	0.00598831969690555
37167	27305	28234	16	6408857	0.00598831969690555
37167	27663	28367	17	6500986	0.00598831969690555
37169	0	442	0	29	0.00434693314813268
37169	611	707	1	177441	0.00434693314813268
37169	3695	1122	2	936012	0.00434693314813268
37169	6341	1760	3	1880976	0.00434693314813268
37169	9689	2711	4	3310821	0.00434693314813268
37169	11190	4068	5	4001032	0.00434693314813268
37169	12396	5887	6	4402636	0.00434693314813268
37169	12918	8131	7	4605542	0.00434693314813268
37169	13859	10633	8	4882863	0.00434693314813268
37169	15127	13126	9	5232429	0.00434693314813268
37169	19018	15347	10	5530687	0.00434693314813268
37169	19625	17137	11	5694294	0.00434693314813268
37169	20175	18466	12	5965690	0.00434693314813268
37169	20767	19394	13	6131190	0.00434693314813268
37169	21001	20015	14	6226604	0.00434693314813268
37169	21129	20419	15	6285143	0.00434693314813268
37169	21479	20676	16	6408857	0.00434693314813268
37169	21750	20839	17	6500986	0.00434693314813268
37171	0	2060	0	29	0.00684424342901907
37171	1004	3420	1	177441	0.00684424342901907
37171	7213	5523	2	936012	0.00684424342901907
37171	13253	8554	3	1880976	0.00684424342901907
37171	21841	12511	4	3310821	0.00684424342901907
37171	23841	17057	5	4001032	0.00684424342901907
37171	25798	21576	6	4402636	0.00684424342901907
37171	26790	25463	7	4605542	0.00684424342901907
37171	28401	28413	8	4882863	0.00684424342901907
37171	30677	30446	9	5232429	0.00684424342901907
37171	33208	31755	10	5530687	0.00684424342901907
37171	34481	32562	11	5694294	0.00684424342901907
37171	35620	33046	12	5965690	0.00684424342901907
37171	36241	33332	13	6131190	0.00684424342901907
37171	36746	33499	14	6226604	0.00684424342901907
37171	36931	33595	15	6285143	0.00684424342901907
37171	37344	33652	16	6408857	0.00684424342901907
37171	37645	33684	17	6500986	0.00684424342901907
37173	0	408	0	29	0.00136068704255229
37173	174	658	1	177441	0.00136068704255229
37173	1503	1040	2	936012	0.00136068704255229
37173	3235	1591	3	1880976	0.00136068704255229
37173	4834	2328	4	3310821	0.00136068704255229
37173	5305	3220	5	4001032	0.00136068704255229
37173	5682	4176	6	4402636	0.00136068704255229
37173	5841	5078	7	4605542	0.00136068704255229
37173	6161	5830	8	4882863	0.00136068704255229
37173	6537	6396	9	5232429	0.00136068704255229
37173	7000	6790	10	5530687	0.00136068704255229
37173	7265	7050	11	5694294	0.00136068704255229
37173	7673	7215	12	5965690	0.00136068704255229
37173	7902	7318	13	6131190	0.00136068704255229
37173	8068	7380	14	6226604	0.00136068704255229
37173	8136	7418	15	6285143	0.00136068704255229
37173	8276	7441	16	6408857	0.00136068704255229
37173	8352	7455	17	6500986	0.00136068704255229
37175	0	283	0	29	0.00327848251406072
37175	248	618	1	177441	0.00327848251406072
37175	2967	1321	2	936012	0.00327848251406072
37175	7918	2702	3	1880976	0.00327848251406072
37175	12722	5096	4	3310821	0.00327848251406072
37175	14085	8462	5	4001032	0.00327848251406072
37175	14807	12031	6	4402636	0.00327848251406072
37175	15198	14843	7	4605542	0.00327848251406072
37175	15853	16584	8	4882863	0.00327848251406072
37175	16502	17507	9	5232429	0.00327848251406072
37175	17079	17955	10	5530687	0.00327848251406072
37175	17513	18164	11	5694294	0.00327848251406072
37175	18209	18260	12	5965690	0.00327848251406072
37175	18484	18303	13	6131190	0.00327848251406072
37175	18676	18322	14	6226604	0.00327848251406072
37175	18757	18331	15	6285143	0.00327848251406072
37175	19445	18335	16	6408857	0.00327848251406072
37175	19943	18337	17	6500986	0.00327848251406072
37177	0	102	0	29	0.000382910739463948
37177	0	163	1	177441	0.000382910739463948
37177	435	254	2	936012	0.000382910739463948
37177	697	387	3	1880976	0.000382910739463948
37177	1094	565	4	3310821	0.000382910739463948
37177	1188	785	5	4001032	0.000382910739463948
37177	1298	1029	6	4402636	0.000382910739463948
37177	1365	1268	7	4605542	0.000382910739463948
37177	1450	1476	8	4882863	0.000382910739463948
37177	1604	1641	9	5232429	0.000382910739463948
37177	1786	1759	10	5530687	0.000382910739463948
37177	1818	1840	11	5694294	0.000382910739463948
37177	1885	1893	12	5965690	0.000382910739463948
37177	1930	1927	13	6131190	0.000382910739463948
37177	1947	1948	14	6226604	0.000382910739463948
37177	1955	1961	15	6285143	0.000382910739463948
37177	1971	1969	16	6408857	0.000382910739463948
37177	1985	1974	17	6500986	0.000382910739463948
37179	0	2293	0	29	0.0228696680919032
37179	3189	4276	1	177441	0.0228696680919032
37179	15864	7870	2	936012	0.0228696680919032
37179	34873	14146	3	1880976	0.0228696680919032
37179	62552	24428	4	3310821	0.0228696680919032
37179	81286	39636	5	4001032	0.0228696680919032
37179	91198	59037	6	4402636	0.0228696680919032
37179	95726	79605	7	4605542	0.0228696680919032
37179	102225	97542	8	4882863	0.0228696680919032
37179	110028	110711	9	5232429	0.0228696680919032
37179	116118	119206	10	5530687	0.0228696680919032
37179	119248	124238	11	5694294	0.0228696680919032
37179	126055	127069	12	5965690	0.0228696680919032
37179	129087	128617	13	6131190	0.0228696680919032
37179	130649	129449	14	6226604	0.0228696680919032
37179	131614	129892	15	6285143	0.0228696680919032
37179	134177	130127	16	6408857	0.0228696680919032
37179	136035	130252	17	6500986	0.0228696680919032
37181	0	749	0	29	0.00424624745568399
37181	362	1189	1	177441	0.00424624745568399
37181	4635	1866	2	936012	0.00424624745568399
37181	7103	2886	3	1880976	0.00424624745568399
37181	10417	4362	4	3310821	0.00424624745568399
37181	12744	6386	5	4001032	0.00424624745568399
37181	14266	8963	6	4402636	0.00424624745568399
37181	15276	11951	7	4605542	0.00424624745568399
37181	16461	15063	8	4882863	0.00424624745568399
37181	17896	17961	9	5232429	0.00424624745568399
37181	22173	20392	10	5530687	0.00424624745568399
37181	22878	22259	11	5694294	0.00424624745568399
37181	23696	23598	12	5965690	0.00424624745568399
37181	24341	24511	13	6131190	0.00424624745568399
37181	24825	25113	14	6226604	0.00424624745568399
37181	25122	25501	15	6285143	0.00424624745568399
37181	25616	25748	16	6408857	0.00424624745568399
37181	25908	25903	17	6500986	0.00424624745568399
37183	0	4081	0	29	0.106002297464437
37183	16781	8301	1	177441	0.106002297464437
37183	91960	16789	2	936012	0.106002297464437
37183	202367	33563	3	1880976	0.106002297464437
37183	418526	65602	4	3310821	0.106002297464437
37183	527642	122993	5	4001032	0.106002297464437
37183	586617	214880	6	4402636	0.106002297464437
37183	612754	338494	7	4605542	0.106002297464437
37183	642459	470914	8	4882863	0.106002297464437
37183	676180	582255	9	5232429	0.106002297464437
37183	704469	658341	10	5530687	0.106002297464437
37183	722963	703262	11	5694294	0.106002297464437
37183	767435	727528	12	5965690	0.106002297464437
37183	786507	740009	13	6131190	0.106002297464437
37183	798032	746267	14	6226604	0.106002297464437
37183	804158	749364	15	6285143	0.106002297464437
37183	822589	750888	16	6408857	0.106002297464437
37183	836605	751635	17	6500986	0.106002297464437
37185	0	286	0	29	0.00188127783873585
37185	100	455	1	177441	0.00188127783873585
37185	1096	716	2	936012	0.00188127783873585
37185	2527	1112	3	1880976	0.00188127783873585
37185	3788	1694	4	3310821	0.00188127783873585
37185	4873	2509	5	4001032	0.00188127783873585
37185	5281	3578	6	4402636	0.00188127783873585
37185	5534	4863	7	4605542	0.00188127783873585
37185	5903	6259	8	4882863	0.00188127783873585
37185	6466	7616	9	5232429	0.00188127783873585
37185	9785	8799	10	5530687	0.00188127783873585
37185	10088	9738	11	5694294	0.00188127783873585
37185	10394	10428	12	5965690	0.00188127783873585
37185	10665	10909	13	6131190	0.00188127783873585
37185	10797	11230	14	6226604	0.00188127783873585
37185	10860	11438	15	6285143	0.00188127783873585
37185	11035	11572	16	6408857	0.00188127783873585
37185	11166	11656	17	6500986	0.00188127783873585
37187	0	214	0	29	0.00110411015014754
37187	48	345	1	177441	0.00110411015014754
37187	1090	546	2	936012	0.00110411015014754
37187	2031	849	3	1880976	0.00110411015014754
37187	3001	1282	4	3310821	0.00110411015014754
37187	3327	1858	5	4001032	0.00110411015014754
37187	3641	2558	6	4402636	0.00110411015014754
37187	3834	3320	7	4605542	0.00110411015014754
37187	4070	4055	8	4882863	0.00110411015014754
37187	4521	4688	9	5232429	0.00110411015014754
37187	5101	5180	10	5530687	0.00110411015014754
37187	5293	5534	11	5694294	0.00110411015014754
37187	5465	5774	12	5965690	0.00110411015014754
37187	5594	5930	13	6131190	0.00110411015014754
37187	5713	6030	14	6226604	0.00110411015014754
37187	5763	6092	15	6285143	0.00110411015014754
37187	5853	6131	16	6408857	0.00110411015014754
37187	5905	6154	17	6500986	0.00110411015014754
37189	0	339	0	29	0.00535626907641091
37189	725	731	1	177441	0.00535626907641091
37189	5170	1550	2	936012	0.00535626907641091
37189	11842	3195	3	1880976	0.00535626907641091
37189	19155	6227	4	3310821	0.00535626907641091
37189	21901	11027	5	4001032	0.00535626907641091
37189	24202	17061	6	4402636	0.00535626907641091
37189	24838	22780	7	4605542	0.00535626907641091
37189	25511	26921	8	4882863	0.00535626907641091
37189	26620	29371	9	5232429	0.00535626907641091
37189	27568	30650	10	5530687	0.00535626907641091
37189	28265	31275	11	5694294	0.00535626907641091
37189	29767	31571	12	5965690	0.00535626907641091
37189	30423	31708	13	6131190	0.00535626907641091
37189	30855	31772	14	6226604	0.00535626907641091
37189	31045	31801	15	6285143	0.00535626907641091
37189	31430	31814	16	6408857	0.00535626907641091
37189	31686	31820	17	6500986	0.00535626907641091
37191	0	2092	0	29	0.0117400852243365
37191	897	3444	1	177441	0.0117400852243365
37191	8910	5589	2	936012	0.0117400852243365
37191	19601	8867	3	1880976	0.0117400852243365
37191	31581	13606	4	3310821	0.0117400852243365
37191	37864	19932	5	4001032	0.0117400852243365
37191	41669	27531	6	4402636	0.0117400852243365
37191	43858	35588	7	4605542	0.0117400852243365
37191	47103	43073	8	4882863	0.0117400852243365
37191	51834	49218	9	5232429	0.0117400852243365
37191	55697	53774	10	5530687	0.0117400852243365
37191	57563	56902	11	5694294	0.0117400852243365
37191	59836	58937	12	5965690	0.0117400852243365
37191	57729	60216	13	6131190	0.0117400852243365
37191	58903	61002	14	6226604	0.0117400852243365
37191	59512	61478	15	6285143	0.0117400852243365
37191	60368	61764	16	6408857	0.0117400852243365
37191	61020	61936	17	6500986	0.0117400852243365
37193	0	1979	0	29	0.00652283105284054
37193	1141	3158	1	177441	0.00652283105284054
37193	5543	4920	2	936012	0.00652283105284054
37193	10759	7397	3	1880976	0.00652283105284054
37193	16455	10605	4	3310821	0.00652283105284054
37193	18613	14339	5	4001032	0.00652283105284054
37193	20438	18184	6	4402636	0.00652283105284054
37193	21563	21675	7	4605542	0.00652283105284054
37193	23281	24500	8	4882863	0.00652283105284054
37193	26316	26580	9	5232429	0.00652283105284054
37193	28764	28008	10	5530687	0.00652283105284054
37193	29576	28942	11	5694294	0.00652283105284054
37193	30654	29533	12	5965690	0.00652283105284054
37193	31191	29900	13	6131190	0.00652283105284054
37193	31588	30125	14	6226604	0.00652283105284054
37193	31818	30262	15	6285143	0.00652283105284054
37193	32296	30344	16	6408857	0.00652283105284054
37193	32630	30394	17	6500986	0.00652283105284054
37195	0	1665	0	29	0.00779942265908625
37195	831	2745	1	177441	0.00779942265908625
37195	6560	4452	2	936012	0.00779942265908625
37195	14035	7038	3	1880976	0.00779942265908625
37195	21739	10719	4	3310821	0.00779942265908625
37195	26188	15517	5	4001032	0.00779942265908625
37195	29227	21100	6	4402636	0.00779942265908625
37195	30731	26801	7	4605542	0.00779942265908625
37195	32848	31894	8	4882863	0.00779942265908625
37195	35550	35932	9	5232429	0.00779942265908625
37195	37876	38838	10	5530687	0.00779942265908625
37195	39450	40788	11	5694294	0.00779942265908625
37195	41276	42036	12	5965690	0.00779942265908625
37195	42440	42811	13	6131190	0.00779942265908625
37195	43302	43282	14	6226604	0.00779942265908625
37195	43697	43565	15	6285143	0.00779942265908625
37195	44201	43735	16	6408857	0.00779942265908625
37195	44663	43835	17	6500986	0.00779942265908625
37197	0	870	0	29	0.00359140906956886
37197	746	1413	1	177441	0.00359140906956886
37197	3647	2250	2	936012	0.00359140906956886
37197	6377	3473	3	1880976	0.00359140906956886
37197	10750	5131	4	3310821	0.00359140906956886
37197	11969	7165	5	4001032	0.00359140906956886
37197	12861	9374	6	4402636	0.00359140906956886
37197	13455	11478	7	4605542	0.00359140906956886
37197	14421	13246	8	4882863	0.00359140906956886
37197	15889	14581	9	5232429	0.00359140906956886
37197	16780	15511	10	5530687	0.00359140906956886
37197	17287	16122	11	5694294	0.00359140906956886
37197	17770	16509	12	5965690	0.00359140906956886
37197	18127	16748	13	6131190	0.00359140906956886
37197	18392	16893	14	6226604	0.00359140906956886
37197	18519	16981	15	6285143	0.00359140906956886
37197	18773	17034	16	6408857	0.00359140906956886
37197	18952	17065	17	6500986	0.00359140906956886
37199	0	407	0	29	0.00172281228868876
37199	138	733	1	177441	0.00172281228868876
37199	1945	1279	2	936012	0.00172281228868876
37199	3105	2125	3	1880976	0.00172281228868876
37199	5520	3289	4	3310821	0.00172281228868876
37199	6425	4649	5	4001032	0.00172281228868876
37199	6891	5967	6	4402636	0.00172281228868876
37199	7114	7033	7	4605542	0.00172281228868876
37199	7445	7776	8	4882863	0.00172281228868876
37199	7972	8241	9	5232429	0.00172281228868876
37199	8353	8512	10	5530687	0.00172281228868876
37199	8531	8665	11	5694294	0.00172281228868876
37199	8929	8749	12	5965690	0.00172281228868876
37199	9104	8795	13	6131190	0.00172281228868876
37199	9205	8819	14	6226604	0.00172281228868876
37199	9255	8832	15	6285143	0.00172281228868876
37199	9350	8839	16	6408857	0.00172281228868876
37199	9424	8843	17	6500986	0.00172281228868876
