954	6
38001	0	47	0	5	0.00290789988216182
38001	156	92	1	26611	0.00290789988216182
38001	364	173	2	79809	0.00290789988216182
38001	596	303	3	157515	0.00290789988216182
38001	771	474	4	251876	0.00290789988216182
38001	822	654	5	278906	0.00290789988216182
38001	869	801	6	296376	0.00290789988216182
38001	885	899	7	306094	0.00290789988216182
38001	908	955	8	318237	0.00290789988216182
38001	956	985	9	337399	0.00290789988216182
38001	994	1001	10	350588	0.00290789988216182
38001	1015	1008	11	372270	0.00290789988216182
38001	1049	1012	12	401097	0.00290789988216182
38001	1071	1014	13	411450	0.00290789988216182
38001	1071	1015	14	415066	0.00290789988216182
38001	1071	1015	15	416408	0.00290789988216182
38001	1072	1015	16	418443	0.00290789988216182
38001	1075	1015	17	425305	0.00290789988216182
38003	0	159	0	5	0.0136668670003228
38003	402	340	1	26611	0.0136668670003228
38003	1256	703	2	79809	0.0136668670003228
38003	2517	1351	3	157515	0.0136668670003228
38003	3996	2311	4	251876	0.0136668670003228
38003	4564	3400	5	278906	0.0136668670003228
38003	4793	4317	6	296376	0.0136668670003228
38003	4909	4914	7	306094	0.0136668670003228
38003	5071	5241	8	318237	0.0136668670003228
38003	5256	5403	9	337399	0.0136668670003228
38003	5441	5479	10	350588	0.0136668670003228
38003	5632	5514	11	372270	0.0136668670003228
38003	5811	5530	12	401097	0.0136668670003228
38003	5887	5537	13	411450	0.0136668670003228
38003	5913	5540	14	415066	0.0136668670003228
38003	5923	5542	15	416408	0.0136668670003228
38003	5951	5542	16	418443	0.0136668670003228
38003	6056	5543	17	425305	0.0136668670003228
38005	0	162	0	5	0.00896514981720647
38005	55	263	1	26611	0.00896514981720647
38005	383	419	2	79809	0.00896514981720647
38005	1091	649	3	157515	0.00896514981720647
38005	1534	967	4	251876	0.00896514981720647
38005	1716	1366	5	278906	0.00896514981720647
38005	2110	1813	6	296376	0.00896514981720647
38005	2515	2252	7	306094	0.00896514981720647
38005	2773	2632	8	318237	0.00896514981720647
38005	3007	2927	9	337399	0.00896514981720647
38005	3157	3137	10	350588	0.00896514981720647
38005	3227	3278	11	372270	0.00896514981720647
38005	3353	3367	12	401097	0.00896514981720647
38005	3465	3423	13	411450	0.00896514981720647
38005	3522	3458	14	415066	0.00896514981720647
38005	3528	3479	15	416408	0.00896514981720647
38005	3535	3491	16	418443	0.00896514981720647
38005	3568	3499	17	425305	0.00896514981720647
38007	0	16	0	5	0.0012177486871147
38007	31	27	1	26611	0.0012177486871147
38007	47	45	2	79809	0.0012177486871147
38007	75	72	3	157515	0.0012177486871147
38007	116	107	4	251876	0.0012177486871147
38007	128	148	5	278906	0.0012177486871147
38007	134	187	6	296376	0.0012177486871147
38007	141	221	7	306094	0.0012177486871147
38007	160	246	8	318237	0.0012177486871147
38007	177	262	9	337399	0.0012177486871147
38007	182	272	10	350588	0.0012177486871147
38007	186	278	11	372270	0.0012177486871147
38007	192	281	12	401097	0.0012177486871147
38007	194	283	13	411450	0.0012177486871147
38007	194	285	14	415066	0.0012177486871147
38007	194	285	15	416408	0.0012177486871147
38007	195	286	16	418443	0.0012177486871147
38007	197	286	17	425305	0.0012177486871147
38009	0	114	0	5	0.00824342376342082
38009	92	249	1	26611	0.00824342376342082
38009	699	515	2	79809	0.00824342376342082
38009	1601	962	3	157515	0.00824342376342082
38009	2240	1549	4	251876	0.00824342376342082
38009	2405	2113	5	278906	0.00824342376342082
38009	2489	2512	6	296376	0.00824342376342082
38009	2536	2738	7	306094	0.00824342376342082
38009	2581	2850	8	318237	0.00824342376342082
38009	2702	2901	9	337399	0.00824342376342082
38009	2815	2925	10	350588	0.00824342376342082
38009	2864	2935	11	372270	0.00824342376342082
38009	2964	2939	12	401097	0.00824342376342082
38009	3112	2941	13	411450	0.00824342376342082
38009	3126	2942	14	415066	0.00824342376342082
38009	3130	2943	15	416408	0.00824342376342082
38009	3139	2943	16	418443	0.00824342376342082
38009	3185	2943	17	425305	0.00824342376342082
38011	0	64	0	5	0.00396818106663237
38011	0	117	1	26611	0.00396818106663237
38011	310	206	2	79809	0.00396818106663237
38011	473	342	3	157515	0.00396818106663237
38011	703	521	4	251876	0.00396818106663237
38011	822	716	5	278906	0.00396818106663237
38011	876	888	6	296376	0.00396818106663237
38011	898	1016	7	306094	0.00396818106663237
38011	930	1098	8	318237	0.00396818106663237
38011	1008	1146	9	337399	0.00396818106663237
38011	1067	1173	10	350588	0.00396818106663237
38011	1116	1187	11	372270	0.00396818106663237
38011	1144	1195	12	401097	0.00396818106663237
38011	1151	1199	13	411450	0.00396818106663237
38011	1157	1201	14	415066	0.00396818106663237
38011	1158	1202	15	416408	0.00396818106663237
38011	1161	1202	16	418443	0.00396818106663237
38011	1169	1203	17	425305	0.00396818106663237
38013	0	47	0	5	0.002775364734103
38013	0	88	1	26611	0.002775364734103
38013	211	158	2	79809	0.002775364734103
38013	356	264	3	157515	0.002775364734103
38013	537	398	4	251876	0.002775364734103
38013	596	537	5	278906	0.002775364734103
38013	621	651	6	296376	0.002775364734103
38013	653	729	7	306094	0.002775364734103
38013	683	776	8	318237	0.002775364734103
38013	713	802	9	337399	0.002775364734103
38013	745	816	10	350588	0.002775364734103
38013	774	823	11	372270	0.002775364734103
38013	804	827	12	401097	0.002775364734103
38013	818	829	13	411450	0.002775364734103
38013	821	830	14	415066	0.002775364734103
38013	824	830	15	416408	0.002775364734103
38013	826	830	16	418443	0.002775364734103
38013	839	830	17	425305	0.002775364734103
38015	0	1118	0	5	0.125483228398739
38015	2989	2030	1	26611	0.125483228398739
38015	9229	3629	2	79809	0.125483228398739
38015	17977	6312	3	157515	0.125483228398739
38015	29601	10505	4	251876	0.125483228398739
38015	32592	16379	5	278906	0.125483228398739
38015	34423	23459	6	296376	0.125483228398739
38015	35419	30600	7	306094	0.125483228398739
38015	36815	36617	8	318237	0.125483228398739
38015	39032	40965	9	337399	0.125483228398739
38015	40792	43771	10	350588	0.125483228398739
38015	41893	45452	11	372270	0.125483228398739
38015	46431	46414	12	401097	0.125483228398739
38015	47556	46950	13	411450	0.125483228398739
38015	47957	47245	14	415066	0.125483228398739
38015	48075	47406	15	416408	0.125483228398739
38015	48175	47493	16	418443	0.125483228398739
38015	49051	47540	17	425305	0.125483228398739
38017	0	1382	0	5	0.238724670696085
38017	8413	2828	1	26611	0.238724670696085
38017	18634	5704	2	79809	0.238724670696085
38017	39761	11192	3	157515	0.238724670696085
38017	70581	20873	4	251876	0.238724670696085
38017	77326	35800	5	278906	0.238724670696085
38017	81998	54637	6	296376	0.238724670696085
38017	84017	73205	7	306094	0.238724670696085
38017	86861	87549	8	318237	0.238724670696085
38017	90777	96681	9	337399	0.238724670696085
38017	93608	101800	10	350588	0.238724670696085
38017	95549	104467	11	372270	0.238724670696085
38017	105942	105803	12	401097	0.238724670696085
38017	107889	106459	13	411450	0.238724670696085
38017	108677	106779	14	415066	0.238724670696085
38017	108855	106933	15	416408	0.238724670696085
38017	109071	107008	16	418443	0.238724670696085
38017	111055	107044	17	425305	0.238724670696085
38019	0	79	0	5	0.00493660620789385
38019	222	162	1	26611	0.00493660620789385
38019	626	318	2	79809	0.00493660620789385
38019	1160	575	3	157515	0.00493660620789385
38019	1630	923	4	251876	0.00493660620789385
38019	1739	1284	5	278906	0.00493660620789385
38019	1813	1571	6	296376	0.00493660620789385
38019	1842	1754	7	306094	0.00493660620789385
38019	1904	1854	8	318237	0.00493660620789385
38019	2012	1905	9	337399	0.00493660620789385
38019	2077	1930	10	350588	0.00493660620789385
38019	2111	1942	11	372270	0.00493660620789385
38019	2197	1947	12	401097	0.00493660620789385
38019	2226	1950	13	411450	0.00493660620789385
38019	2245	1951	14	415066	0.00493660620789385
38019	2248	1952	15	416408	0.00493660620789385
38019	2258	1952	16	418443	0.00493660620789385
38019	2294	1952	17	425305	0.00493660620789385
38021	0	88	0	5	0.00639318060735216
38021	160	185	1	26611	0.00639318060735216
38021	656	371	2	79809	0.00639318060735216
38021	1165	686	3	157515	0.00639318060735216
38021	1818	1120	4	251876	0.00639318060735216
38021	1959	1575	5	278906	0.00639318060735216
38021	2064	1933	6	296376	0.00639318060735216
38021	2115	2157	7	306094	0.00639318060735216
38021	2186	2277	8	318237	0.00639318060735216
38021	2286	2337	9	337399	0.00639318060735216
38021	2353	2365	10	350588	0.00639318060735216
38021	2394	2378	11	372270	0.00639318060735216
38021	2487	2384	12	401097	0.00639318060735216
38021	2532	2387	13	411450	0.00639318060735216
38021	2559	2388	14	415066	0.00639318060735216
38021	2559	2389	15	416408	0.00639318060735216
38021	2569	2389	16	418443	0.00639318060735216
38021	2582	2389	17	425305	0.00639318060735216
38023	0	40	0	5	0.00297088688321948
38023	58	80	1	26611	0.00297088688321948
38023	254	153	2	79809	0.00297088688321948
38023	359	275	3	157515	0.00297088688321948
38023	640	440	4	251876	0.00297088688321948
38023	695	618	5	278906	0.00297088688321948
38023	743	764	6	296376	0.00297088688321948
38023	764	862	7	306094	0.00297088688321948
38023	781	918	8	318237	0.00297088688321948
38023	809	947	9	337399	0.00297088688321948
38023	855	962	10	350588	0.00297088688321948
38023	870	969	11	372270	0.00297088688321948
38023	898	972	12	401097	0.00297088688321948
38023	913	974	13	411450	0.00297088688321948
38023	923	975	14	415066	0.00297088688321948
38023	925	975	15	416408	0.00297088688321948
38023	930	975	16	418443	0.00297088688321948
38023	937	975	17	425305	0.00297088688321948
38025	0	76	0	5	0.00580530193081403
38025	93	129	1	26611	0.00580530193081403
38025	234	214	2	79809	0.00580530193081403
38025	404	341	3	157515	0.00580530193081403
38025	600	512	4	251876	0.00580530193081403
38025	702	713	5	278906	0.00580530193081403
38025	754	918	6	296376	0.00580530193081403
38025	774	1095	7	306094	0.00580530193081403
38025	799	1228	8	318237	0.00580530193081403
38025	867	1319	9	337399	0.00580530193081403
38025	944	1377	10	350588	0.00580530193081403
38025	978	1411	11	372270	0.00580530193081403
38025	1016	1432	12	401097	0.00580530193081403
38025	1047	1443	13	411450	0.00580530193081403
38025	1072	1450	14	415066	0.00580530193081403
38025	1081	1454	15	416408	0.00580530193081403
38025	1084	1456	16	418443	0.00580530193081403
38025	1111	1457	17	425305	0.00580530193081403
38027	0	26	0	5	0.0030010681545596
38027	105	55	1	26611	0.0030010681545596
38027	346	114	2	79809	0.0030010681545596
38027	706	222	3	157515	0.0030010681545596
38027	860	393	4	251876	0.0030010681545596
38027	917	606	5	278906	0.0030010681545596
38027	950	807	6	296376	0.0030010681545596
38027	985	952	7	306094	0.0030010681545596
38027	1029	1037	8	318237	0.0030010681545596
38027	1072	1081	9	337399	0.0030010681545596
38027	1099	1103	10	350588	0.0030010681545596
38027	1114	1113	11	372270	0.0030010681545596
38027	1150	1118	12	401097	0.0030010681545596
38027	1168	1120	13	411450	0.0030010681545596
38027	1173	1121	14	415066	0.0030010681545596
38027	1173	1122	15	416408	0.0030010681545596
38027	1173	1122	16	418443	0.0030010681545596
38027	1185	1122	17	425305	0.0030010681545596
38029	0	70	0	5	0.00425293480058053
38029	55	128	1	26611	0.00425293480058053
38029	310	223	2	79809	0.00425293480058053
38029	570	365	3	157515	0.00425293480058053
38029	711	546	4	251876	0.00425293480058053
38029	797	738	5	278906	0.00425293480058053
38029	832	904	6	296376	0.00425293480058053
38029	859	1024	7	306094	0.00425293480058053
38029	888	1100	8	318237	0.00425293480058053
38029	948	1145	9	337399	0.00425293480058053
38029	1006	1170	10	350588	0.00425293480058053
38029	1033	1183	11	372270	0.00425293480058053
38029	1080	1190	12	401097	0.00425293480058053
38029	1095	1194	13	411450	0.00425293480058053
38029	1097	1196	14	415066	0.00425293480058053
38029	1097	1197	15	416408	0.00425293480058053
38029	1103	1198	16	418443	0.00425293480058053
38029	1117	1198	17	425305	0.00425293480058053
38031	0	67	0	5	0.00421225569573079
38031	190	132	1	26611	0.00421225569573079
38031	378	249	2	79809	0.00421225569573079
38031	776	438	3	157515	0.00421225569573079
38031	1221	694	4	251876	0.00421225569573079
38031	1299	972	5	278906	0.00421225569573079
38031	1364	1207	6	296376	0.00421225569573079
38031	1392	1368	7	306094	0.00421225569573079
38031	1448	1462	8	318237	0.00421225569573079
38031	1525	1514	9	337399	0.00421225569573079
38031	1610	1540	10	350588	0.00421225569573079
38031	1655	1553	11	372270	0.00421225569573079
38031	1716	1559	12	401097	0.00421225569573079
38031	1729	1563	13	411450	0.00421225569573079
38031	1740	1564	14	415066	0.00421225569573079
38031	1739	1565	15	416408	0.00421225569573079
38031	1739	1565	16	418443	0.00421225569573079
38031	1756	1565	17	425305	0.00421225569573079
38033	0	35	0	5	0.00231083560130278
38033	37	61	1	26611	0.00231083560130278
38033	132	105	2	79809	0.00231083560130278
38033	239	170	3	157515	0.00231083560130278
38033	335	255	4	251876	0.00231083560130278
38033	363	350	5	278906	0.00231083560130278
38033	391	439	6	296376	0.00231083560130278
38033	401	508	7	306094	0.00231083560130278
38033	410	555	8	318237	0.00231083560130278
38033	431	584	9	337399	0.00231083560130278
38033	461	601	10	350588	0.00231083560130278
38033	488	611	11	372270	0.00231083560130278
38033	509	616	12	401097	0.00231083560130278
38033	524	619	13	411450	0.00231083560130278
38033	526	621	14	415066	0.00231083560130278
38033	529	622	15	416408	0.00231083560130278
38033	532	622	16	418443	0.00231083560130278
38033	535	622	17	425305	0.00231083560130278
38035	0	413	0	5	0.0911356293844858
38035	3156	782	1	26611	0.0911356293844858
38035	8273	1468	2	79809	0.0911356293844858
38035	14392	2712	3	157515	0.0911356293844858
38035	24616	4875	4	251876	0.0911356293844858
38035	28354	8366	5	278906	0.0911356293844858
38035	30099	13382	6	296376	0.0911356293844858
38035	30974	19499	7	306094	0.0911356293844858
38035	31985	25630	8	318237	0.0911356293844858
38035	33552	30679	9	337399	0.0911356293844858
38035	35084	34205	10	350588	0.0911356293844858
38035	36036	36394	11	372270	0.0911356293844858
38035	38816	37656	12	401097	0.0911356293844858
38035	39970	38351	13	411450	0.0911356293844858
38035	40335	38726	14	415066	0.0911356293844858
38035	40462	38924	15	416408	0.0911356293844858
38035	40617	39029	16	418443	0.0911356293844858
38035	41254	39084	17	425305	0.0911356293844858
38037	0	37	0	5	0.00298400917510649
38037	24	61	1	26611	0.00298400917510649
38037	91	99	2	79809	0.00298400917510649
38037	196	155	3	157515	0.00298400917510649
38037	276	231	4	251876	0.00298400917510649
38037	305	324	5	278906	0.00298400917510649
38037	328	423	6	296376	0.00298400917510649
38037	348	516	7	306094	0.00298400917510649
38037	370	591	8	318237	0.00298400917510649
38037	412	646	9	337399	0.00298400917510649
38037	454	683	10	350588	0.00298400917510649
38037	473	707	11	372270	0.00298400917510649
38037	496	721	12	401097	0.00298400917510649
38037	511	730	13	411450	0.00298400917510649
38037	522	735	14	415066	0.00298400917510649
38037	524	738	15	416408	0.00298400917510649
38037	526	740	16	418443	0.00298400917510649
38037	543	741	17	425305	0.00298400917510649
38039	0	40	0	5	0.00292758331999234
38039	99	90	1	26611	0.00292758331999234
38039	314	194	2	79809	0.00292758331999234
38039	639	369	3	157515	0.00292758331999234
38039	809	591	4	251876	0.00292758331999234
38039	842	787	5	278906	0.00292758331999234
38039	872	913	6	296376	0.00292758331999234
38039	893	978	7	306094	0.00292758331999234
38039	916	1008	8	318237	0.00292758331999234
38039	948	1021	9	337399	0.00292758331999234
38039	968	1026	10	350588	0.00292758331999234
38039	983	1029	11	372270	0.00292758331999234
38039	1012	1030	12	401097	0.00292758331999234
38039	1023	1030	13	411450	0.00292758331999234
38039	1026	1030	14	415066	0.00292758331999234
38039	1028	1030	15	416408	0.00292758331999234
38039	1033	1030	16	418443	0.00292758331999234
38039	1038	1030	17	425305	0.00292758331999234
38041	0	50	0	5	0.00327926074256425
38041	0	102	1	26611	0.00327926074256425
38041	192	197	2	79809	0.00327926074256425
38041	473	345	3	157515	0.00327926074256425
38041	675	530	4	251876	0.00327926074256425
38041	732	707	5	278906	0.00327926074256425
38041	753	837	6	296376	0.00327926074256425
38041	773	915	7	306094	0.00327926074256425
38041	800	957	8	318237	0.00327926074256425
38041	844	978	9	337399	0.00327926074256425
38041	887	988	10	350588	0.00327926074256425
38041	923	992	11	372270	0.00327926074256425
38041	951	994	12	401097	0.00327926074256425
38041	964	995	13	411450	0.00327926074256425
38041	971	996	14	415066	0.00327926074256425
38041	974	996	15	416408	0.00327926074256425
38041	975	996	16	418443	0.00327926074256425
38041	986	996	17	425305	0.00327926074256425
38043	0	47	0	5	0.00325432838797893
38043	31	89	1	26611	0.00325432838797893
38043	122	164	2	79809	0.00325432838797893
38043	341	279	3	157515	0.00325432838797893
38043	525	430	4	251876	0.00325432838797893
38043	584	588	5	278906	0.00325432838797893
38043	620	718	6	296376	0.00325432838797893
38043	631	807	7	306094	0.00325432838797893
38043	653	860	8	318237	0.00325432838797893
38043	692	889	9	337399	0.00325432838797893
38043	724	904	10	350588	0.00325432838797893
38043	753	911	11	372270	0.00325432838797893
38043	788	915	12	401097	0.00325432838797893
38043	803	917	13	411450	0.00325432838797893
38043	812	918	14	415066	0.00325432838797893
38043	817	918	15	416408	0.00325432838797893
38043	818	919	16	418443	0.00325432838797893
38043	834	919	17	425305	0.00325432838797893
38045	0	70	0	5	0.00530927929748498
38045	99	157	1	26611	0.00530927929748498
38045	280	332	2	79809	0.00530927929748498
38045	939	631	3	157515	0.00530927929748498
38045	1409	1022	4	251876	0.00530927929748498
38045	1523	1386	5	278906	0.00530927929748498
38045	1567	1631	6	296376	0.00530927929748498
38045	1598	1764	7	306094	0.00530927929748498
38045	1663	1827	8	318237	0.00530927929748498
38045	1747	1855	9	337399	0.00530927929748498
38045	1800	1867	10	350588	0.00530927929748498
38045	1836	1872	11	372270	0.00530927929748498
38045	1884	1875	12	401097	0.00530927929748498
38045	1929	1876	13	411450	0.00530927929748498
38045	1940	1876	14	415066	0.00530927929748498
38045	1945	1876	15	416408	0.00530927929748498
38045	1948	1876	16	418443	0.00530927929748498
38045	1975	1876	17	425305	0.00530927929748498
38047	0	41	0	5	0.00242762399909719
38047	34	71	1	26611	0.00242762399909719
38047	160	120	2	79809	0.00242762399909719
38047	310	191	3	157515	0.00242762399909719
38047	421	284	4	251876	0.00242762399909719
38047	472	389	5	278906	0.00242762399909719
38047	487	488	6	296376	0.00242762399909719
38047	505	567	7	306094	0.00242762399909719
38047	525	623	8	318237	0.00242762399909719
38047	547	659	9	337399	0.00242762399909719
38047	571	680	10	350588	0.00242762399909719
38047	601	693	11	372270	0.00242762399909719
38047	671	700	12	401097	0.00242762399909719
38047	681	703	13	411450	0.00242762399909719
38047	684	706	14	415066	0.00242762399909719
38047	685	707	15	416408	0.00242762399909719
38047	687	708	16	418443	0.00242762399909719
38047	692	708	17	425305	0.00242762399909719
38049	0	110	0	5	0.00753875668908829
38049	79	216	1	26611	0.00753875668908829
38049	515	407	2	79809	0.00753875668908829
38049	1084	713	3	157515	0.00753875668908829
38049	1595	1120	4	251876	0.00753875668908829
38049	1755	1550	5	278906	0.00753875668908829
38049	1827	1903	6	296376	0.00753875668908829
38049	1870	2139	7	306094	0.00753875668908829
38049	1948	2276	8	318237	0.00753875668908829
38049	2055	2349	9	337399	0.00753875668908829
38049	2117	2386	10	350588	0.00753875668908829
38049	2182	2404	11	372270	0.00753875668908829
38049	2317	2413	12	401097	0.00753875668908829
38049	2371	2417	13	411450	0.00753875668908829
38049	2390	2419	14	415066	0.00753875668908829
38049	2390	2420	15	416408	0.00753875668908829
38049	2392	2421	16	418443	0.00753875668908829
38049	2422	2421	17	425305	0.00753875668908829
38051	0	52	0	5	0.00327663628418685
38051	124	95	1	26611	0.00327663628418685
38051	343	166	2	79809	0.00327663628418685
38051	560	275	3	157515	0.00327663628418685
38051	712	424	4	251876	0.00327663628418685
38051	781	594	5	278906	0.00327663628418685
38051	815	754	6	296376	0.00327663628418685
38051	833	880	7	306094	0.00327663628418685
38051	866	966	8	318237	0.00327663628418685
38051	934	1018	9	337399	0.00327663628418685
38051	969	1049	10	350588	0.00327663628418685
38051	1018	1066	11	372270	0.00327663628418685
38051	1058	1075	12	401097	0.00327663628418685
38051	1072	1080	13	411450	0.00327663628418685
38051	1077	1082	14	415066	0.00327663628418685
38051	1085	1084	15	416408	0.00327663628418685
38051	1087	1084	16	418443	0.00327663628418685
38051	1098	1085	17	425305	0.00327663628418685
38053	0	162	0	5	0.0197149313310466
38053	130	271	1	26611	0.0197149313310466
38053	595	444	2	79809	0.0197149313310466
38053	1013	712	3	157515	0.0197149313310466
38053	1653	1100	4	251876	0.0197149313310466
38053	1960	1614	5	278906	0.0197149313310466
38053	2157	2220	6	296376	0.0197149313310466
38053	2277	2846	7	306094	0.0197149313310466
38053	2411	3407	8	318237	0.0197149313310466
38053	2619	3851	9	337399	0.0197149313310466
38053	2849	4169	10	350588	0.0197149313310466
38053	2975	4380	11	372270	0.0197149313310466
38053	3132	4514	12	401097	0.0197149313310466
38053	3224	4597	13	411450	0.0197149313310466
38053	3272	4646	14	415066	0.0197149313310466
38053	3297	4676	15	416408	0.0197149313310466
38053	3310	4693	16	418443	0.0197149313310466
38053	3413	4703	17	425305	0.0197149313310466
38055	0	177	0	5	0.0124005658332262
38055	183	336	1	26611	0.0124005658332262
38055	877	616	2	79809	0.0124005658332262
38055	1992	1065	3	157515	0.0124005658332262
38055	2848	1690	4	251876	0.0124005658332262
38055	3107	2405	5	278906	0.0124005658332262
38055	3201	3062	6	296376	0.0124005658332262
38055	3280	3553	7	306094	0.0124005658332262
38055	3431	3868	8	318237	0.0124005658332262
38055	3653	4049	9	337399	0.0124005658332262
38055	3790	4148	10	350588	0.0124005658332262
38055	3913	4200	11	372270	0.0124005658332262
38055	4216	4227	12	401097	0.0124005658332262
38055	4308	4240	13	411450	0.0124005658332262
38055	4337	4247	14	415066	0.0124005658332262
38055	4349	4251	15	416408	0.0124005658332262
38055	4357	4253	16	418443	0.0124005658332262
38055	4418	4254	17	425305	0.0124005658332262
38057	0	162	0	5	0.0107432203678966
38057	148	318	1	26611	0.0107432203678966
38057	590	596	2	79809	0.0107432203678966
38057	1269	1032	3	157515	0.0107432203678966
38057	2091	1597	4	251876	0.0107432203678966
38057	2328	2170	5	278906	0.0107432203678966
38057	2445	2625	6	296376	0.0107432203678966
38057	2529	2921	7	306094	0.0107432203678966
38057	2598	3090	8	318237	0.0107432203678966
38057	2722	3178	9	337399	0.0107432203678966
38057	2846	3223	10	350588	0.0107432203678966
38057	2969	3245	11	372270	0.0107432203678966
38057	3078	3255	12	401097	0.0107432203678966
38057	3116	3261	13	411450	0.0107432203678966
38057	3134	3263	14	415066	0.0107432203678966
38057	3147	3264	15	416408	0.0107432203678966
38057	3150	3265	16	418443	0.0107432203678966
38057	3188	3265	17	425305	0.0107432203678966
38059	0	399	0	5	0.0411567562744239
38059	850	705	1	26611	0.0411567562744239
38059	2605	1224	2	79809	0.0411567562744239
38059	5343	2070	3	157515	0.0411567562744239
38059	8526	3351	4	251876	0.0411567562744239
38059	9387	5100	5	278906	0.0411567562744239
38059	9856	7173	6	296376	0.0411567562744239
38059	10184	9257	7	306094	0.0411567562744239
38059	10652	11031	8	318237	0.0411567562744239
38059	11509	12342	9	337399	0.0411567562744239
38059	12168	13211	10	350588	0.0411567562744239
38059	12591	13747	11	372270	0.0411567562744239
38059	13660	14063	12	401097	0.0411567562744239
38059	13931	14244	13	411450	0.0411567562744239
38059	14047	14347	14	415066	0.0411567562744239
38059	14069	14404	15	416408	0.0411567562744239
38059	14087	14436	16	418443	0.0411567562744239
38059	14398	14454	17	425305	0.0411567562744239
38061	0	106	0	5	0.013837456794854
38061	88	179	1	26611	0.013837456794854
38061	856	299	2	79809	0.013837456794854
38061	1766	492	3	157515	0.013837456794854
38061	2486	787	4	251876	0.013837456794854
38061	2662	1209	5	278906	0.013837456794854
38061	2824	1757	6	296376	0.013837456794854
38061	2995	2388	7	306094	0.013837456794854
38061	3142	3019	8	318237	0.013837456794854
38061	3415	3567	9	337399	0.013837456794854
38061	3593	3989	10	350588	0.013837456794854
38061	3806	4284	11	372270	0.013837456794854
38061	4122	4477	12	401097	0.013837456794854
38061	4297	4597	13	411450	0.013837456794854
38061	4391	4671	14	415066	0.013837456794854
38061	4429	4714	15	416408	0.013837456794854
38061	4449	4740	16	418443	0.013837456794854
38061	4541	4755	17	425305	0.013837456794854
38063	0	51	0	5	0.0037779078342707
38063	113	112	1	26611	0.0037779078342707
38063	583	237	2	79809	0.0037779078342707
38063	1107	460	3	157515	0.0037779078342707
38063	1483	783	4	251876	0.0037779078342707
38063	1569	1126	5	278906	0.0037779078342707
38063	1639	1391	6	296376	0.0037779078342707
38063	1687	1550	7	306094	0.0037779078342707
38063	1718	1632	8	318237	0.0037779078342707
38063	1794	1670	9	337399	0.0037779078342707
38063	1839	1687	10	350588	0.0037779078342707
38063	1874	1695	11	372270	0.0037779078342707
38063	1983	1698	12	401097	0.0037779078342707
38063	2010	1699	13	411450	0.0037779078342707
38063	2030	1700	14	415066	0.0037779078342707
38063	2030	1700	15	416408	0.0037779078342707
38063	2035	1700	16	418443	0.0037779078342707
38063	2045	1700	17	425305	0.0037779078342707
38065	0	25	0	5	0.00257065698066562
38065	0	50	1	26611	0.00257065698066562
38065	89	95	2	79809	0.00257065698066562
38065	229	170	3	157515	0.00257065698066562
38065	335	274	4	251876	0.00257065698066562
38065	374	389	5	278906	0.00257065698066562
38065	387	489	6	296376	0.00257065698066562
38065	390	559	7	306094	0.00257065698066562
38065	406	601	8	318237	0.00257065698066562
38065	425	623	9	337399	0.00257065698066562
38065	440	635	10	350588	0.00257065698066562
38065	462	641	11	372270	0.00257065698066562
38065	487	643	12	401097	0.00257065698066562
38065	493	645	13	411450	0.00257065698066562
38065	495	646	14	415066	0.00257065698066562
38065	500	646	15	416408	0.00257065698066562
38065	502	646	16	418443	0.00257065698066562
38065	513	646	17	425305	0.00257065698066562
38067	0	134	0	5	0.00892447071235674
38067	305	255	1	26611	0.00892447071235674
38067	836	467	2	79809	0.00892447071235674
38067	1665	811	3	157515	0.00892447071235674
38067	2455	1296	4	251876	0.00892447071235674
38067	2689	1861	5	278906	0.00892447071235674
38067	2816	2393	6	296376	0.00892447071235674
38067	2910	2799	7	306094	0.00892447071235674
38067	3014	3063	8	318237	0.00892447071235674
38067	3177	3217	9	337399	0.00892447071235674
38067	3406	3302	10	350588	0.00892447071235674
38067	3506	3346	11	372270	0.00892447071235674
38067	3621	3370	12	401097	0.00892447071235674
38067	3726	3382	13	411450	0.00892447071235674
38067	3759	3388	14	415066	0.00892447071235674
38067	3769	3391	15	416408	0.00892447071235674
38067	3779	3392	16	418443	0.00892447071235674
38067	3805	3393	17	425305	0.00892447071235674
38069	0	74	0	5	0.0052161110250872
38069	169	149	1	26611	0.0052161110250872
38069	489	289	2	79809	0.0052161110250872
38069	997	517	3	157515	0.0052161110250872
38069	1255	828	4	251876	0.0052161110250872
38069	1358	1156	5	278906	0.0052161110250872
38069	1431	1423	6	296376	0.0052161110250872
38069	1470	1598	7	306094	0.0052161110250872
38069	1558	1697	8	318237	0.0052161110250872
38069	1626	1748	9	337399	0.0052161110250872
38069	1668	1773	10	350588	0.0052161110250872
38069	1691	1785	11	372270	0.0052161110250872
38069	1754	1791	12	401097	0.0052161110250872
38069	1779	1794	13	411450	0.0052161110250872
38069	1790	1795	14	415066	0.0052161110250872
38069	1790	1796	15	416408	0.0052161110250872
38069	1796	1796	16	418443	0.0052161110250872
38069	1810	1797	17	425305	0.0052161110250872
38071	0	130	0	5	0.0151155680246489
38071	491	265	1	26611	0.0151155680246489
38071	1324	527	2	79809	0.0151155680246489
38071	3518	1001	3	157515	0.0151155680246489
38071	4470	1763	4	251876	0.0151155680246489
38071	4796	2777	5	278906	0.0151155680246489
38071	5045	3837	6	296376	0.0151155680246489
38071	5248	4698	7	306094	0.0151155680246489
38071	5453	5265	8	318237	0.0151155680246489
38071	5734	5589	9	337399	0.0151155680246489
38071	5961	5760	10	350588	0.0151155680246489
38071	6079	5845	11	372270	0.0151155680246489
38071	6249	5887	12	401097	0.0151155680246489
38071	6427	5907	13	411450	0.0151155680246489
38071	6481	5917	14	415066	0.0151155680246489
38071	6498	5922	15	416408	0.0151155680246489
38071	6513	5924	16	418443	0.0151155680246489
38071	6582	5925	17	425305	0.0151155680246489
38073	0	71	0	5	0.00684721190664277
38073	292	151	1	26611	0.00684721190664277
38073	746	313	2	79809	0.00684721190664277
38073	1435	609	3	157515	0.00684721190664277
38073	2067	1070	4	251876	0.00684721190664277
38073	2334	1634	5	278906	0.00684721190664277
38073	2484	2149	6	296376	0.00684721190664277
38073	2550	2509	7	306094	0.00684721190664277
38073	2633	2716	8	318237	0.00684721190664277
38073	2740	2822	9	337399	0.00684721190664277
38073	2837	2873	10	350588	0.00684721190664277
38073	2885	2897	11	372270	0.00684721190664277
38073	2985	2908	12	401097	0.00684721190664277
38073	3045	2913	13	411450	0.00684721190664277
38073	3058	2915	14	415066	0.00684721190664277
38073	3061	2916	15	416408	0.00684721190664277
38073	3079	2917	16	418443	0.00684721190664277
38073	3131	2917	17	425305	0.00684721190664277
38075	0	44	0	5	0.00305355732210765
38075	0	84	1	26611	0.00305355732210765
38075	164	155	2	79809	0.00305355732210765
38075	380	265	3	157515	0.00305355732210765
38075	572	413	4	251876	0.00305355732210765
38075	625	573	5	278906	0.00305355732210765
38075	667	710	6	296376	0.00305355732210765
38075	681	806	7	306094	0.00305355732210765
38075	708	866	8	318237	0.00305355732210765
38075	745	898	9	337399	0.00305355732210765
38075	771	916	10	350588	0.00305355732210765
38075	789	925	11	372270	0.00305355732210765
38075	875	929	12	401097	0.00305355732210765
38075	886	932	13	411450	0.00305355732210765
38075	895	933	14	415066	0.00305355732210765
38075	895	933	15	416408	0.00305355732210765
38075	897	934	16	418443	0.00305355732210765
38075	911	934	17	425305	0.00305355732210765
38077	0	233	0	5	0.021227931585619
38077	371	509	1	26611	0.021227931585619
38077	1429	1068	2	79809	0.021227931585619
38077	3297	2073	3	157515	0.021227931585619
38077	5665	3548	4	251876	0.021227931585619
38077	6200	5173	5	278906	0.021227931585619
38077	6545	6484	6	296376	0.021227931585619
38077	6725	7300	7	306094	0.021227931585619
38077	6909	7730	8	318237	0.021227931585619
38077	7272	7936	9	337399	0.021227931585619
38077	7515	8031	10	350588	0.021227931585619
38077	7679	8073	11	372270	0.021227931585619
38077	7975	8092	12	401097	0.021227931585619
38077	8143	8100	13	411450	0.021227931585619
38077	8209	8104	14	415066	0.021227931585619
38077	8233	8106	15	416408	0.021227931585619
38077	8256	8106	16	418443	0.021227931585619
38077	8451	8107	17	425305	0.021227931585619
38079	0	234	0	5	0.018602160979028
38079	380	374	1	26611	0.018602160979028
38079	2724	590	2	79809	0.018602160979028
38079	5191	919	3	157515	0.018602160979028
38079	5902	1402	4	251876	0.018602160979028
38079	6025	2074	5	278906	0.018602160979028
38079	6375	2948	6	296376	0.018602160979028
38079	6592	3983	7	306094	0.018602160979028
38079	6897	5087	8	318237	0.018602160979028
38079	7425	6137	9	337399	0.018602160979028
38079	7785	7033	10	350588	0.018602160979028
38079	7996	7731	11	372270	0.018602160979028
38079	9011	8235	12	401097	0.018602160979028
38079	9418	8580	13	411450	0.018602160979028
38079	9636	8809	14	415066	0.018602160979028
38079	9744	8956	15	416408	0.018602160979028
38079	9818	9049	16	418443	0.018602160979028
38079	10067	9108	17	425305	0.018602160979028
38081	0	53	0	5	0.00511506937755721
38081	101	123	1	26611	0.00511506937755721
38081	329	272	2	79809	0.00511506937755721
38081	962	552	3	157515	0.00511506937755721
38081	1558	971	4	251876	0.00511506937755721
38081	1782	1422	5	278906	0.00511506937755721
38081	1863	1763	6	296376	0.00511506937755721
38081	1900	1960	7	306094	0.00511506937755721
38081	1944	2056	8	318237	0.00511506937755721
38081	2053	2099	9	337399	0.00511506937755721
38081	2116	2117	10	350588	0.00511506937755721
38081	2157	2125	11	372270	0.00511506937755721
38081	2217	2128	12	401097	0.00511506937755721
38081	2248	2130	13	411450	0.00511506937755721
38081	2266	2130	14	415066	0.00511506937755721
38081	2269	2130	15	416408	0.00511506937755721
38081	2283	2130	16	418443	0.00511506937755721
38081	2324	2131	17	425305	0.00511506937755721
38083	0	28	0	5	0.00172558138314205
38083	0	58	1	26611	0.00172558138314205
38083	173	111	2	79809	0.00172558138314205
38083	261	194	3	157515	0.00172558138314205
38083	347	292	4	251876	0.00172558138314205
38083	386	380	5	278906	0.00172558138314205
38083	390	440	6	296376	0.00172558138314205
38083	395	473	7	306094	0.00172558138314205
38083	411	490	8	318237	0.00172558138314205
38083	432	499	9	337399	0.00172558138314205
38083	446	502	10	350588	0.00172558138314205
38083	463	504	11	372270	0.00172558138314205
38083	472	505	12	401097	0.00172558138314205
38083	476	505	13	411450	0.00172558138314205
38083	476	506	14	415066	0.00172558138314205
38083	478	506	15	416408	0.00172558138314205
38083	478	506	16	418443	0.00172558138314205
38083	483	506	17	425305	0.00172558138314205
38085	0	32	0	5	0.005550729468206
38085	0	47	1	26611	0.005550729468206
38085	398	69	2	79809	0.005550729468206
38085	695	102	3	157515	0.005550729468206
38085	975	148	4	251876	0.005550729468206
38085	1046	214	5	278906	0.005550729468206
38085	1094	305	6	296376	0.005550729468206
38085	1177	431	7	306094	0.005550729468206
38085	1309	595	8	318237	0.005550729468206
38085	1486	803	9	337399	0.005550729468206
38085	1664	1051	10	350588	0.005550729468206
38085	1726	1328	11	372270	0.005550729468206
38085	1942	1616	12	401097	0.005550729468206
38085	2170	1893	13	411450	0.005550729468206
38085	2361	2141	14	415066	0.005550729468206
38085	2483	2349	15	416408	0.005550729468206
38085	2579	2514	16	418443	0.005550729468206
38085	2650	2639	17	425305	0.005550729468206
38087	0	10	0	5	0.000984171891525886
38087	0	20	1	26611	0.000984171891525886
38087	26	38	2	79809	0.000984171891525886
38087	40	63	3	157515	0.000984171891525886
38087	55	94	4	251876	0.000984171891525886
38087	64	122	5	278906	0.000984171891525886
38087	68	143	6	296376	0.000984171891525886
38087	68	156	7	306094	0.000984171891525886
38087	68	163	8	318237	0.000984171891525886
38087	70	166	9	337399	0.000984171891525886
38087	75	168	10	350588	0.000984171891525886
38087	77	169	11	372270	0.000984171891525886
38087	80	169	12	401097	0.000984171891525886
38087	81	169	13	411450	0.000984171891525886
38087	83	169	14	415066	0.000984171891525886
38087	83	170	15	416408	0.000984171891525886
38087	83	170	16	418443	0.000984171891525886
38087	83	170	17	425305	0.000984171891525886
38089	0	588	0	5	0.0413207849230115
38089	505	1042	1	26611	0.0413207849230115
38089	2323	1793	2	79809	0.0413207849230115
38089	4131	2946	3	157515	0.0413207849230115
38089	6639	4527	4	251876	0.0413207849230115
38089	7604	6389	5	278906	0.0413207849230115
38089	8042	8227	6	296376	0.0413207849230115
38089	8337	9751	7	306094	0.0413207849230115
38089	8688	10841	8	318237	0.0413207849230115
38089	9490	11542	9	337399	0.0413207849230115
38089	10152	11962	10	350588	0.0413207849230115
38089	10570	12203	11	372270	0.0413207849230115
38089	11039	12338	12	401097	0.0413207849230115
38089	11236	12413	13	411450	0.0413207849230115
38089	11334	12453	14	415066	0.0413207849230115
38089	11380	12476	15	416408	0.0413207849230115
38089	11404	12488	16	418443	0.0413207849230115
38089	11660	12495	17	425305	0.0413207849230115
38091	0	23	0	5	0.00248011316664523
38091	0	55	1	26611	0.00248011316664523
38091	161	126	2	79809	0.00248011316664523
38091	432	263	3	157515	0.00248011316664523
38091	650	463	4	251876	0.00248011316664523
38091	672	664	5	278906	0.00248011316664523
38091	696	802	6	296376	0.00248011316664523
38091	716	875	7	306094	0.00248011316664523
38091	749	907	8	318237	0.00248011316664523
38091	778	921	9	337399	0.00248011316664523
38091	794	927	10	350588	0.00248011316664523
38091	818	929	11	372270	0.00248011316664523
38091	849	930	12	401097	0.00248011316664523
38091	864	930	13	411450	0.00248011316664523
38091	875	930	14	415066	0.00248011316664523
38091	877	930	15	416408	0.00248011316664523
38091	884	930	16	418443	0.00248011316664523
38091	892	930	17	425305	0.00248011316664523
38093	0	365	0	5	0.0271683931228693
38093	1142	709	1	26611	0.0271683931228693
38093	2005	1335	2	79809	0.0271683931228693
38093	5171	2376	3	157515	0.0271683931228693
38093	7145	3879	4	251876	0.0271683931228693
38093	7808	5656	5	278906	0.0271683931228693
38093	8344	7323	6	296376	0.0271683931228693
38093	8602	8578	7	306094	0.0271683931228693
38093	8943	9377	8	318237	0.0271683931228693
38093	9396	9831	9	337399	0.0271683931228693
38093	9875	10074	10	350588	0.0271683931228693
38093	10246	10199	11	372270	0.0271683931228693
38093	10596	10262	12	401097	0.0271683931228693
38093	10848	10294	13	411450	0.0271683931228693
38093	10920	10310	14	415066	0.0271683931228693
38093	10931	10318	15	416408	0.0271683931228693
38093	10948	10321	16	418443	0.0271683931228693
38093	11085	10323	17	425305	0.0271683931228693
38095	0	37	0	5	0.00287246969406689
38095	72	80	1	26611	0.00287246969406689
38095	234	165	2	79809	0.00287246969406689
38095	590	311	3	157515	0.00287246969406689
38095	751	509	4	251876	0.00287246969406689
38095	787	708	5	278906	0.00287246969406689
38095	811	855	6	296376	0.00287246969406689
38095	837	941	7	306094	0.00287246969406689
38095	860	985	8	318237	0.00287246969406689
38095	912	1006	9	337399	0.00287246969406689
38095	942	1015	10	350588	0.00287246969406689
38095	962	1019	11	372270	0.00287246969406689
38095	1011	1021	12	401097	0.00287246969406689
38095	1025	1022	13	411450	0.00287246969406689
38095	1026	1022	14	415066	0.00287246969406689
38095	1028	1022	15	416408	0.00287246969406689
38095	1028	1022	16	418443	0.00287246969406689
38095	1037	1022	17	425305	0.00287246969406689
38097	0	108	0	5	0.0105450737604027
38097	226	220	1	26611	0.0105450737604027
38097	585	438	2	79809	0.0105450737604027
38097	1573	825	3	157515	0.0105450737604027
38097	2755	1424	4	251876	0.0105450737604027
38097	3044	2177	5	278906	0.0105450737604027
38097	3179	2909	6	296376	0.0105450737604027
38097	3283	3463	7	306094	0.0105450737604027
38097	3407	3809	8	318237	0.0105450737604027
38097	3548	3998	9	337399	0.0105450737604027
38097	3634	4095	10	350588	0.0105450737604027
38097	3696	4143	11	372270	0.0105450737604027
38097	4207	4167	12	401097	0.0105450737604027
38097	4284	4178	13	411450	0.0105450737604027
38097	4304	4183	14	415066	0.0105450737604027
38097	4313	4186	15	416408	0.0105450737604027
38097	4323	4187	16	418443	0.0105450737604027
38097	4382	4187	17	425305	0.0105450737604027
38099	0	129	0	5	0.0139634307969693
38099	309	239	1	26611	0.0139634307969693
38099	1176	437	2	79809	0.0139634307969693
38099	2360	774	3	157515	0.0139634307969693
38099	3667	1303	4	251876	0.0139634307969693
38099	4242	2037	5	278906	0.0139634307969693
38099	4485	2898	6	296376	0.0139634307969693
38099	4659	3728	7	306094	0.0139634307969693
38099	4835	4391	8	318237	0.0139634307969693
38099	5127	4845	9	337399	0.0139634307969693
38099	5321	5124	10	350588	0.0139634307969693
38099	5505	5285	11	372270	0.0139634307969693
38099	5965	5374	12	401097	0.0139634307969693
38099	6074	5421	13	411450	0.0139634307969693
38099	6120	5447	14	415066	0.0139634307969693
38099	6145	5461	15	416408	0.0139634307969693
38099	6166	5468	16	418443	0.0139634307969693
38099	6232	5472	17	425305	0.0139634307969693
38101	0	1147	0	5	0.0887604945529366
38101	1443	1993	1	26611	0.0887604945529366
38101	7206	3396	2	79809	0.0887604945529366
38101	12585	5608	3	157515	0.0887604945529366
38101	18938	8825	4	251876	0.0887604945529366
38101	20590	13004	5	278906	0.0887604945529366
38101	22178	17698	6	296376	0.0887604945529366
38101	23161	22182	7	306094	0.0887604945529366
38101	24287	25851	8	318237	0.0887604945529366
38101	26756	28490	9	337399	0.0887604945529366
38101	27679	30217	10	350588	0.0887604945529366
38101	28346	31279	11	372270	0.0887604945529366
38101	31006	31908	12	401097	0.0887604945529366
38101	32595	32271	13	411450	0.0887604945529366
38101	32834	32477	14	415066	0.0887604945529366
38101	32959	32594	15	416408	0.0887604945529366
38101	33692	32660	16	418443	0.0887604945529366
38101	34322	32697	17	425305	0.0887604945529366
38103	0	79	0	5	0.00503108670948033
38103	124	154	1	26611	0.00503108670948033
38103	490	287	2	79809	0.00503108670948033
38103	813	497	3	157515	0.00503108670948033
38103	1132	774	4	251876	0.00503108670948033
38103	1266	1062	5	278906	0.00503108670948033
38103	1309	1298	6	296376	0.00503108670948033
38103	1348	1455	7	306094	0.00503108670948033
38103	1395	1547	8	318237	0.00503108670948033
38103	1468	1596	9	337399	0.00503108670948033
38103	1529	1621	10	350588	0.00503108670948033
38103	1569	1634	11	372270	0.00503108670948033
38103	1622	1640	12	401097	0.00503108670948033
38103	1648	1643	13	411450	0.00503108670948033
38103	1661	1645	14	415066	0.00503108670948033
38103	1661	1645	15	416408	0.00503108670948033
38103	1661	1646	16	418443	0.00503108670948033
38103	1670	1646	17	425305	0.00503108670948033
38105	0	450	0	5	0.0493253829740887
38105	405	759	1	26611	0.0493253829740887
38105	1971	1261	2	79809	0.0493253829740887
38105	3274	2041	3	157515	0.0493253829740887
38105	5568	3180	4	251876	0.0493253829740887
38105	6699	4693	5	278906	0.0493253829740887
38105	7341	6476	6	296376	0.0493253829740887
38105	7748	8300	7	306094	0.0493253829740887
38105	8211	9915	8	318237	0.0493253829740887
38105	9217	11173	9	337399	0.0493253829740887
38105	9916	12057	10	350588	0.0493253829740887
38105	10335	12636	11	372270	0.0493253829740887
38105	10798	12996	12	401097	0.0493253829740887
38105	11087	13215	13	411450	0.0493253829740887
38105	11200	13344	14	415066	0.0493253829740887
38105	11244	13420	15	416408	0.0493253829740887
38105	11289	13465	16	418443	0.0493253829740887
38105	11469	13491	17	425305	0.0493253829740887
