1674	6
31001	0	283	0	78	0.0162132290602603
31001	0	583	1	51962	0.0162132290602603
31001	298	1174	2	162077	0.0162132290602603
31001	3194	2263	3	376114	0.0162132290602603
31001	6491	4043	4	629914	0.0162132290602603
31001	8980	6447	5	822638	0.0162132290602603
31001	9844	8983	6	923360	0.0162132290602603
31001	10172	11042	7	958015	0.0162132290602603
31001	10865	12390	8	1011047	0.0162132290602603
31001	11536	13152	9	1058664	0.0162132290602603
31001	11899	13547	10	1087880	0.0162132290602603
31001	12177	13743	11	1110565	0.0162132290602603
31001	12512	13838	12	1157882	0.0162132290602603
31001	12893	13883	13	1191647	0.0162132290602603
31001	13077	13905	14	1209495	0.0162132290602603
31001	13167	13915	15	1221469	0.0162132290602603
31001	13243	13920	16	1229780	0.0162132290602603
31001	13279	13922	17	1234466	0.0162132290602603
31003	0	117	0	78	0.00325577644426615
31003	70	249	1	51962	0.00325577644426615
31003	235	497	2	162077	0.00325577644426615
31003	487	889	3	376114	0.00325577644426615
31003	1467	1370	4	629914	0.00325577644426615
31003	1745	1803	5	822638	0.00325577644426615
31003	1841	2097	6	923360	0.00325577644426615
31003	1884	2260	7	958015	0.00325577644426615
31003	1978	2341	8	1011047	0.00325577644426615
31003	2101	2379	9	1058664	0.00325577644426615
31003	2173	2397	10	1087880	0.00325577644426615
31003	2198	2404	11	1110565	0.00325577644426615
31003	2249	2408	12	1157882	0.00325577644426615
31003	2290	2409	13	1191647	0.00325577644426615
31003	2321	2410	14	1209495	0.00325577644426615
31003	2334	2410	15	1221469	0.00325577644426615
31003	2344	2410	16	1229780	0.00325577644426615
31003	2352	2410	17	1234466	0.00325577644426615
31011	0	109	0	78	0.00268402529352649
31011	183	236	1	51962	0.00268402529352649
31011	377	476	2	162077	0.00268402529352649
31011	980	860	3	376114	0.00268402529352649
31011	1770	1332	4	629914	0.00268402529352649
31011	2016	1752	5	822638	0.00268402529352649
31011	2100	2033	6	923360	0.00268402529352649
31011	2153	2186	7	958015	0.00268402529352649
31011	2224	2261	8	1011047	0.00268402529352649
31011	2316	2295	9	1058664	0.00268402529352649
31011	2386	2311	10	1087880	0.00268402529352649
31011	2408	2318	11	1110565	0.00268402529352649
31011	2453	2321	12	1157882	0.00268402529352649
31011	2493	2322	13	1191647	0.00268402529352649
31011	2527	2323	14	1209495	0.00268402529352649
31011	2540	2323	15	1221469	0.00268402529352649
31011	2552	2323	16	1229780	0.00268402529352649
31011	2562	2323	17	1234466	0.00268402529352649
31013	0	116	0	78	0.00557431524269958
31013	0	207	1	51962	0.00557431524269958
31013	28	364	2	162077	0.00557431524269958
31013	860	622	3	376114	0.00557431524269958
31013	1961	1014	4	629914	0.00557431524269958
31013	2226	1544	5	822638	0.00557431524269958
31013	2385	2161	6	923360	0.00557431524269958
31013	2496	2764	7	958015	0.00557431524269958
31013	2720	3261	8	1011047	0.00557431524269958
31013	2936	3615	9	1058664	0.00557431524269958
31013	3076	3844	10	1087880	0.00557431524269958
31013	3236	3981	11	1110565	0.00557431524269958
31013	3441	4060	12	1157882	0.00557431524269958
31013	3547	4104	13	1191647	0.00557431524269958
31013	3599	4129	14	1209495	0.00557431524269958
31013	3646	4143	15	1221469	0.00557431524269958
31013	3675	4150	16	1229780	0.00557431524269958
31013	3688	4154	17	1234466	0.00557431524269958
31015	0	39	0	78	0.000992034772395482
31015	0	77	1	51962	0.000992034772395482
31015	78	143	2	162077	0.000992034772395482
31015	248	244	3	376114	0.000992034772395482
31015	428	370	4	629914	0.000992034772395482
31015	483	493	5	822638	0.000992034772395482
31015	509	585	6	923360	0.000992034772395482
31015	526	644	7	958015	0.000992034772395482
31015	567	676	8	1011047	0.000992034772395482
31015	587	693	9	1058664	0.000992034772395482
31015	608	701	10	1087880	0.000992034772395482
31015	627	705	11	1110565	0.000992034772395482
31015	638	707	12	1157882	0.000992034772395482
31015	657	708	13	1191647	0.000992034772395482
31015	663	709	14	1209495	0.000992034772395482
31015	671	709	15	1221469	0.000992034772395482
31015	676	709	16	1229780	0.000992034772395482
31015	682	709	17	1234466	0.000992034772395482
31017	0	63	0	78	0.00152759914144276
31017	0	125	1	51962	0.00152759914144276
31017	221	232	2	162077	0.00152759914144276
31017	436	397	3	376114	0.00152759914144276
31017	702	598	4	629914	0.00152759914144276
31017	811	789	5	822638	0.00152759914144276
31017	854	931	6	923360	0.00152759914144276
31017	873	1019	7	958015	0.00152759914144276
31017	896	1067	8	1011047	0.00152759914144276
31017	942	1091	9	1058664	0.00152759914144276
31017	970	1103	10	1087880	0.00152759914144276
31017	999	1109	11	1110565	0.00152759914144276
31017	1022	1112	12	1157882	0.00152759914144276
31017	1053	1113	13	1191647	0.00152759914144276
31017	1082	1114	14	1209495	0.00152759914144276
31017	1095	1114	15	1221469	0.00152759914144276
31017	1096	1115	16	1229780	0.00152759914144276
31017	1102	1115	17	1234466	0.00152759914144276
31019	0	486	0	78	0.025671419886601
31019	0	918	1	51962	0.025671419886601
31019	593	1701	2	162077	0.025671419886601
31019	4885	3054	3	376114	0.025671419886601
31019	10590	5205	4	629914	0.025671419886601
31019	12976	8209	5	822638	0.025671419886601
31019	14157	11723	6	923360	0.025671419886601
31019	14766	15075	7	958015	0.025671419886601
31019	15997	17705	8	1011047	0.025671419886601
31019	17230	19468	9	1058664	0.025671419886601
31019	18003	20531	10	1087880	0.025671419886601
31019	18586	21129	11	1110565	0.025671419886601
31019	19472	21454	12	1157882	0.025671419886601
31019	20126	21627	13	1191647	0.025671419886601
31019	20512	21718	14	1209495	0.025671419886601
31019	20678	21766	15	1221469	0.025671419886601
31019	20837	21790	16	1229780	0.025671419886601
31019	20921	21803	17	1234466	0.025671419886601
31021	0	72	0	78	0.00333900604215863
31021	51	153	1	51962	0.00333900604215863
31021	199	314	2	162077	0.00333900604215863
31021	1599	613	3	376114	0.00333900604215863
31021	2366	1093	4	629914	0.00333900604215863
31021	2716	1712	5	822638	0.00333900604215863
31021	2901	2318	6	923360	0.00333900604215863
31021	3014	2771	7	958015	0.00333900604215863
31021	3179	3045	8	1011047	0.00333900604215863
31021	3306	3191	9	1058664	0.00333900604215863
31021	3389	3263	10	1087880	0.00333900604215863
31021	3472	3298	11	1110565	0.00333900604215863
31021	3611	3314	12	1157882	0.00333900604215863
31021	3718	3322	13	1191647	0.00333900604215863
31021	3762	3325	14	1209495	0.00333900604215863
31021	3778	3327	15	1221469	0.00333900604215863
31021	3791	3327	16	1229780	0.00333900604215863
31021	3812	3328	17	1234466	0.00333900604215863
31023	0	156	0	78	0.00414390345780208
31023	167	324	1	51962	0.00414390345780208
31023	502	639	2	162077	0.00414390345780208
31023	1326	1157	3	376114	0.00414390345780208
31023	2550	1845	4	629914	0.00414390345780208
31023	3046	2539	5	822638	0.00414390345780208
31023	3203	3070	6	923360	0.00414390345780208
31023	3289	3397	7	958015	0.00414390345780208
31023	3462	3572	8	1011047	0.00414390345780208
31023	3606	3658	9	1058664	0.00414390345780208
31023	3704	3699	10	1087880	0.00414390345780208
31023	3764	3719	11	1110565	0.00414390345780208
31023	3886	3728	12	1157882	0.00414390345780208
31023	4010	3732	13	1191647	0.00414390345780208
31023	4078	3734	14	1209495	0.00414390345780208
31023	4109	3735	15	1221469	0.00414390345780208
31023	4125	3735	16	1229780	0.00414390345780208
31023	4140	3735	17	1234466	0.00414390345780208
31025	0	292	0	78	0.0135690092265954
31025	532	567	1	51962	0.0135690092265954
31025	1528	1082	2	162077	0.0135690092265954
31025	4321	1997	3	376114	0.0135690092265954
31025	7443	3486	4	629914	0.0135690092265954
31025	10243	5588	5	822638	0.0135690092265954
31025	11847	8031	6	923360	0.0135690092265954
31025	12268	10307	7	958015	0.0135690092265954
31025	12939	12026	8	1011047	0.0135690092265954
31025	13563	13132	9	1058664	0.0135690092265954
31025	13919	13770	10	1087880	0.0135690092265954
31025	14222	14117	11	1110565	0.0135690092265954
31025	14859	14299	12	1157882	0.0135690092265954
31025	15715	14392	13	1191647	0.0135690092265954
31025	15985	14440	14	1209495	0.0135690092265954
31025	16094	14464	15	1221469	0.0135690092265954
31025	16211	14476	16	1229780	0.0135690092265954
31025	16277	14483	17	1234466	0.0135690092265954
31027	0	151	0	78	0.00434344771113436
31027	0	341	1	51962	0.00434344771113436
31027	169	716	2	162077	0.00434344771113436
31027	1212	1324	3	376114	0.00434344771113436
31027	2274	2057	4	629914	0.00434344771113436
31027	2631	2675	5	822638	0.00434344771113436
31027	2749	3061	6	923360	0.00434344771113436
31027	2805	3257	7	958015	0.00434344771113436
31027	2950	3347	8	1011047	0.00434344771113436
31027	3090	3386	9	1058664	0.00434344771113436
31027	3191	3402	10	1087880	0.00434344771113436
31027	3238	3409	11	1110565	0.00434344771113436
31027	3304	3412	12	1157882	0.00434344771113436
31027	3363	3413	13	1191647	0.00434344771113436
31027	3405	3414	14	1209495	0.00434344771113436
31027	3416	3414	15	1221469	0.00434344771113436
31027	3444	3414	16	1229780	0.00434344771113436
31027	3463	3414	17	1234466	0.00434344771113436
31029	0	76	0	78	0.00202852759087018
31029	0	136	1	51962	0.00202852759087018
31029	22	235	2	162077	0.00202852759087018
31029	298	385	3	376114	0.00202852759087018
31029	578	584	4	629914	0.00202852759087018
31029	774	808	5	822638	0.00202852759087018
31029	861	1016	6	923360	0.00202852759087018
31029	910	1178	7	958015	0.00202852759087018
31029	1013	1287	8	1011047	0.00202852759087018
31029	1082	1355	9	1058664	0.00202852759087018
31029	1155	1393	10	1087880	0.00202852759087018
31029	1194	1415	11	1110565	0.00202852759087018
31029	1234	1427	12	1157882	0.00202852759087018
31029	1286	1434	13	1191647	0.00202852759087018
31029	1306	1437	14	1209495	0.00202852759087018
31029	1311	1439	15	1221469	0.00202852759087018
31029	1319	1440	16	1229780	0.00202852759087018
31029	1321	1440	17	1234466	0.00202852759087018
31031	0	125	0	78	0.00294095144354242
31031	44	227	1	51962	0.00294095144354242
31031	578	394	2	162077	0.00294095144354242
31031	948	643	3	376114	0.00294095144354242
31031	1193	961	4	629914	0.00294095144354242
31031	1403	1297	5	822638	0.00294095144354242
31031	1479	1588	6	923360	0.00294095144354242
31031	1525	1799	7	958015	0.00294095144354242
31031	1579	1934	8	1011047	0.00294095144354242
31031	1678	2013	9	1058664	0.00294095144354242
31031	1758	2057	10	1087880	0.00294095144354242
31031	1801	2081	11	1110565	0.00294095144354242
31031	1864	2094	12	1157882	0.00294095144354242
31031	1908	2101	13	1191647	0.00294095144354242
31031	1947	2104	14	1209495	0.00294095144354242
31031	1968	2106	15	1221469	0.00294095144354242
31031	1989	2107	16	1229780	0.00294095144354242
31031	1997	2107	17	1234466	0.00294095144354242
31033	0	167	0	78	0.00460606035541623
31033	235	326	1	51962	0.00460606035541623
31033	617	612	2	162077	0.00460606035541623
31033	770	1072	3	376114	0.00460606035541623
31033	2271	1694	4	629914	0.00460606035541623
31033	2679	2365	5	822638	0.00460606035541623
31033	2876	2934	6	923360	0.00460606035541623
31033	2956	3326	7	958015	0.00460606035541623
31033	3159	3558	8	1011047	0.00460606035541623
31033	3324	3684	9	1058664	0.00460606035541623
31033	3437	3749	10	1087880	0.00460606035541623
31033	3549	3782	11	1110565	0.00460606035541623
31033	3654	3798	12	1157882	0.00460606035541623
31033	3730	3806	13	1191647	0.00460606035541623
31033	3791	3810	14	1209495	0.00460606035541623
31033	3808	3812	15	1221469	0.00460606035541623
31033	3841	3813	16	1229780	0.00460606035541623
31033	3850	3813	17	1234466	0.00460606035541623
31035	0	111	0	78	0.00320666581196935
31035	0	223	1	51962	0.00320666581196935
31035	141	430	2	162077	0.00320666581196935
31035	838	766	3	376114	0.00320666581196935
31035	1387	1219	4	629914	0.00320666581196935
31035	1811	1694	5	822638	0.00320666581196935
31035	1955	2078	6	923360	0.00320666581196935
31035	2030	2329	7	958015	0.00320666581196935
31035	2172	2470	8	1011047	0.00320666581196935
31035	2301	2544	9	1058664	0.00320666581196935
31035	2372	2580	10	1087880	0.00320666581196935
31035	2422	2597	11	1110565	0.00320666581196935
31035	2474	2606	12	1157882	0.00320666581196935
31035	2519	2610	13	1191647	0.00320666581196935
31035	2549	2612	14	1209495	0.00320666581196935
31035	2572	2613	15	1221469	0.00320666581196935
31035	2595	2613	16	1229780	0.00320666581196935
31035	2600	2613	17	1234466	0.00320666581196935
31037	0	237	0	78	0.00553606064491048
31037	0	420	1	51962	0.00553606064491048
31037	240	723	2	162077	0.00553606064491048
31037	977	1187	3	376114	0.00553606064491048
31037	1962	1820	4	629914	0.00553606064491048
31037	3041	2558	5	822638	0.00553606064491048
31037	3502	3278	6	923360	0.00553606064491048
31037	3657	3867	7	958015	0.00553606064491048
31037	3893	4284	8	1011047	0.00553606064491048
31037	4195	4550	9	1058664	0.00553606064491048
31037	4335	4709	10	1087880	0.00553606064491048
31037	4468	4799	11	1110565	0.00553606064491048
31037	4697	4849	12	1157882	0.00553606064491048
31037	4894	4877	13	1191647	0.00553606064491048
31037	5016	4892	14	1209495	0.00553606064491048
31037	5074	4901	15	1221469	0.00553606064491048
31037	5121	4905	16	1229780	0.00553606064491048
31037	5138	4908	17	1234466	0.00553606064491048
31039	0	172	0	78	0.00457297529786891
31039	55	351	1	51962	0.00457297529786891
31039	144	686	2	162077	0.00457297529786891
31039	1443	1238	3	376114	0.00457297529786891
31039	2830	1981	4	629914	0.00457297529786891
31039	3274	2752	5	822638	0.00457297529786891
31039	3478	3364	6	923360	0.00457297529786891
31039	3595	3754	7	958015	0.00457297529786891
31039	3857	3968	8	1011047	0.00457297529786891
31039	4081	4077	9	1058664	0.00457297529786891
31039	4183	4130	10	1087880	0.00457297529786891
31039	4306	4155	11	1110565	0.00457297529786891
31039	4464	4167	12	1157882	0.00457297529786891
31039	4598	4173	13	1191647	0.00457297529786891
31039	4651	4175	14	1209495	0.00457297529786891
31039	4690	4176	15	1221469	0.00457297529786891
31039	4713	4177	16	1229780	0.00457297529786891
31039	4735	4177	17	1234466	0.00457297529786891
31041	0	225	0	78	0.00557121351855451
31041	206	423	1	51962	0.00557121351855451
31041	571	764	2	162077	0.00557121351855451
31041	1693	1286	3	376114	0.00557121351855451
31041	2564	1962	4	629914	0.00557121351855451
31041	2800	2671	5	822638	0.00557121351855451
31041	3125	3266	6	923360	0.00557121351855451
31041	3219	3679	7	958015	0.00557121351855451
31041	3382	3930	8	1011047	0.00557121351855451
31041	3594	4070	9	1058664	0.00557121351855451
31041	3764	4145	10	1087880	0.00557121351855451
31041	3855	4183	11	1110565	0.00557121351855451
31041	3961	4203	12	1157882	0.00557121351855451
31041	4028	4213	13	1191647	0.00557121351855451
31041	4061	4218	14	1209495	0.00557121351855451
31041	4082	4221	15	1221469	0.00557121351855451
31041	4115	4222	16	1229780	0.00557121351855451
31041	4128	4223	17	1234466	0.00557121351855451
31043	0	402	0	78	0.0103525212881667
31043	283	664	1	51962	0.0103525212881667
31043	1136	1081	2	162077	0.0103525212881667
31043	3085	1718	3	376114	0.0103525212881667
31043	6819	2632	4	629914	0.0103525212881667
31043	8127	3839	5	822638	0.0103525212881667
31043	8732	5262	6	923360	0.0103525212881667
31043	9195	6737	7	958015	0.0103525212881667
31043	9879	8071	8	1011047	0.0103525212881667
31043	10753	9139	9	1058664	0.0103525212881667
31043	11303	9914	10	1087880	0.0103525212881667
31043	11675	10435	11	1110565	0.0103525212881667
31043	12058	10770	12	1157882	0.0103525212881667
31043	12350	10978	13	1191647	0.0103525212881667
31043	12592	11104	14	1209495	0.0103525212881667
31043	12809	11180	15	1221469	0.0103525212881667
31043	12950	11225	16	1229780	0.0103525212881667
31043	13045	11252	17	1234466	0.0103525212881667
31045	0	117	0	78	0.00444011811365544
31045	0	245	1	51962	0.00444011811365544
31045	102	493	2	162077	0.00444011811365544
31045	863	924	3	376114	0.00444011811365544
31045	1809	1549	4	629914	0.00444011811365544
31045	2241	2251	5	822638	0.00444011811365544
31045	2472	2845	6	923360	0.00444011811365544
31045	2550	3240	7	958015	0.00444011811365544
31045	2698	3461	8	1011047	0.00444011811365544
31045	2870	3574	9	1058664	0.00444011811365544
31045	2941	3628	10	1087880	0.00444011811365544
31045	3028	3654	11	1110565	0.00444011811365544
31045	3144	3666	12	1157882	0.00444011811365544
31045	3227	3671	13	1191647	0.00444011811365544
31045	3272	3674	14	1209495	0.00444011811365544
31045	3303	3675	15	1221469	0.00444011811365544
31045	3335	3676	16	1229780	0.00444011811365544
31045	3346	3676	17	1234466	0.00444011811365544
31047	0	798	0	78	0.0121975302004541
31047	149	1233	1	51962	0.0121975302004541
31047	637	1861	2	162077	0.0121975302004541
31047	2882	2718	3	376114	0.0121975302004541
31047	5673	3801	4	629914	0.0121975302004541
31047	6491	5046	5	822638	0.0121975302004541
31047	7031	6327	6	923360	0.0121975302004541
31047	7409	7507	7	958015	0.0121975302004541
31047	8178	8486	8	1011047	0.0121975302004541
31047	9286	9232	9	1058664	0.0121975302004541
31047	9919	9762	10	1087880	0.0121975302004541
31047	10336	10122	11	1110565	0.0121975302004541
31047	10732	10358	12	1157882	0.0121975302004541
31047	11127	10510	13	1191647	0.0121975302004541
31047	11360	10606	14	1209495	0.0121975302004541
31047	11477	10667	15	1221469	0.0121975302004541
31047	11566	10704	16	1229780	0.0121975302004541
31047	11620	10728	17	1234466	0.0121975302004541
31049	0	33	0	78	0.000927415519373369
31049	0	59	1	51962	0.000927415519373369
31049	24	104	2	162077	0.000927415519373369
31049	73	172	3	376114	0.000927415519373369
31049	316	265	4	629914	0.000927415519373369
31049	366	372	5	822638	0.000927415519373369
31049	401	474	6	923360	0.000927415519373369
31049	414	553	7	958015	0.000927415519373369
31049	486	607	8	1011047	0.000927415519373369
31049	519	641	9	1058664	0.000927415519373369
31049	547	660	10	1087880	0.000927415519373369
31049	571	670	11	1110565	0.000927415519373369
31049	586	676	12	1157882	0.000927415519373369
31049	612	679	13	1191647	0.000927415519373369
31049	617	681	14	1209495	0.000927415519373369
31049	619	682	15	1221469	0.000927415519373369
31049	626	682	16	1229780	0.000927415519373369
31049	631	682	17	1234466	0.000927415519373369
31051	0	44	0	78	0.00291355288026104
31051	0	93	1	51962	0.00291355288026104
31051	154	189	2	162077	0.00291355288026104
31051	849	370	3	376114	0.00291355288026104
31051	1593	674	4	629914	0.00291355288026104
31051	1781	1096	5	822638	0.00291355288026104
31051	1895	1553	6	923360	0.00291355288026104
31051	1957	1931	7	958015	0.00291355288026104
31051	2061	2180	8	1011047	0.00291355288026104
31051	2130	2321	9	1058664	0.00291355288026104
31051	2196	2394	10	1087880	0.00291355288026104
31051	2257	2430	11	1110565	0.00291355288026104
31051	2322	2447	12	1157882	0.00291355288026104
31051	2399	2455	13	1191647	0.00291355288026104
31051	2444	2459	14	1209495	0.00291355288026104
31051	2459	2461	15	1221469	0.00291355288026104
31051	2472	2461	16	1229780	0.00291355288026104
31051	2483	2462	17	1234466	0.00291355288026104
31053	0	729	0	78	0.0189024238940286
31053	199	1417	1	51962	0.0189024238940286
31053	680	2656	2	162077	0.0189024238940286
31053	4915	4680	3	376114	0.0189024238940286
31053	9659	7504	4	629914	0.0189024238940286
31053	13493	10693	5	822638	0.0189024238940286
31053	14763	13535	6	923360	0.0189024238940286
31053	15288	15582	7	958015	0.0189024238940286
31053	16113	16840	8	1011047	0.0189024238940286
31053	16837	17540	9	1058664	0.0189024238940286
31053	17280	17907	10	1087880	0.0189024238940286
31053	17799	18095	11	1110565	0.0189024238940286
31053	18628	18189	12	1157882	0.0189024238940286
31053	19236	18236	13	1191647	0.0189024238940286
31053	19514	18259	14	1209495	0.0189024238940286
31053	19688	18271	15	1221469	0.0189024238940286
31053	19811	18276	16	1229780	0.0189024238940286
31053	19880	18279	17	1234466	0.0189024238940286
31055	0	2439	0	78	0.295349791770919
31055	12316	4994	1	51962	0.295349791770919
31055	40927	10150	2	162077	0.295349791770919
31055	103844	20320	3	376114	0.295349791770919
31055	184276	39521	4	629914	0.295349791770919
31055	249189	72944	5	822638	0.295349791770919
31055	283203	123645	6	923360	0.295349791770919
31055	293753	186499	7	958015	0.295349791770919
31055	310005	247504	8	1011047	0.295349791770919
31055	322955	294159	9	1058664	0.295349791770919
31055	331675	323750	10	1087880	0.295349791770919
31055	338485	340351	11	1110565	0.295349791770919
31055	356369	349029	12	1157882	0.295349791770919
31055	367963	353397	13	1191647	0.295349791770919
31055	373919	355556	14	1209495	0.295349791770919
31055	378901	356611	15	1221469	0.295349791770919
31055	381740	357126	16	1229780	0.295349791770919
31055	383391	357375	17	1234466	0.295349791770919
31057	0	27	0	78	0.000875203162931501
31057	0	48	1	51962	0.000875203162931501
31057	108	86	2	162077	0.000875203162931501
31057	293	144	3	376114	0.000875203162931501
31057	408	227	4	629914	0.000875203162931501
31057	437	326	5	822638	0.000875203162931501
31057	475	423	6	923360	0.000875203162931501
31057	488	502	7	958015	0.000875203162931501
31057	550	558	8	1011047	0.000875203162931501
31057	561	592	9	1058664	0.000875203162931501
31057	567	613	10	1087880	0.000875203162931501
31057	572	624	11	1110565	0.000875203162931501
31057	593	630	12	1157882	0.000875203162931501
31057	610	633	13	1191647	0.000875203162931501
31057	657	635	14	1209495	0.000875203162931501
31057	661	636	15	1221469	0.000875203162931501
31057	664	636	16	1229780	0.000875203162931501
31057	665	637	17	1234466	0.000875203162931501
31059	0	98	0	78	0.00282360288005426
31059	128	197	1	51962	0.00282360288005426
31059	232	382	2	162077	0.00282360288005426
31059	816	692	3	376114	0.00282360288005426
31059	1505	1128	4	629914	0.00282360288005426
31059	1886	1611	5	822638	0.00282360288005426
31059	2235	2024	6	923360	0.00282360288005426
31059	2303	2305	7	958015	0.00282360288005426
31059	2391	2469	8	1011047	0.00282360288005426
31059	2535	2555	9	1058664	0.00282360288005426
31059	2623	2599	10	1087880	0.00282360288005426
31059	2692	2620	11	1110565	0.00282360288005426
31059	2760	2630	12	1157882	0.00282360288005426
31059	2810	2635	13	1191647	0.00282360288005426
31059	2827	2637	14	1209495	0.00282360288005426
31059	2845	2638	15	1221469	0.00282360288005426
31059	2853	2639	16	1229780	0.00282360288005426
31059	2871	2639	17	1234466	0.00282360288005426
31061	0	57	0	78	0.001540006038023
31061	0	117	1	51962	0.001540006038023
31061	45	226	2	162077	0.001540006038023
31061	484	400	3	376114	0.001540006038023
31061	729	620	4	629914	0.001540006038023
31061	826	833	5	822638	0.001540006038023
31061	857	990	6	923360	0.001540006038023
31061	908	1084	7	958015	0.001540006038023
31061	977	1135	8	1011047	0.001540006038023
31061	1015	1159	9	1058664	0.001540006038023
31061	1051	1171	10	1087880	0.001540006038023
31061	1081	1177	11	1110565	0.001540006038023
31061	1106	1180	12	1157882	0.001540006038023
31061	1134	1181	13	1191647	0.001540006038023
31061	1144	1181	14	1209495	0.001540006038023
31061	1147	1182	15	1221469	0.001540006038023
31061	1153	1182	16	1229780	0.001540006038023
31061	1156	1182	17	1234466	0.001540006038023
31063	0	46	0	78	0.00135803822151273
31063	0	84	1	51962	0.00135803822151273
31063	32	148	2	162077	0.00135803822151273
31063	212	246	3	376114	0.00135803822151273
31063	395	377	4	629914	0.00135803822151273
31063	469	521	5	822638	0.00135803822151273
31063	503	650	6	923360	0.00135803822151273
31063	517	746	7	958015	0.00135803822151273
31063	546	809	8	1011047	0.00135803822151273
31063	617	846	9	1058664	0.00135803822151273
31063	641	867	10	1087880	0.00135803822151273
31063	657	878	11	1110565	0.00135803822151273
31063	685	884	12	1157882	0.00135803822151273
31063	705	887	13	1191647	0.00135803822151273
31063	713	889	14	1209495	0.00135803822151273
31063	722	890	15	1221469	0.00135803822151273
31063	727	890	16	1229780	0.00135803822151273
31063	727	890	17	1234466	0.00135803822151273
31065	0	96	0	78	0.00241727701705121
31065	0	184	1	51962	0.00241727701705121
31065	65	338	2	162077	0.00241727701705121
31065	744	581	3	376114	0.00241727701705121
31065	1223	902	4	629914	0.00241727701705121
31065	1396	1243	5	822638	0.00241727701705121
31065	1485	1530	6	923360	0.00241727701705121
31065	1547	1727	7	958015	0.00241727701705121
31065	1665	1846	8	1011047	0.00241727701705121
31065	1785	1910	9	1058664	0.00241727701705121
31065	1854	1944	10	1087880	0.00241727701705121
31065	1892	1962	11	1110565	0.00241727701705121
31065	1958	1970	12	1157882	0.00241727701705121
31065	2027	1975	13	1191647	0.00241727701705121
31065	2053	1977	14	1209495	0.00241727701705121
31065	2072	1978	15	1221469	0.00241727701705121
31065	2093	1978	16	1229780	0.00241727701705121
31065	2098	1979	17	1234466	0.00241727701705121
31067	0	298	0	78	0.0111212319221178
31067	169	574	1	51962	0.0111212319221178
31067	468	1078	2	162077	0.0111212319221178
31067	2574	1933	3	376114	0.0111212319221178
31067	4932	3223	4	629914	0.0111212319221178
31067	6219	4861	5	822638	0.0111212319221178
31067	6665	6540	6	923360	0.0111212319221178
31067	6910	7920	7	958015	0.0111212319221178
31067	7398	8865	8	1011047	0.0111212319221178
31067	7982	9433	9	1058664	0.0111212319221178
31067	8324	9749	10	1087880	0.0111212319221178
31067	8618	9916	11	1110565	0.0111212319221178
31067	9011	10003	12	1157882	0.0111212319221178
31067	9355	10047	13	1191647	0.0111212319221178
31067	9528	10069	14	1209495	0.0111212319221178
31067	9637	10081	15	1221469	0.0111212319221178
31067	9732	10087	16	1229780	0.0111212319221178
31067	9781	10090	17	1234466	0.0111212319221178
31069	0	39	0	78	0.000949644542412976
31069	0	82	1	51962	0.000949644542412976
31069	71	163	2	162077	0.000949644542412976
31069	358	289	3	376114	0.000949644542412976
31069	552	443	4	629914	0.000949644542412976
31069	625	582	5	822638	0.000949644542412976
31069	654	677	6	923360	0.000949644542412976
31069	667	731	7	958015	0.000949644542412976
31069	701	757	8	1011047	0.000949644542412976
31069	741	770	9	1058664	0.000949644542412976
31069	769	776	10	1087880	0.000949644542412976
31069	787	778	11	1110565	0.000949644542412976
31069	806	780	12	1157882	0.000949644542412976
31069	824	780	13	1191647	0.000949644542412976
31069	829	780	14	1209495	0.000949644542412976
31069	833	781	15	1221469	0.000949644542412976
31069	835	781	16	1229780	0.000949644542412976
31069	836	781	17	1234466	0.000949644542412976
31073	0	35	0	78	0.00102873850811204
31073	0	72	1	51962	0.00102873850811204
31073	25	143	2	162077	0.00102873850811204
31073	275	259	3	376114	0.00102873850811204
31073	508	412	4	629914	0.00102873850811204
31073	561	563	5	822638	0.00102873850811204
31073	593	676	6	923360	0.00102873850811204
31073	607	745	7	958015	0.00102873850811204
31073	644	781	8	1011047	0.00102873850811204
31073	679	798	9	1058664	0.00102873850811204
31073	710	807	10	1087880	0.00102873850811204
31073	733	811	11	1110565	0.00102873850811204
31073	752	812	12	1157882	0.00102873850811204
31073	773	813	13	1191647	0.00102873850811204
31073	785	813	14	1209495	0.00102873850811204
31073	793	814	15	1221469	0.00102873850811204
31073	800	814	16	1229780	0.00102873850811204
31073	805	814	17	1234466	0.00102873850811204
31077	0	43	0	78	0.00121794368096079
31077	43	92	1	51962	0.00121794368096079
31077	105	185	2	162077	0.00121794368096079
31077	369	337	3	376114	0.00121794368096079
31077	647	529	4	629914	0.00121794368096079
31077	720	708	5	822638	0.00121794368096079
31077	756	832	6	923360	0.00121794368096079
31077	774	902	7	958015	0.00121794368096079
31077	813	937	8	1011047	0.00121794368096079
31077	841	953	9	1058664	0.00121794368096079
31077	873	961	10	1087880	0.00121794368096079
31077	887	964	11	1110565	0.00121794368096079
31077	909	966	12	1157882	0.00121794368096079
31077	927	966	13	1191647	0.00121794368096079
31077	944	966	14	1209495	0.00121794368096079
31077	954	967	15	1221469	0.00121794368096079
31077	958	967	16	1229780	0.00121794368096079
31077	960	967	17	1234466	0.00121794368096079
31079	0	915	0	78	0.0317166802453257
31079	159	1612	1	51962	0.0317166802453257
31079	879	2790	2	162077	0.0317166802453257
31079	6790	4684	3	376114	0.0317166802453257
31079	14212	7507	4	629914	0.0317166802453257
31079	18584	11266	5	822638	0.0317166802453257
31079	20472	15588	6	923360	0.0317166802453257
31079	21609	19794	7	958015	0.0317166802453257
31079	23395	23270	8	1011047	0.0317166802453257
31079	24830	25776	9	1058664	0.0317166802453257
31079	25777	27411	10	1087880	0.0317166802453257
31079	26609	28409	11	1110565	0.0317166802453257
31079	27975	28993	12	1157882	0.0317166802453257
31079	28953	29327	13	1191647	0.0317166802453257
31079	29631	29516	14	1209495	0.0317166802453257
31079	30008	29621	15	1221469	0.0317166802453257
31079	30379	29680	16	1229780	0.0317166802453257
31079	30615	29712	17	1234466	0.0317166802453257
31081	0	121	0	78	0.00482007932142547
31081	0	234	1	51962	0.00482007932142547
31081	193	443	2	162077	0.00482007932142547
31081	1280	801	3	376114	0.00482007932142547
31081	2391	1344	4	629914	0.00482007932142547
31081	2903	2037	5	822638	0.00482007932142547
31081	3126	2745	6	923360	0.00482007932142547
31081	3251	3324	7	958015	0.00482007932142547
31081	3485	3717	8	1011047	0.00482007932142547
31081	3714	3951	9	1058664	0.00482007932142547
31081	3808	4079	10	1087880	0.00482007932142547
31081	3900	4147	11	1110565	0.00482007932142547
31081	4068	4181	12	1157882	0.00482007932142547
31081	4195	4199	13	1191647	0.00482007932142547
31081	4260	4208	14	1209495	0.00482007932142547
31081	4298	4212	15	1221469	0.00482007932142547
31081	4327	4214	16	1229780	0.00482007932142547
31081	4346	4216	17	1234466	0.00482007932142547
31083	0	70	0	78	0.00174730460171794
31083	64	142	1	51962	0.00174730460171794
31083	224	273	2	162077	0.00174730460171794
31083	679	477	3	376114	0.00174730460171794
31083	930	732	4	629914	0.00174730460171794
31083	1022	973	5	822638	0.00174730460171794
31083	1072	1149	6	923360	0.00174730460171794
31083	1107	1255	7	958015	0.00174730460171794
31083	1168	1312	8	1011047	0.00174730460171794
31083	1226	1339	9	1058664	0.00174730460171794
31083	1263	1353	10	1087880	0.00174730460171794
31083	1285	1359	11	1110565	0.00174730460171794
31083	1310	1362	12	1157882	0.00174730460171794
31083	1331	1364	13	1191647	0.00174730460171794
31083	1347	1364	14	1209495	0.00174730460171794
31083	1355	1364	15	1221469	0.00174730460171794
31083	1360	1365	16	1229780	0.00174730460171794
31083	1365	1365	17	1234466	0.00174730460171794
31085	0	19	0	78	0.000476631610291107
31085	0	31	1	51962	0.000476631610291107
31085	40	50	2	162077	0.000476631610291107
31085	72	77	3	376114	0.000476631610291107
31085	111	112	4	629914	0.000476631610291107
31085	137	151	5	822638	0.000476631610291107
31085	146	189	6	923360	0.000476631610291107
31085	149	222	7	958015	0.000476631610291107
31085	178	247	8	1011047	0.000476631610291107
31085	192	264	9	1058664	0.000476631610291107
31085	203	275	10	1087880	0.000476631610291107
31085	210	281	11	1110565	0.000476631610291107
31085	213	285	12	1157882	0.000476631610291107
31085	223	288	13	1191647	0.000476631610291107
31085	235	289	14	1209495	0.000476631610291107
31085	237	290	15	1221469	0.000476631610291107
31085	238	290	16	1229780	0.000476631610291107
31085	238	291	17	1234466	0.000476631610291107
31087	0	55	0	78	0.00142782701477661
31087	0	103	1	51962	0.00142782701477661
31087	104	186	2	162077	0.00142782701477661
31087	372	311	3	376114	0.00142782701477661
31087	567	474	4	629914	0.00142782701477661
31087	638	644	5	822638	0.00142782701477661
31087	683	788	6	923360	0.00142782701477661
31087	707	888	7	958015	0.00142782701477661
31087	762	950	8	1011047	0.00142782701477661
31087	817	984	9	1058664	0.00142782701477661
31087	849	1002	10	1087880	0.00142782701477661
31087	868	1012	11	1110565	0.00142782701477661
31087	886	1017	12	1157882	0.00142782701477661
31087	908	1020	13	1191647	0.00142782701477661
31087	929	1021	14	1209495	0.00142782701477661
31087	934	1022	15	1221469	0.00142782701477661
31087	941	1022	16	1229780	0.00142782701477661
31087	944	1022	17	1234466	0.00142782701477661
31089	0	215	0	78	0.00520417616138891
31089	117	414	1	51962	0.00520417616138891
31089	383	762	2	162077	0.00520417616138891
31089	1304	1300	3	376114	0.00520417616138891
31089	2391	1992	4	629914	0.00520417616138891
31089	3016	2699	5	822638	0.00520417616138891
31089	3222	3271	6	923360	0.00520417616138891
31089	3327	3652	7	958015	0.00520417616138891
31089	3494	3874	8	1011047	0.00520417616138891
31089	3714	3993	9	1058664	0.00520417616138891
31089	3852	4055	10	1087880	0.00520417616138891
31089	3944	4086	11	1110565	0.00520417616138891
31089	4061	4102	12	1157882	0.00520417616138891
31089	4178	4109	13	1191647	0.00520417616138891
31089	4246	4113	14	1209495	0.00520417616138891
31089	4291	4115	15	1221469	0.00520417616138891
31089	4325	4116	16	1229780	0.00520417616138891
31089	4341	4116	17	1234466	0.00520417616138891
31091	0	16	0	78	0.00035256264448865
31091	40	30	1	51962	0.00035256264448865
31091	78	54	2	162077	0.00035256264448865
31091	140	90	3	376114	0.00035256264448865
31091	196	136	4	629914	0.00035256264448865
31091	218	183	5	822638	0.00035256264448865
31091	228	221	6	923360	0.00035256264448865
31091	238	247	7	958015	0.00035256264448865
31091	246	263	8	1011047	0.00035256264448865
31091	257	271	9	1058664	0.00035256264448865
31091	266	276	10	1087880	0.00035256264448865
31091	273	278	11	1110565	0.00035256264448865
31091	281	279	12	1157882	0.00035256264448865
31091	283	280	13	1191647	0.00035256264448865
31091	285	280	14	1209495	0.00035256264448865
31091	288	280	15	1221469	0.00035256264448865
31091	290	280	16	1229780	0.00035256264448865
31091	290	280	17	1234466	0.00035256264448865
31093	0	87	0	78	0.00333176868582016
31093	0	177	1	51962	0.00333176868582016
31093	444	348	2	162077	0.00333176868582016
31093	1155	642	3	376114	0.00333176868582016
31093	1833	1076	4	629914	0.00333176868582016
31093	2018	1584	5	822638	0.00333176868582016
31093	2112	2045	6	923360	0.00333176868582016
31093	2171	2374	7	958015	0.00333176868582016
31093	2311	2570	8	1011047	0.00333176868582016
31093	2453	2676	9	1058664	0.00333176868582016
31093	2508	2729	10	1087880	0.00333176868582016
31093	2557	2755	11	1110565	0.00333176868582016
31093	2622	2768	12	1157882	0.00333176868582016
31093	2664	2774	13	1191647	0.00333176868582016
31093	2696	2777	14	1209495	0.00333176868582016
31093	2713	2778	15	1221469	0.00333176868582016
31093	2729	2779	16	1229780	0.00333176868582016
31093	2734	2779	17	1234466	0.00333176868582016
31095	0	115	0	78	0.00364245805435048
31095	157	242	1	51962	0.00364245805435048
31095	331	489	2	162077	0.00364245805435048
31095	1233	919	3	376114	0.00364245805435048
31095	2210	1538	4	629914	0.00364245805435048
31095	2774	2225	5	822638	0.00364245805435048
31095	3033	2797	6	923360	0.00364245805435048
31095	3139	3170	7	958015	0.00364245805435048
31095	3266	3377	8	1011047	0.00364245805435048
31095	3433	3480	9	1058664	0.00364245805435048
31095	3525	3530	10	1087880	0.00364245805435048
31095	3608	3553	11	1110565	0.00364245805435048
31095	3697	3564	12	1157882	0.00364245805435048
31095	3801	3569	13	1191647	0.00364245805435048
31095	3866	3571	14	1209495	0.00364245805435048
31095	3891	3572	15	1221469	0.00364245805435048
31095	3915	3573	16	1229780	0.00364245805435048
31095	3922	3573	17	1234466	0.00364245805435048
31097	0	113	0	78	0.00262147385660109
31097	105	218	1	51962	0.00262147385660109
31097	245	405	2	162077	0.00262147385660109
31097	750	702	3	376114	0.00262147385660109
31097	1575	1103	4	629914	0.00262147385660109
31097	1987	1539	5	822638	0.00262147385660109
31097	2123	1915	6	923360	0.00262147385660109
31097	2182	2179	7	958015	0.00262147385660109
31097	2329	2339	8	1011047	0.00262147385660109
31097	2436	2427	9	1058664	0.00262147385660109
31097	2502	2474	10	1087880	0.00262147385660109
31097	2561	2497	11	1110565	0.00262147385660109
31097	2642	2509	12	1157882	0.00262147385660109
31097	2684	2515	13	1191647	0.00262147385660109
31097	2747	2518	14	1209495	0.00262147385660109
31097	2768	2519	15	1221469	0.00262147385660109
31097	2779	2520	16	1229780	0.00262147385660109
31097	2786	2521	17	1234466	0.00262147385660109
31099	0	129	0	78	0.003357616387029
31099	208	253	1	51962	0.003357616387029
31099	499	475	2	162077	0.003357616387029
31099	1303	830	3	376114	0.003357616387029
31099	1986	1310	4	629914	0.003357616387029
31099	2204	1824	5	822638	0.003357616387029
31099	2311	2256	6	923360	0.003357616387029
31099	2376	2551	7	958015	0.003357616387029
31099	2545	2725	8	1011047	0.003357616387029
31099	2688	2819	9	1058664	0.003357616387029
31099	2781	2867	10	1087880	0.003357616387029
31099	2831	2892	11	1110565	0.003357616387029
31099	2931	2904	12	1157882	0.003357616387029
31099	2980	2909	13	1191647	0.003357616387029
31099	3022	2912	14	1209495	0.003357616387029
31099	3045	2914	15	1221469	0.003357616387029
31099	3060	2914	16	1229780	0.003357616387029
31099	3075	2915	17	1234466	0.003357616387029
31101	0	143	0	78	0.00415320863023726
31101	0	271	1	51962	0.00415320863023726
31101	80	495	2	162077	0.00415320863023726
31101	740	852	3	376114	0.00415320863023726
31101	1549	1338	4	629914	0.00415320863023726
31101	1970	1880	5	822638	0.00415320863023726
31101	2093	2364	6	923360	0.00415320863023726
31101	2193	2717	7	958015	0.00415320863023726
31101	2351	2938	8	1011047	0.00415320863023726
31101	2534	3064	9	1058664	0.00415320863023726
31101	2660	3132	10	1087880	0.00415320863023726
31101	2743	3168	11	1110565	0.00415320863023726
31101	2859	3186	12	1157882	0.00415320863023726
31101	2946	3195	13	1191647	0.00415320863023726
31101	2999	3200	14	1209495	0.00415320863023726
31101	3022	3202	15	1221469	0.00415320863023726
31101	3038	3203	16	1229780	0.00415320863023726
31101	3050	3204	17	1234466	0.00415320863023726
31103	0	16	0	78	0.000416664943486586
31103	0	32	1	51962	0.000416664943486586
31103	47	60	2	162077	0.000416664943486586
31103	98	101	3	376114	0.000416664943486586
31103	150	150	4	629914	0.000416664943486586
31103	173	195	5	822638	0.000416664943486586
31103	184	228	6	923360	0.000416664943486586
31103	188	248	7	958015	0.000416664943486586
31103	195	258	8	1011047	0.000416664943486586
31103	208	264	9	1058664	0.000416664943486586
31103	214	267	10	1087880	0.000416664943486586
31103	218	268	11	1110565	0.000416664943486586
31103	221	268	12	1157882	0.000416664943486586
31103	221	269	13	1191647	0.000416664943486586
31103	224	269	14	1209495	0.000416664943486586
31103	229	269	15	1221469	0.000416664943486586
31103	234	269	16	1229780	0.000416664943486586
31103	235	269	17	1234466	0.000416664943486586
31105	0	91	0	78	0.00187757701581052
31105	0	173	1	51962	0.00187757701581052
31105	47	310	2	162077	0.00187757701581052
31105	392	508	3	376114	0.00187757701581052
31105	740	741	4	629914	0.00187757701581052
31105	917	959	5	822638	0.00187757701581052
31105	993	1120	6	923360	0.00187757701581052
31105	1037	1222	7	958015	0.00187757701581052
31105	1099	1279	8	1011047	0.00187757701581052
31105	1137	1310	9	1058664	0.00187757701581052
31105	1165	1325	10	1087880	0.00187757701581052
31105	1195	1333	11	1110565	0.00187757701581052
31105	1226	1337	12	1157882	0.00187757701581052
31105	1255	1339	13	1191647	0.00187757701581052
31105	1265	1340	14	1209495	0.00187757701581052
31105	1266	1340	15	1221469	0.00187757701581052
31105	1270	1340	16	1229780	0.00187757701581052
31105	1280	1340	17	1234466	0.00187757701581052
31107	0	112	0	78	0.00430726092944198
31107	174	224	1	51962	0.00430726092944198
31107	487	437	2	162077	0.00430726092944198
31107	1452	806	3	376114	0.00430726092944198
31107	2602	1359	4	629914	0.00430726092944198
31107	2955	2031	5	822638	0.00430726092944198
31107	3220	2665	6	923360	0.00430726092944198
31107	3364	3138	7	958015	0.00430726092944198
31107	3488	3431	8	1011047	0.00430726092944198
31107	3647	3593	9	1058664	0.00430726092944198
31107	3746	3676	10	1087880	0.00430726092944198
31107	3824	3718	11	1110565	0.00430726092944198
31107	3920	3739	12	1157882	0.00430726092944198
31107	3995	3748	13	1191647	0.00430726092944198
31107	4051	3753	14	1209495	0.00430726092944198
31107	4100	3756	15	1221469	0.00430726092944198
31107	4137	3757	16	1229780	0.00430726092944198
31107	4161	3757	17	1234466	0.00430726092944198
31109	0	1412	0	78	0.164954859574609
31109	8154	3013	1	51962	0.164954859574609
31109	23806	6373	2	162077	0.164954859574609
31109	62137	13227	3	376114	0.164954859574609
31109	107634	26444	4	629914	0.164954859574609
31109	151764	49366	5	822638	0.164954859574609
31109	166290	82665	6	923360	0.164954859574609
31109	171330	120406	7	958015	0.164954859574609
31109	179891	152832	8	1011047	0.164954859574609
31109	187495	174694	9	1058664	0.164954859574609
31109	191428	187134	10	1087880	0.164954859574609
31109	194209	193538	11	1110565	0.164954859574609
31109	203036	196666	12	1157882	0.164954859574609
31109	207442	198154	13	1191647	0.164954859574609
31109	210374	198854	14	1209495	0.164954859574609
31109	212087	199180	15	1221469	0.164954859574609
31109	213354	199332	16	1229780	0.164954859574609
31109	214028	199403	17	1234466	0.164954859574609
31111	0	369	0	78	0.0180489328001125
31111	89	646	1	51962	0.0180489328001125
31111	477	1112	2	162077	0.0180489328001125
31111	3142	1865	3	376114	0.0180489328001125
31111	5742	3005	4	629914	0.0180489328001125
31111	6804	4568	5	822638	0.0180489328001125
31111	7434	6446	6	923360	0.0180489328001125
31111	7716	8371	7	958015	0.0180489328001125
31111	8435	10053	8	1011047	0.0180489328001125
31111	9285	11327	9	1058664	0.0180489328001125
31111	9753	12192	10	1087880	0.0180489328001125
31111	10389	12736	11	1110565	0.0180489328001125
31111	10890	13063	12	1157882	0.0180489328001125
31111	11239	13253	13	1191647	0.0180489328001125
31111	11439	13362	14	1209495	0.0180489328001125
31111	11558	13424	15	1221469	0.0180489328001125
31111	11618	13459	16	1229780	0.0180489328001125
31111	11660	13478	17	1234466	0.0180489328001125
31119	0	888	0	78	0.0181445692945852
31119	169	1586	1	51962	0.0181445692945852
31119	529	2730	2	162077	0.0181445692945852
31119	4908	4433	3	376114	0.0181445692945852
31119	8709	6640	4	629914	0.0181445692945852
31119	10646	9039	5	822638	0.0181445692945852
31119	11538	11193	6	923360	0.0181445692945852
31119	11986	12822	7	958015	0.0181445692945852
31119	12804	13900	8	1011047	0.0181445692945852
31119	13889	14552	9	1058664	0.0181445692945852
31119	14467	14925	10	1087880	0.0181445692945852
31119	14788	15132	11	1110565	0.0181445692945852
31119	15244	15245	12	1157882	0.0181445692945852
31119	15645	15305	13	1191647	0.0181445692945852
31119	15895	15338	14	1209495	0.0181445692945852
31119	16011	15355	15	1221469	0.0181445692945852
31119	16103	15365	16	1229780	0.0181445692945852
31119	16161	15370	17	1234466	0.0181445692945852
31121	0	112	0	78	0.0040089784574919
31121	133	205	1	51962	0.0040089784574919
31121	601	365	2	162077	0.0040089784574919
31121	1305	627	3	376114	0.0040089784574919
31121	1941	1013	4	629914	0.0040089784574919
31121	2304	1506	5	822638	0.0040089784574919
31121	2488	2034	6	923360	0.0040089784574919
31121	2564	2501	7	958015	0.0040089784574919
31121	2710	2848	8	1011047	0.0040089784574919
31121	2921	3076	9	1058664	0.0040089784574919
31121	3032	3213	10	1087880	0.0040089784574919
31121	3108	3291	11	1110565	0.0040089784574919
31121	3204	3334	12	1157882	0.0040089784574919
31121	3292	3357	13	1191647	0.0040089784574919
31121	3341	3370	14	1209495	0.0040089784574919
31121	3372	3376	15	1221469	0.0040089784574919
31121	3392	3380	16	1229780	0.0040089784574919
31121	3402	3382	17	1234466	0.0040089784574919
31123	0	61	0	78	0.0023997005802292
31123	112	114	1	51962	0.0023997005802292
31123	271	206	2	162077	0.0023997005802292
31123	630	355	3	376114	0.0023997005802292
31123	1000	574	4	629914	0.0023997005802292
31123	1134	846	5	822638	0.0023997005802292
31123	1238	1124	6	923360	0.0023997005802292
31123	1296	1357	7	958015	0.0023997005802292
31123	1346	1523	8	1011047	0.0023997005802292
31123	1424	1626	9	1058664	0.0023997005802292
31123	1466	1686	10	1087880	0.0023997005802292
31123	1502	1720	11	1110565	0.0023997005802292
31123	1558	1737	12	1157882	0.0023997005802292
31123	1606	1747	13	1191647	0.0023997005802292
31123	1632	1752	14	1209495	0.0023997005802292
31123	1648	1754	15	1221469	0.0023997005802292
31123	1656	1756	16	1229780	0.0023997005802292
31123	1667	1757	17	1234466	0.0023997005802292
31125	0	48	0	78	0.00181916121107853
31125	0	107	1	51962	0.00181916121107853
31125	26	224	2	162077	0.00181916121107853
31125	268	423	3	376114	0.00181916121107853
31125	592	684	4	629914	0.00181916121107853
31125	751	929	5	822638	0.00181916121107853
31125	798	1099	6	923360	0.00181916121107853
31125	819	1192	7	958015	0.00181916121107853
31125	863	1237	8	1011047	0.00181916121107853
31125	912	1258	9	1058664	0.00181916121107853
31125	946	1267	10	1087880	0.00181916121107853
31125	957	1271	11	1110565	0.00181916121107853
31125	975	1272	12	1157882	0.00181916121107853
31125	997	1273	13	1191647	0.00181916121107853
31125	1005	1273	14	1209495	0.00181916121107853
31125	1012	1273	15	1221469	0.00181916121107853
31125	1015	1273	16	1229780	0.00181916121107853
31125	1018	1273	17	1234466	0.00181916121107853
31127	0	115	0	78	0.00360420345656139
31127	197	231	1	51962	0.00360420345656139
31127	445	450	2	162077	0.00360420345656139
31127	1225	822	3	376114	0.00360420345656139
31127	2050	1357	4	629914	0.00360420345656139
31127	2490	1971	5	822638	0.00360420345656139
31127	2649	2515	6	923360	0.00360420345656139
31127	2739	2896	7	958015	0.00360420345656139
31127	2921	3123	8	1011047	0.00360420345656139
31127	3087	3244	9	1058664	0.00360420345656139
31127	3148	3305	10	1087880	0.00360420345656139
31127	3212	3335	11	1110565	0.00360420345656139
31127	3334	3350	12	1157882	0.00360420345656139
31127	3418	3357	13	1191647	0.00360420345656139
31127	3460	3360	14	1209495	0.00360420345656139
31127	3489	3362	15	1221469	0.00360420345656139
31127	3506	3363	16	1229780	0.00360420345656139
31127	3520	3363	17	1234466	0.00360420345656139
31129	0	88	0	78	0.00214432529228581
31129	124	175	1	51962	0.00214432529228581
31129	335	332	2	162077	0.00214432529228581
31129	887	582	3	376114	0.00214432529228581
31129	1301	910	4	629914	0.00214432529228581
31129	1474	1248	5	822638	0.00214432529228581
31129	1666	1518	6	923360	0.00214432529228581
31129	1712	1694	7	958015	0.00214432529228581
31129	1776	1793	8	1011047	0.00214432529228581
31129	1853	1845	9	1058664	0.00214432529228581
31129	1906	1871	10	1087880	0.00214432529228581
31129	1929	1883	11	1110565	0.00214432529228581
31129	1978	1890	12	1157882	0.00214432529228581
31129	2016	1893	13	1191647	0.00214432529228581
31129	2048	1894	14	1209495	0.00214432529228581
31129	2063	1895	15	1221469	0.00214432529228581
31129	2070	1895	16	1229780	0.00214432529228581
31129	2082	1895	17	1234466	0.00214432529228581
31131	0	254	0	78	0.00827746783512062
31131	518	501	1	51962	0.00827746783512062
31131	1187	957	2	162077	0.00827746783512062
31131	2728	1737	3	376114	0.00827746783512062
31131	4441	2902	4	629914	0.00827746783512062
31131	6030	4334	5	822638	0.00827746783512062
31131	6688	5726	6	923360	0.00827746783512062
31131	6963	6803	7	958015	0.00827746783512062
31131	7436	7498	8	1011047	0.00827746783512062
31131	7809	7895	9	1058664	0.00827746783512062
31131	8035	8107	10	1087880	0.00827746783512062
31131	8211	8215	11	1110565	0.00827746783512062
31131	8546	8270	12	1157882	0.00827746783512062
31131	8774	8297	13	1191647	0.00827746783512062
31131	8889	8310	14	1209495	0.00827746783512062
31131	8956	8317	15	1221469	0.00827746783512062
31131	9024	8320	16	1229780	0.00827746783512062
31131	9068	8322	17	1234466	0.00827746783512062
31133	0	43	0	78	0.00135080086517425
31133	0	92	1	51962	0.00135080086517425
31133	142	187	2	162077	0.00135080086517425
31133	409	349	3	376114	0.00135080086517425
31133	719	568	4	629914	0.00135080086517425
31133	851	791	5	822638	0.00135080086517425
31133	895	957	6	923360	0.00135080086517425
31133	924	1057	7	958015	0.00135080086517425
31133	980	1108	8	1011047	0.00135080086517425
31133	1014	1133	9	1058664	0.00135080086517425
31133	1060	1144	10	1087880	0.00135080086517425
31133	1082	1149	11	1110565	0.00135080086517425
31133	1103	1151	12	1157882	0.00135080086517425
31133	1115	1152	13	1191647	0.00135080086517425
31133	1121	1153	14	1209495	0.00135080086517425
31133	1130	1153	15	1221469	0.00135080086517425
31133	1137	1153	16	1229780	0.00135080086517425
31133	1141	1153	17	1234466	0.00135080086517425
31135	0	62	0	78	0.00149451408389543
31135	0	116	1	51962	0.00149451408389543
31135	161	209	2	162077	0.00149451408389543
31135	461	352	3	376114	0.00149451408389543
31135	699	537	4	629914	0.00149451408389543
31135	825	731	5	822638	0.00149451408389543
31135	871	895	6	923360	0.00149451408389543
31135	901	1010	7	958015	0.00149451408389543
31135	960	1080	8	1011047	0.00149451408389543
31135	995	1119	9	1058664	0.00149451408389543
31135	1048	1140	10	1087880	0.00149451408389543
31135	1077	1151	11	1110565	0.00149451408389543
31135	1121	1156	12	1157882	0.00149451408389543
31135	1157	1159	13	1191647	0.00149451408389543
31135	1172	1161	14	1209495	0.00149451408389543
31135	1184	1162	15	1221469	0.00149451408389543
31135	1188	1162	16	1229780	0.00149451408389543
31135	1188	1162	17	1234466	0.00149451408389543
31137	0	177	0	78	0.00467016265441417
31137	0	333	1	51962	0.00467016265441417
31137	151	602	2	162077	0.00467016265441417
31137	1274	1022	3	376114	0.00467016265441417
31137	2180	1582	4	629914	0.00467016265441417
31137	2402	2192	5	822638	0.00467016265441417
31137	2533	2726	6	923360	0.00467016265441417
31137	2616	3112	7	958015	0.00467016265441417
31137	2796	3352	8	1011047	0.00467016265441417
31137	3027	3489	9	1058664	0.00467016265441417
31137	3187	3563	10	1087880	0.00467016265441417
31137	3265	3602	11	1110565	0.00467016265441417
31137	3371	3622	12	1157882	0.00467016265441417
31137	3470	3632	13	1191647	0.00467016265441417
31137	3549	3638	14	1209495	0.00467016265441417
31137	3601	3640	15	1221469	0.00467016265441417
31137	3630	3642	16	1229780	0.00467016265441417
31137	3643	3642	17	1234466	0.00467016265441417
31139	0	150	0	78	0.00369518736481652
31139	146	298	1	51962	0.00369518736481652
31139	465	559	2	162077	0.00369518736481652
31139	1023	960	3	376114	0.00369518736481652
31139	1712	1457	4	629914	0.00369518736481652
31139	2014	1935	5	822638	0.00369518736481652
31139	2123	2293	6	923360	0.00369518736481652
31139	2167	2515	7	958015	0.00369518736481652
31139	2282	2636	8	1011047	0.00369518736481652
31139	2400	2698	9	1058664	0.00369518736481652
31139	2471	2729	10	1087880	0.00369518736481652
31139	2507	2744	11	1110565	0.00369518736481652
31139	2572	2751	12	1157882	0.00369518736481652
31139	2608	2754	13	1191647	0.00369518736481652
31139	2637	2756	14	1209495	0.00369518736481652
31139	2657	2756	15	1221469	0.00369518736481652
31139	2665	2757	16	1229780	0.00369518736481652
31139	2672	2757	17	1234466	0.00369518736481652
31141	0	398	0	78	0.017302451189201
31141	47	760	1	51962	0.017302451189201
31141	340	1417	2	162077	0.017302451189201
31141	2969	2540	3	376114	0.017302451189201
31141	6898	4271	4	629914	0.017302451189201
31141	10018	6552	5	822638	0.017302451189201
31141	11010	9012	6	923360	0.017302451189201
31141	11413	11152	7	958015	0.017302451189201
31141	12209	12691	8	1011047	0.017302451189201
31141	13302	13655	9	1058664	0.017302451189201
31141	13864	14206	10	1087880	0.017302451189201
31141	14234	14505	11	1110565	0.017302451189201
31141	14779	14663	12	1157882	0.017302451189201
31141	15234	14745	13	1191647	0.017302451189201
31141	15516	14787	14	1209495	0.017302451189201
31141	15664	14809	15	1221469	0.017302451189201
31141	15762	14820	16	1229780	0.017302451189201
31141	15815	14826	17	1234466	0.017302451189201
31143	0	93	0	78	0.00269488132803421
31143	80	180	1	51962	0.00269488132803421
31143	159	336	2	162077	0.00269488132803421
31143	535	586	3	376114	0.00269488132803421
31143	1083	930	4	629914	0.00269488132803421
31143	1476	1312	5	822638	0.00269488132803421
31143	1586	1647	6	923360	0.00269488132803421
31143	1634	1886	7	958015	0.00269488132803421
31143	1739	2032	8	1011047	0.00269488132803421
31143	1883	2113	9	1058664	0.00269488132803421
31143	1966	2155	10	1087880	0.00269488132803421
31143	2012	2177	11	1110565	0.00269488132803421
31143	2069	2188	12	1157882	0.00269488132803421
31143	2121	2194	13	1191647	0.00269488132803421
31143	2144	2196	14	1209495	0.00269488132803421
31143	2165	2198	15	1221469	0.00269488132803421
31143	2174	2198	16	1229780	0.00269488132803421
31143	2184	2199	17	1234466	0.00269488132803421
31145	0	199	0	78	0.00554381495527314
31145	0	379	1	51962	0.00554381495527314
31145	33	692	2	162077	0.00554381495527314
31145	1252	1184	3	376114	0.00554381495527314
31145	2220	1844	4	629914	0.00554381495527314
31145	2604	2561	5	822638	0.00554381495527314
31145	2807	3183	6	923360	0.00554381495527314
31145	2927	3626	7	958015	0.00554381495527314
31145	3163	3898	8	1011047	0.00554381495527314
31145	3443	4051	9	1058664	0.00554381495527314
31145	3593	4133	10	1087880	0.00554381495527314
31145	3670	4175	11	1110565	0.00554381495527314
31145	3804	4197	12	1157882	0.00554381495527314
31145	3883	4208	13	1191647	0.00554381495527314
31145	3933	4213	14	1209495	0.00554381495527314
31145	3959	4216	15	1221469	0.00554381495527314
31145	3985	4217	16	1229780	0.00554381495527314
31145	3993	4218	17	1234466	0.00554381495527314
31147	0	145	0	78	0.00406584340015136
31147	208	294	1	51962	0.00406584340015136
31147	664	572	2	162077	0.00406584340015136
31147	1569	1036	3	376114	0.00406584340015136
31147	2574	1678	4	629914	0.00406584340015136
31147	2964	2373	5	822638	0.00406584340015136
31147	3174	2952	6	923360	0.00406584340015136
31147	3260	3337	7	958015	0.00406584340015136
31147	3493	3556	8	1011047	0.00406584340015136
31147	3627	3670	9	1058664	0.00406584340015136
31147	3690	3727	10	1087880	0.00406584340015136
31147	3745	3754	11	1110565	0.00406584340015136
31147	3853	3767	12	1157882	0.00406584340015136
31147	4003	3773	13	1191647	0.00406584340015136
31147	4059	3776	14	1209495	0.00406584340015136
31147	4093	3778	15	1221469	0.00406584340015136
31147	4116	3778	16	1229780	0.00406584340015136
31147	4126	3779	17	1234466	0.00406584340015136
31151	0	272	0	78	0.00735315403989231
31151	0	491	1	51962	0.00735315403989231
31151	87	863	2	162077	0.00735315403989231
31151	1507	1456	3	376114	0.00735315403989231
31151	3054	2307	4	629914	0.00735315403989231
31151	4493	3364	5	822638	0.00735315403989231
31151	4977	4464	6	923360	0.00735315403989231
31151	5227	5414	7	958015	0.00735315403989231
31151	5741	6113	8	1011047	0.00735315403989231
31151	6266	6569	9	1058664	0.00735315403989231
31151	6507	6843	10	1087880	0.00735315403989231
31151	6704	7000	11	1110565	0.00735315403989231
31151	6987	7087	12	1157882	0.00735315403989231
31151	7224	7135	13	1191647	0.00735315403989231
31151	7372	7161	14	1209495	0.00735315403989231
31151	7471	7175	15	1221469	0.00735315403989231
31151	7550	7183	16	1229780	0.00735315403989231
31151	7581	7187	17	1234466	0.00735315403989231
31153	0	1532	0	78	0.0967717255098201
31153	2594	2997	1	51962	0.0967717255098201
31153	9943	5793	2	162077	0.0967717255098201
31153	26309	10938	3	376114	0.0967717255098201
31153	46108	19813	4	629914	0.0967717255098201
31153	66349	33535	5	822638	0.0967717255098201
31153	86841	51534	6	923360	0.0967717255098201
31153	90586	70658	7	958015	0.0967717255098201
31153	96315	86927	8	1011047	0.0967717255098201
31153	101940	98346	9	1058664	0.0967717255098201
31153	105425	105323	10	1087880	0.0967717255098201
31153	108123	109231	11	1110565	0.0967717255098201
31153	114393	111314	12	1157882	0.0967717255098201
31153	119502	112395	13	1191647	0.0967717255098201
31153	121509	112948	14	1209495	0.0967717255098201
31153	122984	113229	15	1221469	0.0967717255098201
31153	124126	113371	16	1229780	0.0967717255098201
31153	124678	113443	17	1234466	0.0967717255098201
31155	0	255	0	78	0.0111548339336893
31155	485	506	1	51962	0.0111548339336893
31155	1248	981	2	162077	0.0111548339336893
31155	3226	1821	3	376114	0.0111548339336893
31155	5860	3150	4	629914	0.0111548339336893
31155	7838	4913	5	822638	0.0111548339336893
31155	8614	6783	6	923360	0.0111548339336893
31155	8890	8347	7	958015	0.0111548339336893
31155	9419	9415	8	1011047	0.0111548339336893
31155	9873	10048	9	1058664	0.0111548339336893
31155	10114	10392	10	1087880	0.0111548339336893
31155	10298	10571	11	1110565	0.0111548339336893
31155	10736	10661	12	1157882	0.0111548339336893
31155	11028	10705	13	1191647	0.0111548339336893
31155	11191	10728	14	1209495	0.0111548339336893
31155	11284	10739	15	1221469	0.0111548339336893
31155	11343	10744	16	1229780	0.0111548339336893
31155	11384	10747	17	1234466	0.0111548339336893
31157	0	779	0	78	0.018412868433133
31157	413	1352	1	51962	0.018412868433133
31157	1220	2280	2	162077	0.018412868433133
31157	3574	3681	3	376114	0.018412868433133
31157	7360	5577	4	629914	0.018412868433133
31157	9038	7805	5	822638	0.018412868433133
31157	10179	10022	6	923360	0.018412868433133
31157	10671	11894	7	958015	0.018412868433133
31157	11515	13265	8	1011047	0.018412868433133
31157	12361	14170	9	1058664	0.018412868433133
31157	12912	14727	10	1087880	0.018412868433133
31157	13358	15054	11	1110565	0.018412868433133
31157	13927	15242	12	1157882	0.018412868433133
31157	14369	15348	13	1191647	0.018412868433133
31157	14626	15407	14	1209495	0.018412868433133
31157	14770	15440	15	1221469	0.018412868433133
31157	14870	15459	16	1229780	0.018412868433133
31157	14936	15469	17	1234466	0.018412868433133
31159	0	196	0	78	0.00893503335387364
31159	325	394	1	51962	0.00893503335387364
31159	889	774	2	162077	0.00893503335387364
31159	2402	1453	3	376114	0.00893503335387364
31159	4531	2534	4	629914	0.00893503335387364
31159	6127	3965	5	822638	0.00893503335387364
31159	6637	5461	6	923360	0.00893503335387364
31159	6830	6685	7	958015	0.00893503335387364
31159	7269	7501	8	1011047	0.00893503335387364
31159	7671	7973	9	1058664	0.00893503335387364
31159	7881	8224	10	1087880	0.00893503335387364
31159	8006	8352	11	1110565	0.00893503335387364
31159	8305	8416	12	1157882	0.00893503335387364
31159	8457	8447	13	1191647	0.00893503335387364
31159	8618	8462	14	1209495	0.00893503335387364
31159	8660	8469	15	1221469	0.00893503335387364
31159	8693	8473	16	1229780	0.00893503335387364
31159	8712	8475	17	1234466	0.00893503335387364
31161	0	144	0	78	0.00271194081083205
31161	49	254	1	51962	0.00271194081083205
31161	190	427	2	162077	0.00271194081083205
31161	542	667	3	376114	0.00271194081083205
31161	1000	951	4	629914	0.00271194081083205
31161	1182	1228	5	822638	0.00271194081083205
31161	1268	1452	6	923360	0.00271194081083205
31161	1316	1607	7	958015	0.00271194081083205
31161	1394	1704	8	1011047	0.00271194081083205
31161	1466	1760	9	1058664	0.00271194081083205
31161	1500	1791	10	1087880	0.00271194081083205
31161	1543	1808	11	1110565	0.00271194081083205
31161	1589	1817	12	1157882	0.00271194081083205
31161	1629	1822	13	1191647	0.00271194081083205
31161	1659	1825	14	1209495	0.00271194081083205
31161	1674	1826	15	1221469	0.00271194081083205
31161	1699	1827	16	1229780	0.00271194081083205
31161	1714	1827	17	1234466	0.00271194081083205
31163	0	53	0	78	0.00155137902655489
31163	56	110	1	51962	0.00155137902655489
31163	167	217	2	162077	0.00155137902655489
31163	557	392	3	376114	0.00155137902655489
31163	800	623	4	629914	0.00155137902655489
31163	883	855	5	822638	0.00155137902655489
31163	937	1031	6	923360	0.00155137902655489
31163	965	1138	7	958015	0.00155137902655489
31163	1015	1196	8	1011047	0.00155137902655489
31163	1070	1224	9	1058664	0.00155137902655489
31163	1102	1238	10	1087880	0.00155137902655489
31163	1126	1244	11	1110565	0.00155137902655489
31163	1141	1247	12	1157882	0.00155137902655489
31163	1167	1248	13	1191647	0.00155137902655489
31163	1175	1249	14	1209495	0.00155137902655489
31163	1181	1249	15	1221469	0.00155137902655489
31163	1186	1249	16	1229780	0.00155137902655489
31163	1192	1249	17	1234466	0.00155137902655489
31165	0	21	0	78	0.000602768392190272
31165	0	41	1	51962	0.000602768392190272
31165	46	74	2	162077	0.000602768392190272
31165	111	125	3	376114	0.000602768392190272
31165	174	188	4	629914	0.000602768392190272
31165	207	250	5	822638	0.000602768392190272
31165	220	300	6	923360	0.000602768392190272
31165	225	332	7	958015	0.000602768392190272
31165	242	351	8	1011047	0.000602768392190272
31165	255	361	9	1058664	0.000602768392190272
31165	262	366	10	1087880	0.000602768392190272
31165	270	369	11	1110565	0.000602768392190272
31165	275	370	12	1157882	0.000602768392190272
31165	280	371	13	1191647	0.000602768392190272
31165	288	371	14	1209495	0.000602768392190272
31165	291	371	15	1221469	0.000602768392190272
31165	294	371	16	1229780	0.000602768392190272
31165	294	371	17	1234466	0.000602768392190272
31167	0	98	0	78	0.00306036782312728
31167	86	179	1	51962	0.00306036782312728
31167	175	316	2	162077	0.00306036782312728
31167	531	531	3	376114	0.00306036782312728
31167	919	824	4	629914	0.00306036782312728
31167	1099	1161	5	822638	0.00306036782312728
31167	1193	1476	6	923360	0.00306036782312728
31167	1243	1722	7	958015	0.00306036782312728
31167	1338	1887	8	1011047	0.00306036782312728
31167	1429	1987	9	1058664	0.00306036782312728
31167	1489	2044	10	1087880	0.00306036782312728
31167	1531	2075	11	1110565	0.00306036782312728
31167	1606	2092	12	1157882	0.00306036782312728
31167	1656	2100	13	1191647	0.00306036782312728
31167	1677	2105	14	1209495	0.00306036782312728
31167	1686	2108	15	1221469	0.00306036782312728
31167	1694	2109	16	1229780	0.00306036782312728
31167	1698	2110	17	1234466	0.00306036782312728
31169	0	87	0	78	0.00258632098295706
31169	0	180	1	51962	0.00258632098295706
31169	101	357	2	162077	0.00258632098295706
31169	595	655	3	376114	0.00258632098295706
31169	1312	1063	4	629914	0.00258632098295706
31169	1594	1491	5	822638	0.00258632098295706
31169	1841	1830	6	923360	0.00258632098295706
31169	1907	2045	7	958015	0.00258632098295706
31169	1992	2162	8	1011047	0.00258632098295706
31169	2052	2221	9	1058664	0.00258632098295706
31169	2143	2249	10	1087880	0.00258632098295706
31169	2218	2262	11	1110565	0.00258632098295706
31169	2286	2268	12	1157882	0.00258632098295706
31169	2347	2271	13	1191647	0.00258632098295706
31169	2373	2272	14	1209495	0.00258632098295706
31169	2389	2273	15	1221469	0.00258632098295706
31169	2399	2273	16	1229780	0.00258632098295706
31169	2402	2273	17	1234466	0.00258632098295706
31173	0	197	0	78	0.00373447587065397
31173	250	301	1	51962	0.00373447587065397
31173	1124	454	2	162077	0.00373447587065397
31173	2197	672	3	376114	0.00373447587065397
31173	2874	971	4	629914	0.00373447587065397
31173	3072	1356	5	822638	0.00373447587065397
31173	3264	1818	6	923360	0.00373447587065397
31173	3455	2325	7	958015	0.00373447587065397
31173	3805	2829	8	1011047	0.00373447587065397
31173	3982	3284	9	1058664	0.00373447587065397
31173	4140	3661	10	1087880	0.00373447587065397
31173	4397	3951	11	1110565	0.00373447587065397
31173	4639	4162	12	1157882	0.00373447587065397
31173	4912	4309	13	1191647	0.00373447587065397
31173	5215	4409	14	1209495	0.00373447587065397
31173	5373	4475	15	1221469	0.00373447587065397
31173	5491	4518	16	1229780	0.00373447587065397
31173	5522	4547	17	1234466	0.00373447587065397
31175	0	71	0	78	0.00214949483252757
31175	0	141	1	51962	0.00214949483252757
31175	26	269	2	162077	0.00214949483252757
31175	535	473	3	376114	0.00214949483252757
31175	872	743	4	629914	0.00214949483252757
31175	943	1022	5	822638	0.00214949483252757
31175	995	1246	6	923360	0.00214949483252757
31175	1037	1391	7	958015	0.00214949483252757
31175	1127	1474	8	1011047	0.00214949483252757
31175	1189	1517	9	1058664	0.00214949483252757
31175	1232	1538	10	1087880	0.00214949483252757
31175	1270	1548	11	1110565	0.00214949483252757
31175	1308	1553	12	1157882	0.00214949483252757
31175	1338	1556	13	1191647	0.00214949483252757
31175	1360	1557	14	1209495	0.00214949483252757
31175	1371	1558	15	1221469	0.00214949483252757
31175	1379	1558	16	1229780	0.00214949483252757
31175	1384	1558	17	1234466	0.00214949483252757
31177	0	243	0	78	0.0107159399671631
31177	594	483	1	51962	0.0107159399671631
31177	1555	939	2	162077	0.0107159399671631
31177	3535	1750	3	376114	0.0107159399671631
31177	5930	3048	4	629914	0.0107159399671631
31177	8201	4798	5	822638	0.0107159399671631
31177	8905	6688	6	923360	0.0107159399671631
31177	9176	8296	7	958015	0.0107159399671631
31177	9696	9409	8	1011047	0.0107159399671631
31177	10128	10074	9	1058664	0.0107159399671631
31177	10397	10437	10	1087880	0.0107159399671631
31177	10622	10626	11	1110565	0.0107159399671631
31177	11073	10721	12	1157882	0.0107159399671631
31177	11413	10769	13	1191647	0.0107159399671631
31177	11551	10792	14	1209495	0.0107159399671631
31177	11616	10804	15	1221469	0.0107159399671631
31177	11680	10809	16	1229780	0.0107159399671631
31177	11723	10812	17	1234466	0.0107159399671631
31179	0	138	0	78	0.00485161351690026
31179	0	293	1	51962	0.00485161351690026
31179	131	595	2	162077	0.00485161351690026
31179	1145	1117	3	376114	0.00485161351690026
31179	2345	1854	4	629914	0.00485161351690026
31179	2703	2646	5	822638	0.00485161351690026
31179	2911	3281	6	923360	0.00485161351690026
31179	3016	3682	7	958015	0.00485161351690026
31179	3230	3898	8	1011047	0.00485161351690026
31179	3414	4005	9	1058664	0.00485161351690026
31179	3495	4055	10	1087880	0.00485161351690026
31179	3574	4078	11	1110565	0.00485161351690026
31179	3714	4089	12	1157882	0.00485161351690026
31179	3801	4094	13	1191647	0.00485161351690026
31179	3852	4096	14	1209495	0.00485161351690026
31179	3885	4097	15	1221469	0.00485161351690026
31179	3902	4097	16	1229780	0.00485161351690026
31179	3919	4098	17	1234466	0.00485161351690026
31181	0	61	0	78	0.00180261868230487
31181	0	131	1	51962	0.00180261868230487
31181	116	266	2	162077	0.00180261868230487
31181	538	485	3	376114	0.00180261868230487
31181	887	765	4	629914	0.00180261868230487
31181	991	1025	5	822638	0.00180261868230487
31181	1057	1207	6	923360	0.00180261868230487
31181	1087	1309	7	958015	0.00180261868230487
31181	1164	1360	8	1011047	0.00180261868230487
31181	1208	1384	9	1058664	0.00180261868230487
31181	1237	1395	10	1087880	0.00180261868230487
31181	1259	1400	11	1110565	0.00180261868230487
31181	1281	1402	12	1157882	0.00180261868230487
31181	1310	1403	13	1191647	0.00180261868230487
31181	1332	1403	14	1209495	0.00180261868230487
31181	1340	1403	15	1221469	0.00180261868230487
31181	1342	1403	16	1229780	0.00180261868230487
31181	1344	1403	17	1234466	0.00180261868230487
31183	0	16	0	78	0.000404775000930517
31183	0	28	1	51962	0.000404775000930517
31183	43	46	2	162077	0.000404775000930517
31183	85	74	3	376114	0.000404775000930517
31183	136	110	4	629914	0.000404775000930517
31183	165	152	5	822638	0.000404775000930517
31183	167	191	6	923360	0.000404775000930517
31183	170	223	7	958015	0.000404775000930517
31183	184	245	8	1011047	0.000404775000930517
31183	210	260	9	1058664	0.000404775000930517
31183	221	268	10	1087880	0.000404775000930517
31183	229	273	11	1110565	0.000404775000930517
31183	234	276	12	1157882	0.000404775000930517
31183	237	278	13	1191647	0.000404775000930517
31183	244	279	14	1209495	0.000404775000930517
31183	246	279	15	1221469	0.000404775000930517
31183	249	279	16	1229780	0.000404775000930517
31183	250	280	17	1234466	0.000404775000930517
31185	0	246	0	78	0.00707141409671589
31185	327	486	1	51962	0.00707141409671589
31185	801	925	2	162077	0.00707141409671589
31185	2180	1655	3	376114	0.00707141409671589
31185	3658	2689	4	629914	0.00707141409671589
31185	4958	3867	5	822638	0.00707141409671589
31185	5405	4917	6	923360	0.00707141409671589
31185	5601	5666	7	958015	0.00707141409671589
31185	5968	6121	8	1011047	0.00707141409671589
31185	6323	6370	9	1058664	0.00707141409671589
31185	6500	6499	10	1087880	0.00707141409671589
31185	6667	6564	11	1110565	0.00707141409671589
31185	6866	6596	12	1157882	0.00707141409671589
31185	6988	6612	13	1191647	0.00707141409671589
31185	7067	6620	14	1209495	0.00707141409671589
31185	7112	6623	15	1221469	0.00707141409671589
31185	7144	6625	16	1229780	0.00707141409671589
31185	7173	6626	17	1234466	0.00707141409671589
31005	0	11	0	78	0.000239349713193907
31005	0	20	1	51962	0.000239349713193907
31005	0	35	2	162077	0.000239349713193907
31005	19	56	3	376114	0.000239349713193907
31005	49	83	4	629914	0.000239349713193907
31005	57	111	5	822638	0.000239349713193907
31005	61	135	6	923360	0.000239349713193907
31005	63	153	7	958015	0.000239349713193907
31005	73	164	8	1011047	0.000239349713193907
31005	77	171	9	1058664	0.000239349713193907
31005	80	174	10	1087880	0.000239349713193907
31005	82	176	11	1110565	0.000239349713193907
31005	84	178	12	1157882	0.000239349713193907
31005	88	178	13	1191647	0.000239349713193907
31005	89	178	14	1209495	0.000239349713193907
31005	91	179	15	1221469	0.000239349713193907
31005	91	179	16	1229780	0.000239349713193907
31005	91	179	17	1234466	0.000239349713193907
31007	0	17	0	78	0.000385130748011795
31007	0	31	1	51962	0.000385130748011795
31007	0	54	2	162077	0.000385130748011795
31007	52	88	3	376114	0.000385130748011795
31007	105	133	4	629914	0.000385130748011795
31007	127	181	5	822638	0.000385130748011795
31007	142	223	6	923360	0.000385130748011795
31007	149	254	7	958015	0.000385130748011795
31007	169	274	8	1011047	0.000385130748011795
31007	184	286	9	1058664	0.000385130748011795
31007	198	293	10	1087880	0.000385130748011795
31007	212	296	11	1110565	0.000385130748011795
31007	224	298	12	1157882	0.000385130748011795
31007	236	299	13	1191647	0.000385130748011795
31007	240	300	14	1209495	0.000385130748011795
31007	242	300	15	1221469	0.000385130748011795
31007	244	300	16	1229780	0.000385130748011795
31007	245	300	17	1234466	0.000385130748011795
31009	0	11	0	78	0.000240383621242261
31009	0	19	1	51962	0.000240383621242261
31009	0	34	2	162077	0.000240383621242261
31009	39	55	3	376114	0.000240383621242261
31009	70	83	4	629914	0.000240383621242261
31009	80	113	5	822638	0.000240383621242261
31009	92	140	6	923360	0.000240383621242261
31009	93	159	7	958015	0.000240383621242261
31009	94	171	8	1011047	0.000240383621242261
31009	102	179	9	1058664	0.000240383621242261
31009	107	183	10	1087880	0.000240383621242261
31009	114	185	11	1110565	0.000240383621242261
31009	114	186	12	1157882	0.000240383621242261
31009	115	187	13	1191647	0.000240383621242261
31009	122	187	14	1209495	0.000240383621242261
31009	122	187	15	1221469	0.000240383621242261
31009	122	187	16	1229780	0.000240383621242261
31009	123	188	17	1234466	0.000240383621242261
31071	0	43	0	78	0.00101788247360433
31071	0	79	1	51962	0.00101788247360433
31071	0	139	2	162077	0.00101788247360433
31071	274	231	3	376114	0.00101788247360433
31071	382	351	4	629914	0.00101788247360433
31071	427	481	5	822638	0.00101788247360433
31071	444	597	6	923360	0.00101788247360433
31071	463	683	7	958015	0.00101788247360433
31071	491	738	8	1011047	0.00101788247360433
31071	521	771	9	1058664	0.00101788247360433
31071	539	789	10	1087880	0.00101788247360433
31071	548	798	11	1110565	0.00101788247360433
31071	557	804	12	1157882	0.00101788247360433
31071	577	806	13	1191647	0.00101788247360433
31071	587	808	14	1209495	0.00101788247360433
31071	591	808	15	1221469	0.00101788247360433
31071	594	809	16	1229780	0.00101788247360433
31071	597	809	17	1234466	0.00101788247360433
31075	0	16	0	78	0.000322062357062212
31075	0	28	1	51962	0.000322062357062212
31075	0	47	2	162077	0.000322062357062212
31075	19	76	3	376114	0.000322062357062212
31075	56	111	4	629914	0.000322062357062212
31075	70	147	5	822638	0.000322062357062212
31075	77	178	6	923360	0.000322062357062212
31075	81	201	7	958015	0.000322062357062212
31075	91	216	8	1011047	0.000322062357062212
31075	108	225	9	1058664	0.000322062357062212
31075	110	230	10	1087880	0.000322062357062212
31075	115	233	11	1110565	0.000322062357062212
31075	120	234	12	1157882	0.000322062357062212
31075	125	235	13	1191647	0.000322062357062212
31075	127	235	14	1209495	0.000322062357062212
31075	129	235	15	1221469	0.000322062357062212
31075	129	236	16	1229780	0.000322062357062212
31075	129	236	17	1234466	0.000322062357062212
31113	0	18	0	78	0.000386681610084326
31113	0	32	1	51962	0.000386681610084326
31113	0	55	2	162077	0.000386681610084326
31113	46	89	3	376114	0.000386681610084326
31113	78	132	4	629914	0.000386681610084326
31113	91	179	5	822638	0.000386681610084326
31113	96	219	6	923360	0.000386681610084326
31113	100	249	7	958015	0.000386681610084326
31113	120	268	8	1011047	0.000386681610084326
31113	133	279	9	1058664	0.000386681610084326
31113	145	286	10	1087880	0.000386681610084326
31113	151	289	11	1110565	0.000386681610084326
31113	160	291	12	1157882	0.000386681610084326
31113	160	292	13	1191647	0.000386681610084326
31113	162	293	14	1209495	0.000386681610084326
31113	164	293	15	1221469	0.000386681610084326
31113	165	293	16	1229780	0.000386681610084326
31113	165	293	17	1234466	0.000386681610084326
31115	0	13	0	78	0.000343257472053465
31115	0	24	1	51962	0.000343257472053465
31115	0	44	2	162077	0.000343257472053465
31115	58	76	3	376114	0.000343257472053465
31115	104	119	4	629914	0.000343257472053465
31115	119	168	5	822638	0.000343257472053465
31115	129	212	6	923360	0.000343257472053465
31115	139	244	7	958015	0.000343257472053465
31115	154	265	8	1011047	0.000343257472053465
31115	168	277	9	1058664	0.000343257472053465
31115	179	283	10	1087880	0.000343257472053465
31115	186	287	11	1110565	0.000343257472053465
31115	192	288	12	1157882	0.000343257472053465
31115	195	289	13	1191647	0.000343257472053465
31115	196	290	14	1209495	0.000343257472053465
31115	198	290	15	1221469	0.000343257472053465
31115	198	290	16	1229780	0.000343257472053465
31115	198	290	17	1234466	0.000343257472053465
31117	0	12	0	78	0.000255375287943391
31117	0	21	1	51962	0.000255375287943391
31117	0	36	2	162077	0.000255375287943391
31117	21	59	3	376114	0.000255375287943391
31117	40	87	4	629914	0.000255375287943391
31117	44	117	5	822638	0.000255375287943391
31117	46	144	6	923360	0.000255375287943391
31117	48	163	7	958015	0.000255375287943391
31117	52	176	8	1011047	0.000255375287943391
31117	58	183	9	1058664	0.000255375287943391
31117	63	188	10	1087880	0.000255375287943391
31117	65	190	11	1110565	0.000255375287943391
31117	68	191	12	1157882	0.000255375287943391
31117	69	192	13	1191647	0.000255375287943391
31117	71	192	14	1209495	0.000255375287943391
31117	72	192	15	1221469	0.000255375287943391
31117	73	193	16	1229780	0.000255375287943391
31117	73	193	17	1234466	0.000255375287943391
31149	0	31	0	78	0.000701506610808061
31149	0	56	1	51962	0.000701506610808061
31149	0	99	2	162077	0.000701506610808061
31149	140	162	3	376114	0.000701506610808061
31149	310	244	4	629914	0.000701506610808061
31149	350	332	5	822638	0.000701506610808061
31149	368	408	6	923360	0.000701506610808061
31149	375	464	7	958015	0.000701506610808061
31149	398	499	8	1011047	0.000701506610808061
31149	430	520	9	1058664	0.000701506610808061
31149	449	531	10	1087880	0.000701506610808061
31149	459	538	11	1110565	0.000701506610808061
31149	475	541	12	1157882	0.000701506610808061
31149	492	543	13	1191647	0.000701506610808061
31149	499	544	14	1209495	0.000701506610808061
31149	508	544	15	1221469	0.000701506610808061
31149	511	544	16	1229780	0.000701506610808061
31149	514	544	17	1234466	0.000701506610808061
31171	0	16	0	78	0.000373240805455726
31171	0	30	1	51962	0.000373240805455726
31171	0	52	2	162077	0.000373240805455726
31171	56	86	3	376114	0.000373240805455726
31171	101	129	4	629914	0.000373240805455726
31171	120	176	5	822638	0.000373240805455726
31171	135	217	6	923360	0.000373240805455726
31171	139	246	7	958015	0.000373240805455726
31171	144	265	8	1011047	0.000373240805455726
31171	157	277	9	1058664	0.000373240805455726
31171	166	283	10	1087880	0.000373240805455726
31171	170	286	11	1110565	0.000373240805455726
31171	174	288	12	1157882	0.000373240805455726
31171	177	289	13	1191647	0.000373240805455726
31171	178	289	14	1209495	0.000373240805455726
31171	178	290	15	1221469	0.000373240805455726
31171	178	290	16	1229780	0.000373240805455726
31171	178	290	17	1234466	0.000373240805455726
