180	7
NH	33001	0	0.392791875657082	0	0	0.0450853159237514
NH	33001	0	1.51388012933463	1	2737	0.0450853159237514
NH	33001	0.3	5.52584342852169	2	7738	0.0450853159237514
NH	33001	1.9	16.9574345804372	3	12124	0.0450853159237514
NH	33001	9.1	35.7937889114169	4	23480	0.0450853159237514
NH	33001	44.5	49.8913066514759	5	35144	0.0450853159237514
NH	33001	50.2	55.4463721391184	6	44397	0.0450853159237514
NH	33001	52	57.0625783313882	7	47668	0.0450853159237514
NH	33001	53.4	57.4888518328444	8	48526	0.0450853159237514
NH	33001	55.3	57.5983048449722	9	49578	0.0450853159237514
NH	33001	56.5	57.6262139069556	10	50549	0.0450853159237514
NH	33001	57.8	57.6333176988344	11	51443	0.0450853159237514
NH	33001	59.6	57.6351250329748	12	53169	0.0450853159237514
NH	33001	60.9	57.6355847987149	13	54597	0.0450853159237514
NH	33001	60	57.6357017545845	14	55269	0.0450853159237514
NH	33001	61.3	57.6357315057647	15	55691	0.0450853159237514
NH	33001	62.4	57.6357390738418	16	56452	0.0450853159237514
NH	33001	63.2	57.6357409990012	17	56906	0.0450853159237514
NH	33003	0	0.448563069421297	0	0	0.0359708791059277
NH	33003	0	1.6323252897092	1	2737	0.0359708791059277
NH	33003	0.3	5.66063359493718	2	7738	0.0359708791059277
NH	33003	3.2	16.9214799516587	3	12124	0.0359708791059277
NH	33003	12	36.5034709648619	4	23480	0.0359708791059277
NH	33003	51.4	53.0618371294292	5	35144	0.0359708791059277
NH	33003	58.2	60.4569780126574	6	44397	0.0359708791059277
NH	33003	60	62.8178019644281	7	47668	0.0359708791059277
NH	33003	61.5	63.4863213846153	8	48526	0.0359708791059277
NH	33003	63.1	63.669037255148	9	49578	0.0359708791059277
NH	33003	64.4	63.7184886186585	10	50549	0.0359708791059277
NH	33003	66.9	63.7318368314139	11	51443	0.0359708791059277
NH	33003	70	63.7354372692813	12	53169	0.0359708791059277
NH	33003	71.5	63.73640823337	13	54597	0.0359708791059277
NH	33003	71.6	63.7366700687111	14	55269	0.0359708791059277
NH	33003	72	63.7367406756245	15	55691	0.0359708791059277
NH	33003	73.2	63.7367597155188	16	56452	0.0359708791059277
NH	33003	74.3	63.7367648498207	17	56906	0.0359708791059277
NH	33005	0	0.362834260195916	0	0	0.0559567437492232
NH	33005	0.3	1.34251620036487	1	2737	0.0559567437492232
NH	33005	0.8	4.7607887807311	2	7738	0.0559567437492232
NH	33005	2.9	14.7428028447388	3	12124	0.0559567437492232
NH	33005	11.5	33.3214530977843	4	23480	0.0559567437492232
NH	33005	44	50.1156029829935	5	35144	0.0559567437492232
NH	33005	51.3	57.8718662963044	6	44397	0.0559567437492232
NH	33005	52.8	60.3558570141455	7	47668	0.0559567437492232
NH	33005	54.2	61.0527054957855	8	48526	0.0559567437492232
NH	33005	55.7	61.2407281791982	9	49578	0.0559567437492232
NH	33005	56.8	61.2909222538428	10	50549	0.0559567437492232
NH	33005	58.3	61.3042837131099	11	51443	0.0559567437492232
NH	33005	60	61.3078377726467	12	53169	0.0559567437492232
NH	33005	61.1	61.3087829374367	13	54597	0.0559567437492232
NH	33005	60.2	61.3090342805404	14	55269	0.0559567437492232
NH	33005	61	61.3091011180395	15	55691	0.0559567437492232
NH	33005	62.4	61.3091188914902	16	56452	0.0559567437492232
NH	33005	63.1	61.3091236178075	17	56906	0.0559567437492232
NH	33007	0	1.14270323249044	0	0	0.0232130210022571
NH	33007	0	2.73431296014652	1	2737	0.0232130210022571
NH	33007	0.9	6.30087397360984	2	7738	0.0232130210022571
NH	33007	5.3	13.408597523909	3	12124	0.0232130210022571
NH	33007	12	24.7588701283323	4	23480	0.0232130210022571
NH	33007	44.4	37.7426463077354	5	35144	0.0232130210022571
NH	33007	50.6	47.9646853150723	6	44397	0.0232130210022571
NH	33007	52	53.8968669902437	7	47668	0.0232130210022571
NH	33007	53.6	56.7491868257482	8	48526	0.0232130210022571
NH	33007	55.5	57.9965197049563	9	49578	0.0232130210022571
NH	33007	57.3	58.5192373018975	10	50549	0.0232130210022571
NH	33007	61.1	58.7343684161213	11	51443	0.0232130210022571
NH	33007	64.4	58.822248796678	12	53169	0.0232130210022571
NH	33007	65.9	58.8580379267585	13	54597	0.0232130210022571
NH	33007	66.8	58.8725948111221	14	55269	0.0232130210022571
NH	33007	66.1	58.8785126783643	15	55691	0.0232130210022571
NH	33007	67.2	58.8809179955188	16	56452	0.0232130210022571
NH	33007	67.9	58.8818955546489	17	56906	0.0232130210022571
NH	33009	0	0.229147387422486	0	0	0.066106694731454
NH	33009	0.4	1.05235090707264	1	2737	0.066106694731454
NH	33009	0.9	4.63044163663965	2	7738	0.066106694731454
NH	33009	2.9	17.2361936752345	3	12124	0.066106694731454
NH	33009	10.4	41.5906824552752	4	23480	0.066106694731454
NH	33009	55.5	59.7507607845383	5	35144	0.066106694731454
NH	33009	62.9	65.9442475437375	6	44397	0.066106694731454
NH	33009	64.4	67.4480748201848	7	47668	0.066106694731454
NH	33009	65.5	67.7805527121374	8	48526	0.066106694731454
NH	33009	66.8	67.8524968932478	9	49578	0.066106694731454
NH	33009	67.9	67.8679919150919	10	50549	0.066106694731454
NH	33009	69.8	67.87132579013	11	51443	0.066106694731454
NH	33009	72.4	67.8720429432055	12	53169	0.066106694731454
NH	33009	73.9	67.8721972034682	13	54597	0.066106694731454
NH	33009	73.5	67.8722303846532	14	55269	0.066106694731454
NH	33009	74.7	67.8722375218682	15	55691	0.066106694731454
NH	33009	75.5	67.8722390570699	16	56452	0.066106694731454
NH	33009	76.4	67.8722393872889	17	56906	0.066106694731454
NH	33011	0	0.291239957986713	0	0	0.306701203417491
NH	33011	0.1	0.969557659838692	1	2737	0.306701203417491
NH	33011	0.3	3.14606983668937	2	7738	0.306701203417491
NH	33011	1.7	9.44209157340812	3	12124	0.306701203417491
NH	33011	8.4	23.2816447851753	4	23480	0.306701203417491
NH	33011	41.6	41.2338862807369	5	35144	0.306701203417491
NH	33011	49.8	53.4839756335509	6	44397	0.306701203417491
NH	33011	52	58.6605396981447	7	47668	0.306701203417491
NH	33011	53.7	60.3969134284325	8	48526	0.306701203417491
NH	33011	55.5	60.93265805933	9	49578	0.306701203417491
NH	33011	56.9	61.0936297712006	10	50549	0.306701203417491
NH	33011	58.7	61.1416082913544	11	51443	0.306701203417491
NH	33011	61	61.1558742069315	12	53169	0.306701203417491
NH	33011	62.3	61.1601129942031	13	54597	0.306701203417491
NH	33011	60.9	61.1613721840537	14	55269	0.306701203417491
NH	33011	62.8	61.1617462200185	15	55691	0.306701203417491
NH	33011	63.6	61.1618573234209	16	56452	0.306701203417491
NH	33011	64.4	61.1618903253201	17	56906	0.306701203417491
NH	33013	0	0.274218106954333	0	0	0.111340571636179
NH	33013	0.1	1.1867395779794	1	2737	0.111340571636179
NH	33013	0.3	4.90011539577252	2	7738	0.111340571636179
NH	33013	1.8	17.0481840393897	3	12124	0.111340571636179
NH	33013	9.6	39.1523809899388	4	23480	0.111340571636179
NH	33013	50.5	55.5561900321045	5	35144	0.111340571636179
NH	33013	56.6	61.4160023272294	6	44397	0.111340571636179
NH	33013	58.8	62.9274995690306	7	47668	0.111340571636179
NH	33013	60.3	63.2821682171432	8	48526	0.111340571636179
NH	33013	61.9	63.3634956542455	9	49578	0.111340571636179
NH	33013	63	63.3820453853906	10	50549	0.111340571636179
NH	33013	64.3	63.386271189188	11	51443	0.111340571636179
NH	33013	66.2	63.3872336000393	12	53169	0.111340571636179
NH	33013	67.4	63.3874527716203	13	54597	0.111340571636179
NH	33013	66.8	63.3875026832462	14	55269	0.111340571636179
NH	33013	68.4	63.387514049511	15	55691	0.111340571636179
NH	33013	68.8	63.3875166379236	16	56452	0.111340571636179
NH	33013	69.8	63.3875172273766	17	56906	0.111340571636179
NH	33015	0	0.287220062149162	0	0	0.227819735223147
NH	33015	0.1	1.01441561175977	1	2737	0.227819735223147
NH	33015	0.4	3.47877019192109	2	7738	0.227819735223147
NH	33015	2.1	10.8615593774677	3	12124	0.227819735223147
NH	33015	9.9	26.7390365759104	4	23480	0.227819735223147
NH	33015	46.2	45.2442231325222	5	35144	0.227819735223147
NH	33015	53.7	56.1090137939498	6	44397	0.227819735223147
NH	33015	55.4	60.1504738969371	7	47668	0.227819735223147
NH	33015	56.9	61.3876388397593	8	48526	0.227819735223147
NH	33015	58.6	61.7429566602044	9	49578	0.227819735223147
NH	33015	59.9	61.8431106838382	10	50549	0.227819735223147
NH	33015	62.2	61.8711915483542	11	51443	0.227819735223147
NH	33015	64.7	61.8790530194457	12	53169	0.227819735223147
NH	33015	66.1	61.881252982846	13	54597	0.227819735223147
NH	33015	64.7	61.8818685511237	14	55269	0.227819735223147
NH	33015	66.5	61.8820407866654	15	55691	0.227819735223147
NH	33015	67.4	61.8820889775987	16	56452	0.227819735223147
NH	33015	68.4	61.8821024612274	17	56906	0.227819735223147
NH	33017	0	0.219569721784848	0	0	0.096074092215184
NH	33017	0	0.812612440567823	1	2737	0.096074092215184
NH	33017	0.2	2.9311676102067	2	7738	0.096074092215184
NH	33017	1.9	9.69483959299663	3	12124	0.096074092215184
NH	33017	8.2	25.3450928234911	4	23480	0.096074092215184
NH	33017	43.2	44.6202821029582	5	35144	0.096074092215184
NH	33017	50	56.0212973302823	6	44397	0.096074092215184
NH	33017	51.6	60.1328778666671	7	47668	0.096074092215184
NH	33017	52.9	61.3375466012699	8	48526	0.096074092215184
NH	33017	54.8	61.6681460620261	9	49578	0.096074092215184
NH	33017	56.1	61.7572196761772	10	50549	0.096074092215184
NH	33017	58	61.7810994062073	11	51443	0.096074092215184
NH	33017	60.8	61.7874927468973	12	53169	0.096074092215184
NH	33017	62.7	61.7892038272838	13	54597	0.096074092215184
NH	33017	62.4	61.7896617279304	14	55269	0.096074092215184
NH	33017	62.5	61.7897842631505	15	55691	0.096074092215184
NH	33017	63.5	61.7898170536192	16	56452	0.096074092215184
NH	33017	64.2	61.7898258283442	17	56906	0.096074092215184
NH	33019	0	0.415305699779327	0	0	0.0317317429953865
NH	33019	0.5	1.49572336351791	1	2737	0.0317317429953865
NH	33019	1.2	5.14363484559712	2	7738	0.0317317429953865
NH	33019	3.4	15.3486444066127	3	12124	0.0317317429953865
NH	33019	10.6	33.4299141144394	4	23480	0.0317317429953865
NH	33019	44.7	49.2449927140639	5	35144	0.0317317429953865
NH	33019	50.7	56.5364629194765	6	44397	0.0317317429953865
NH	33019	52.8	58.9145398240127	7	47668	0.0317317429953865
NH	33019	54.2	59.5979460498524	8	48526	0.0317317429953865
NH	33019	55.8	59.7870121510846	9	49578	0.0317317429953865
NH	33019	57.1	59.83876274741	10	50549	0.0317317429953865
NH	33019	58.6	59.852886301064	11	51443	0.0317317429953865
NH	33019	60.7	59.8567377558152	12	53169	0.0317317429953865
NH	33019	62.3	59.8577878076578	13	54597	0.0317317429953865
NH	33019	61.6	59.8580740743464	14	55269	0.0317317429953865
NH	33019	61.8	59.8581521155277	15	55691	0.0317317429953865
NH	33019	62.4	59.8581733907905	16	56452	0.0317317429953865
NH	33019	63	59.8581791907573	17	56906	0.0317317429953865
