306	7
NV	32001	0	2.68792575750396	0	18	0.00808692806468244
NV	32001	1.2	4.25698805375013	1	2670	0.00808692806468244
NV	32001	7.7	6.6107169633336	2	7499	0.00808692806468244
NV	32001	17.7	9.97452488434364	3	14415	0.00808692806468244
NV	32001	22.8	14.4634068987106	4	36584	0.00808692806468244
NV	32001	29.3	19.9355796785858	5	55691	0.00808692806468244
NV	32001	33	25.9161865436643	6	65803	0.00808692806468244
NV	32001	34.9	31.7203448205513	7	70322	0.00808692806468244
NV	32001	37.5	36.738907435759	8	75590	0.00808692806468244
NV	32001	40.8	40.6628658057633	9	80083	0.00808692806468244
NV	32001	43.5	43.4964556303144	10	83529	0.00808692806468244
NV	32001	45	45.4272703601489	11	86076	0.00808692806468244
NV	32001	46.4	46.6914507904631	12	88583	0.00808692806468244
NV	32001	51.7	47.4976634776108	13	91568	0.00808692806468244
NV	32001	53.1	48.003217497555	14	93213	0.00808692806468244
NV	32001	53.6	48.3168920400489	15	93899	0.00808692806468244
NV	32001	54	48.510234509049	16	94711	0.00808692806468244
NV	32001	54.2	48.6289228009062	17	94598	0.00808692806468244
NV	32003	0	0.932334419030714	0	18	0.735909155250578
NV	32003	0.9	1.67906846150732	1	2670	0.735909155250578
NV	32003	7.1	2.99267346970434	2	7499	0.735909155250578
NV	32003	15.4	5.23884727271626	3	14415	0.735909155250578
NV	32003	27.1	8.89953335428958	4	36584	0.735909155250578
NV	32003	33.9	14.4226258459507	5	55691	0.735909155250578
NV	32003	38.8	21.8562852810411	6	65803	0.735909155250578
NV	32003	41.2	30.4603713396158	7	70322	0.735909155250578
NV	32003	44.8	38.8398541402336	8	75590	0.735909155250578
NV	32003	47.7	45.7349714878878	9	80083	0.735909155250578
NV	32003	49.9	50.6641690420094	10	83529	0.735909155250578
NV	32003	51.4	53.8445628228446	11	86076	0.735909155250578
NV	32003	53.4	55.7629531030474	12	88583	0.735909155250578
NV	32003	55.4	56.8734462533163	13	91568	0.735909155250578
NV	32003	56.6	57.5010085004848	14	93213	0.735909155250578
NV	32003	57.2	57.8508474970173	15	93899	0.735909155250578
NV	32003	57.7	58.044384582448	16	94711	0.735909155250578
NV	32003	58.1	58.1510007070887	17	94598	0.735909155250578
NV	32005	0	1.3388843312504	0	18	0.0158774425710906
NV	32005	1.5	2.98593241640633	1	2670	0.0158774425710906
NV	32005	7.7	6.39741524347439	2	7499	0.0158774425710906
NV	32005	18.7	12.6748289737021	3	14415	0.0158774425710906
NV	32005	30.7	22.0568022268236	4	36584	0.0158774425710906
NV	32005	39.2	32.4779700122219	5	55691	0.0158774425710906
NV	32005	42.1	40.8429854822318	6	65803	0.0158774425710906
NV	32005	43.3	45.9761595620923	7	70322	0.0158774425710906
NV	32005	44.8	48.6253080876565	8	75590	0.0158774425710906
NV	32005	46.5	49.8709602206426	9	80083	0.0158774425710906
NV	32005	47.5	50.4309850604751	10	83529	0.0158774425710906
NV	32005	48.3	50.6776751330149	11	86076	0.0158774425710906
NV	32005	49.3	50.7853633570532	12	88583	0.0158774425710906
NV	32005	50.2	50.8321870600663	13	91568	0.0158774425710906
NV	32005	50.7	50.852511333402	14	93213	0.0158774425710906
NV	32005	50.9	50.8613266790345	15	93899	0.0158774425710906
NV	32005	51.4	50.8651489607197	16	94711	0.0158774425710906
NV	32005	51.7	50.8668060461674	17	94598	0.0158774425710906
NV	32007	0	2.60938491042495	0	18	0.0171348464168698
NV	32007	1.1	4.22831858715065	1	2670	0.0171348464168698
NV	32007	5.9	6.68364466083598	2	7499	0.0171348464168698
NV	32007	13.4	10.1858752768567	3	14415	0.0171348464168698
NV	32007	20.1	14.7678635228667	4	36584	0.0171348464168698
NV	32007	24.8	20.1294352432363	5	55691	0.0171348464168698
NV	32007	27.5	25.641637079489	6	65803	0.0171348464168698
NV	32007	29.2	30.6038377707134	7	70322	0.0171348464168698
NV	32007	31.2	34.5644583950088	8	75590	0.0171348464168698
NV	32007	33.6	37.4328980490868	9	80083	0.0171348464168698
NV	32007	36.3	39.3673458248856	10	83529	0.0171348464168698
NV	32007	38	40.6099739581295	11	86076	0.0171348464168698
NV	32007	39.6	41.3834314638294	12	88583	0.0171348464168698
NV	32007	40.8	41.8554517827483	13	91568	0.0171348464168698
NV	32007	41.6	42.1400513056676	14	93213	0.0171348464168698
NV	32007	42.1	42.3103981759512	15	93899	0.0171348464168698
NV	32007	42.7	42.4119135640239	16	94711	0.0171348464168698
NV	32007	43	42.4722521279887	17	94598	0.0171348464168698
NV	32009	0	2.81216695909954	0	18	0.000283427203037768
NV	32009	0	5.08555642076236	1	2670	0.000283427203037768
NV	32009	5	8.76369798760322	2	7499	0.000283427203037768
NV	32009	13.3	14.0329163582679	3	14415	0.000283427203037768
NV	32009	23.4	20.4012086642468	4	36584	0.000283427203037768
NV	32009	30.1	26.6893320433636	5	55691	0.000283427203037768
NV	32009	31.6	31.7737595290159	6	65803	0.000283427203037768
NV	32009	32.3	35.2612261529581	7	70322	0.000283427203037768
NV	32009	33.9	37.3919536431455	8	75590	0.000283427203037768
NV	32009	35.3	38.6029973661493	9	80083	0.000283427203037768
NV	32009	37.6	39.263197530601	10	83529	0.000283427203037768
NV	32009	38.9	39.61493762377	11	86076	0.000283427203037768
NV	32009	39.7	39.8000468603079	12	88583	0.000283427203037768
NV	32009	40.5	39.8968335952547	13	91568	0.000283427203037768
NV	32009	40.8	39.9472680856527	14	93213	0.000283427203037768
NV	32009	41.2	39.9735023992959	15	93899	0.000283427203037768
NV	32009	41.4	39.9871360203659	16	94711	0.000283427203037768
NV	32009	41.5	39.994217834459	17	94598	0.000283427203037768
NV	32011	0	2.09626702561298	0	18	0.000658732869374149
NV	32011	1.1	3.61426591245082	1	2670	0.000658732869374149
NV	32011	10.4	6.01909362511044	2	7499	0.000658732869374149
NV	32011	15.1	9.51043438863775	3	14415	0.000658732869374149
NV	32011	17.1	13.9865267569968	4	36584	0.000658732869374149
NV	32011	18.4	18.8923620781716	5	55691	0.000658732869374149
NV	32011	19.6	23.4257723314065	6	65803	0.000658732869374149
NV	32011	20.6	27.0004585038828	7	70322	0.000658732869374149
NV	32011	22.1	29.4826703123418	8	75590	0.000658732869374149
NV	32011	22.9	31.0579913849069	9	80083	0.000658732869374149
NV	32011	23.6	32.0013987152496	10	83529	0.000658732869374149
NV	32011	25.1	32.5468588058145	11	86076	0.000658732869374149
NV	32011	26	32.8558418430053	12	88583	0.000658732869374149
NV	32011	26.4	33.0288421711059	13	91568	0.000658732869374149
NV	32011	27.1	33.1250741031261	14	93213	0.000658732869374149
NV	32011	27.4	33.1784087504577	15	93899	0.000658732869374149
NV	32011	27.6	33.2079087572134	16	94711	0.000658732869374149
NV	32011	27.7	33.2242073162291	17	94598	0.000658732869374149
NV	32013	0	2.5310546140524	0	18	0.00546433362466057
NV	32013	2.1	4.41452401720102	1	2670	0.00546433362466057
NV	32013	4.9	7.43771966472062	2	7499	0.00546433362466057
NV	32013	13.2	11.8826518214538	3	14415	0.00546433362466057
NV	32013	23.3	17.6413938150486	4	36584	0.00546433362466057
NV	32013	28.2	23.9926944035246	5	55691	0.00546433362466057
NV	32013	30.4	29.8658927597477	6	65803	0.00546433362466057
NV	32013	31.9	34.4756432515266	7	70322	0.00546433362466057
NV	32013	33.2	37.6498448337009	8	75590	0.00546433362466057
NV	32013	35.2	39.6435651023542	9	80083	0.00546433362466057
NV	32013	37.3	40.8244029666129	10	83529	0.00546433362466057
NV	32013	38.4	41.4996005496379	11	86076	0.00546433362466057
NV	32013	39.2	41.8779260346099	12	88583	0.00546433362466057
NV	32013	40.3	42.0875033340752	13	91568	0.00546433362466057
NV	32013	41.2	42.2028673666508	14	93213	0.00546433362466057
NV	32013	42.1	42.2661492421571	15	93899	0.00546433362466057
NV	32013	42.3	42.3007954185362	16	94711	0.00546433362466057
NV	32013	42.5	42.3197439281347	17	94598	0.00546433362466057
NV	32015	0	3.97721188400527	0	18	0.00179601292921527
NV	32015	1.2	5.96338300090857	1	2670	0.00179601292921527
NV	32015	9	8.6981421102065	2	7499	0.00179601292921527
NV	32015	14.6	12.2289054303449	3	14415	0.00179601292921527
NV	32015	22.3	16.4270362532395	4	36584	0.00179601292921527
NV	32015	25.8	20.9564333464251	5	55691	0.00179601292921527
NV	32015	27.4	25.3585340133899	6	65803	0.00179601292921527
NV	32015	28.3	29.2233338279126	7	70322	0.00179601292921527
NV	32015	29.9	32.3250077860504	8	75590	0.00179601292921527
NV	32015	32.4	34.6397108571296	9	80083	0.00179601292921527
NV	32015	34.8	36.2750952794829	10	83529	0.00179601292921527
NV	32015	36.7	37.3863491878899	11	86076	0.00179601292921527
NV	32015	38.1	38.1215913548082	12	88583	0.00179601292921527
NV	32015	39	38.5995097893378	13	91568	0.00179601292921527
NV	32015	39.7	38.9065962324303	14	93213	0.00179601292921527
NV	32015	40.3	39.1024525105396	15	93899	0.00179601292921527
NV	32015	40.5	39.2267755200388	16	94711	0.00179601292921527
NV	32015	40.6	39.3054538218327	17	94598	0.00179601292921527
NV	32017	0	1.50191634773947	0	18	0.00168270697977635
NV	32017	1.8	2.58910546819577	1	2670	0.00168270697977635
NV	32017	12.7	4.37173687303338	2	7499	0.00168270697977635
NV	32017	17.1	7.14157092672198	3	14415	0.00168270697977635
NV	32017	22.4	11.1049346250465	4	36584	0.00168270697977635
NV	32017	25.9	16.1554791121359	5	55691	0.00168270697977635
NV	32017	28.3	21.7200417546869	6	65803	0.00168270697977635
NV	32017	29.1	26.9488037024677	7	70322	0.00168270697977635
NV	32017	30.9	31.1766123468357	8	75590	0.00168270697977635
NV	32017	32.7	34.1989027258326	9	80083	0.00168270697977635
NV	32017	34.7	36.1743054693915	10	83529	0.00168270697977635
NV	32017	36.2	37.3909339507091	11	86076	0.00168270697977635
NV	32017	36.8	38.113003681304	12	88583	0.00168270697977635
NV	32017	37.5	38.5321681470096	13	91568	0.00168270697977635
NV	32017	38.2	38.7723730399348	14	93213	0.00168270697977635
NV	32017	38.5	38.9090063937399	15	93899	0.00168270697977635
NV	32017	38.6	38.9863983183553	16	94711	0.00168270697977635
NV	32017	38.7	39.0301297491607	17	94598	0.00168270697977635
NV	32019	0	2.10464614706701	0	18	0.018671132241354
NV	32019	1	3.65351428228814	1	2670	0.018671132241354
NV	32019	4.8	6.17468916503376	2	7499	0.018671132241354
NV	32019	10.5	10.0053966171284	3	14415	0.018671132241354
NV	32019	18.8	15.2568825185859	4	36584	0.018671132241354
NV	32019	25.4	21.525131190493	5	55691	0.018671132241354
NV	32019	28.5	27.8803622082625	6	65803	0.018671132241354
NV	32019	30.3	33.3421023080457	7	70322	0.018671132241354
NV	32019	33.3	37.4079283312526	8	75590	0.018671132241354
NV	32019	35.4	40.1224664815816	9	80083	0.018671132241354
NV	32019	37.1	41.8056028251379	10	83529	0.018671132241354
NV	32019	38.3	42.8018021550921	11	86076	0.018671132241354
NV	32019	39.6	43.3752665075262	12	88583	0.018671132241354
NV	32019	40.6	43.7001139531045	13	91568	0.018671132241354
NV	32019	41.3	43.8824534347208	14	93213	0.018671132241354
NV	32019	41.7	43.9842769576302	15	93899	0.018671132241354
NV	32019	42	44.0409748162427	16	94711	0.018671132241354
NV	32019	42.2	44.0724950443917	17	94598	0.018671132241354
NV	32021	0	3.14643247146548	0	18	0.00146258825851678
NV	32021	2.3	4.98767739344258	1	2670	0.00146258825851678
NV	32021	18.3	7.73767740941858	2	7499	0.00146258825851678
NV	32021	26.8	11.6331560173359	3	14415	0.00146258825851678
NV	32021	31.2	16.756651736206	4	36584	0.00146258825851678
NV	32021	37.9	22.875474357085	5	55691	0.00146258825851678
NV	32021	40.5	29.3943637858523	6	65803	0.00146258825851678
NV	32021	43.2	35.5465571993924	7	70322	0.00146258825851678
NV	32021	47.2	40.7230435669972	8	75590	0.00146258825851678
NV	32021	48.9	44.6741902193401	9	80083	0.00146258825851678
NV	32021	50.7	47.4715290297895	10	83529	0.00146258825851678
NV	32021	52.7	49.3482022094883	11	86076	0.00146258825851678
NV	32021	54.3	50.5621782986118	12	88583	0.00146258825851678
NV	32021	55.6	51.3290647737178	13	91568	0.00146258825851678
NV	32021	57.1	51.8062826053942	14	93213	0.00146258825851678
NV	32021	59.2	52.1004698792466	15	93899	0.00146258825851678
NV	32021	59.8	52.2807768069323	16	94711	0.00146258825851678
NV	32021	60.3	52.3908940965666	17	94598	0.00146258825851678
NV	32023	0	2.24251202141984	0	18	0.0151041051167538
NV	32023	0.6	3.9839094705061	1	2670	0.0151041051167538
NV	32023	5.7	6.86663077281529	2	7499	0.0151041051167538
NV	32023	13.9	11.2787961373676	3	14415	0.0151041051167538
NV	32023	24.6	17.2823141652896	4	36584	0.0151041051167538
NV	32023	30.7	24.2649255723998	5	55691	0.0151041051167538
NV	32023	33.3	31.0463787413034	6	65803	0.0151041051167538
NV	32023	34.5	36.5721084893514	7	70322	0.0151041051167538
NV	32023	37.2	40.4658110877826	8	75590	0.0151041051167538
NV	32023	39.7	42.9372074964269	9	80083	0.0151041051167538
NV	32023	41.6	44.4033135237281	10	83529	0.0151041051167538
NV	32023	42.8	45.2384062823644	11	86076	0.0151041051167538
NV	32023	44.2	45.7030935503604	12	88583	0.0151041051167538
NV	32023	45.3	45.9583127785971	13	91568	0.0151041051167538
NV	32023	46	46.0974812405447	14	93213	0.0151041051167538
NV	32023	46.2	46.1730707186711	15	93899	0.0151041051167538
NV	32023	46.6	46.2140395825466	16	94711	0.0151041051167538
NV	32023	46.9	46.2362186513987	17	94598	0.0151041051167538
NV	32027	0	2.92766641337672	0	18	0.00218333097414547
NV	32027	0.9	5.13829379414715	1	2670	0.00218333097414547
NV	32027	3.5	8.61170966811752	2	7499	0.00218333097414547
NV	32027	9.6	13.4786794163665	3	14415	0.00218333097414547
NV	32027	17.6	19.3072707153662	4	36584	0.00218333097414547
NV	32027	26.8	25.1065973098244	5	55691	0.00218333097414547
NV	32027	28.3	29.9047005660685	6	65803	0.00218333097414547
NV	32027	28.9	33.3045418852491	7	70322	0.00218333097414547
NV	32027	30.1	35.4578439898911	8	75590	0.00218333097414547
NV	32027	31.6	36.7262295695225	9	80083	0.00218333097414547
NV	32027	32.6	37.4416601815204	10	83529	0.00218333097414547
NV	32027	33.7	37.8353575091525	11	86076	0.00218333097414547
NV	32027	34.5	38.0490675059422	12	88583	0.00218333097414547
NV	32027	35.1	38.1642156088019	13	91568	0.00218333097414547
NV	32027	35.8	38.2260094486201	14	93213	0.00218333097414547
NV	32027	36.1	38.2590994691116	15	93899	0.00218333097414547
NV	32027	36.3	38.276798403882	16	94711	0.00218333097414547
NV	32027	36.4	38.2862592236954	17	94598	0.00218333097414547
NV	32029	0	0.735326896990439	0	18	0.0013385685660077
NV	32029	0	1.39556731600714	1	2670	0.0013385685660077
NV	32029	2	2.60483201225057	2	7499	0.0013385685660077
NV	32029	6.8	4.71900940955205	3	14415	0.0013385685660077
NV	32029	10.1	8.13124149596355	4	36584	0.0013385685660077
NV	32029	14.1	12.9862764475661	5	55691	0.0013385685660077
NV	32029	15.6	18.7856623989396	6	65803	0.0013385685660077
NV	32029	16.1	24.425402579465	7	70322	0.0013385685660077
NV	32029	17.6	28.9133895672503	8	75590	0.0013385685660077
NV	32029	18.2	31.9485450324024	9	80083	0.0013385685660077
NV	32029	18.7	33.7820760735734	10	83529	0.0013385685660077
NV	32029	19.1	34.8151354137551	11	86076	0.0013385685660077
NV	32029	19.5	35.3744401620211	12	88583	0.0013385685660077
NV	32029	21.4	35.6707270117233	13	91568	0.0013385685660077
NV	32029	21.9	35.8258726521824	14	93213	0.0013385685660077
NV	32029	22.2	35.9066188581644	15	93899	0.0013385685660077
NV	32029	22.4	35.9485103902954	16	94711	0.0013385685660077
NV	32029	22.6	35.9702081393146	17	94598	0.0013385685660077
NV	32031	0	1.02117890322658	0	18	0.153082830869605
NV	32031	2.5	1.95860357828737	1	2670	0.153082830869605
NV	32031	10.3	3.70320209087416	2	7499	0.153082830869605
NV	32031	18.4	6.82143085738914	3	14415	0.153082830869605
NV	32031	29.3	12.0123039531752	4	36584	0.153082830869605
NV	32031	44.4	19.7092536094579	5	55691	0.153082830869605
NV	32031	49	29.3656633959767	6	65803	0.153082830869605
NV	32031	51.1	39.2293771508064	7	70322	0.153082830869605
NV	32031	53.8	47.4001673012652	8	75590	0.153082830869605
NV	32031	56	53.0731439661975	9	80083	0.153082830869605
NV	32031	57.9	56.5462536386541	10	83529	0.153082830869605
NV	32031	59.1	58.511272687832	11	86076	0.153082830869605
NV	32031	61.2	59.5737045165439	12	88583	0.153082830869605
NV	32031	62.5	60.134062561546	13	91568	0.153082830869605
NV	32031	63.5	60.4257492342634	14	93213	0.153082830869605
NV	32031	64	60.5765432359272	15	93899	0.153082830869605
NV	32031	64.4	60.6542227682715	16	94711	0.153082830869605
NV	32031	64.8	60.6941650246111	17	94598	0.153082830869605
NV	32033	0	1.49181774255842	0	18	0.00311023207915443
NV	32033	3.6	2.69372588111152	1	2670	0.00311023207915443
NV	32033	15.8	4.76278265102801	2	7499	0.00311023207915443
NV	32033	24.5	8.12992772566003	3	14415	0.00311023207915443
NV	32033	33.3	13.1382957707977	4	36584	0.00311023207915443
NV	32033	37.3	19.6732330513245	5	55691	0.00311023207915443
NV	32033	39.2	26.8833409781092	6	65803	0.00311023207915443
NV	32033	40.9	33.5043344585595	7	70322	0.00311023207915443
NV	32033	43	38.6350445128524	8	75590	0.00311023207915443
NV	32033	45.2	42.1123434047864	9	80083	0.00311023207915443
NV	32033	47.5	44.2603290747037	10	83529	0.00311023207915443
NV	32033	48.8	45.5120410849358	11	86076	0.00311023207915443
NV	32033	49.9	46.2168085863265	12	88583	0.00311023207915443
NV	32033	51.4	46.6059586791067	13	91568	0.00311023207915443
NV	32033	52.7	46.8185233247886	14	93213	0.00311023207915443
NV	32033	53.3	46.9339464413746	15	93899	0.00311023207915443
NV	32033	53.6	46.9964199643108	16	94711	0.00311023207915443
NV	32033	53.7	47.0301752397671	17	94598	0.00311023207915443
NV	32510	0	1.78389631061286	0	18	0.0181536259851774
NV	32510	2.2	3.14024693854878	1	2670	0.0181536259851774
NV	32510	8.6	5.42698666724078	2	7499	0.0181536259851774
NV	32510	18.5	9.09897120461986	3	14415	0.0181536259851774
NV	32510	32.3	14.557678955003	4	36584	0.0181536259851774
NV	32510	44.2	21.8082943832846	5	55691	0.0181536259851774
NV	32510	48.8	30.1227274785484	6	65803	0.0181536259851774
NV	32510	50.9	38.1921078377609	7	70322	0.0181536259851774
NV	32510	53.8	44.8504897318728	8	75590	0.0181536259851774
NV	32510	56.3	49.6472239995661	9	80083	0.0181536259851774
NV	32510	58.2	52.7752043087116	10	83529	0.0181536259851774
NV	32510	59.4	54.6845715677812	11	86076	0.0181536259851774
NV	32510	61	55.8034324176848	12	88583	0.0181536259851774
NV	32510	62.5	56.443432898789	13	91568	0.0181536259851774
NV	32510	63.4	56.8044747547624	14	93213	0.0181536259851774
NV	32510	63.9	57.0065553206441	15	93899	0.0181536259851774
NV	32510	64.4	57.1191659732402	16	94711	0.0181536259851774
NV	32510	64.7	57.1817650387139	17	94598	0.0181536259851774
