1116	6
36001	0	1038	0	1024	0.015704374124614
36001	9097	2349	1	361322	0.015704374124614
36001	28953	5271	2	1546966	0.015704374124614
36001	67531	11626	3	3530655	0.015704374124614
36001	127105	24721	4	6909007	0.015704374124614
36001	164228	48936	5	9187992	0.015704374124614
36001	182095	85904	6	10549088	0.015704374124614
36001	187650	128574	7	11129222	0.015704374124614
36001	193817	164465	8	11725308	0.015704374124614
36001	200092	187454	9	12417788	0.015704374124614
36001	204978	199718	10	12987792	0.015704374124614
36001	208796	205628	11	13341839	0.015704374124614
36001	218540	208337	12	13992754	0.015704374124614
36001	223065	209550	13	14430732	0.015704374124614
36001	225517	210087	14	14697207	0.015704374124614
36001	226839	210324	15	14823669	0.015704374124614
36001	228655	210428	16	14961860	0.015704374124614
36001	230012	210474	17	15063972	0.015704374124614
36003	0	948	0	1024	0.00236928344378698
36003	354	1751	1	361322	0.00236928344378698
36003	1846	3128	2	1546966	0.00236928344378698
36003	5613	5288	3	3530655	0.00236928344378698
36003	11891	8242	4	6909007	0.00236928344378698
36003	13272	11612	5	9187992	0.00236928344378698
36003	15137	14742	6	10549088	0.00236928344378698
36003	15781	17141	7	11129222	0.00236928344378698
36003	16400	18723	8	11725308	0.00236928344378698
36003	17127	19666	9	12417788	0.00236928344378698
36003	17875	20193	10	12987792	0.00236928344378698
36003	18399	20479	11	13341839	0.00236928344378698
36003	19311	20630	12	13992754	0.00236928344378698
36003	19808	20710	13	14430732	0.00236928344378698
36003	20157	20752	14	14697207	0.00236928344378698
36003	20344	20773	15	14823669	0.00236928344378698
36003	20477	20784	16	14961860	0.00236928344378698
36003	20580	20790	17	15063972	0.00236928344378698
36005	0	9343	0	1024	0.0729021797088975
36005	17225	15845	1	361322	0.0729021797088975
36005	79060	26753	2	1546966	0.0729021797088975
36005	197468	44838	3	3530655	0.0729021797088975
36005	360768	74244	4	6909007	0.0729021797088975
36005	496161	120570	5	9187992	0.0729021797088975
36005	595853	190049	6	10549088	0.0729021797088975
36005	651376	286918	7	11129222	0.0729021797088975
36005	711811	409081	8	11725308	0.0729021797088975
36005	799207	545049	9	12417788	0.0729021797088975
36005	867704	676856	10	12987792	0.0729021797088975
36005	904758	788584	11	13341839	0.0729021797088975
36005	957874	873016	12	13992754	0.0729021797088975
36005	1006649	931445	13	14430732	0.0729021797088975
36005	1038252	969460	14	14697207	0.0729021797088975
36005	1054378	993209	15	14823669	0.0729021797088975
36005	1063659	1007672	16	14961860	0.0729021797088975
36005	1071315	1016343	17	15063972	0.0729021797088975
36007	0	1914	0	1024	0.00979193475168891
36007	2297	3896	1	361322	0.00979193475168891
36007	15108	7788	2	1546966	0.00979193475168891
36007	36600	15042	3	3530655	0.00979193475168891
36007	68981	27320	4	6909007	0.00979193475168891
36007	86273	45078	5	9187992	0.00979193475168891
36007	96838	65682	6	10549088	0.00979193475168891
36007	100087	84269	7	11129222	0.00979193475168891
36007	103446	97597	8	11725308	0.00979193475168891
36007	107190	105662	9	12417788	0.00979193475168891
36007	110278	110050	10	12987792	0.00979193475168891
36007	112365	112301	11	13341839	0.00979193475168891
36007	116185	113421	12	13992754	0.00979193475168891
36007	118766	113969	13	14430732	0.00979193475168891
36007	120182	114236	14	14697207	0.00979193475168891
36007	120816	114365	15	14823669	0.00979193475168891
36007	121450	114427	16	14961860	0.00979193475168891
36007	121967	114457	17	15063972	0.00979193475168891
36009	0	1568	0	1024	0.00391275407109269
36009	1043	2950	1	361322	0.00391275407109269
36009	4557	5375	2	1546966	0.00391275407109269
36009	12256	9288	3	3530655	0.00391275407109269
36009	23580	14809	4	6909007	0.00391275407109269
36009	28268	21293	5	9187992	0.00391275407109269
36009	32469	27450	6	10549088	0.00391275407109269
36009	33777	32224	7	11129222	0.00391275407109269
36009	35102	35374	8	11725308	0.00391275407109269
36009	36504	37240	9	12417788	0.00391275407109269
36009	37946	38274	10	12987792	0.00391275407109269
36009	38955	38826	11	13341839	0.00391275407109269
36009	40690	39115	12	13992754	0.00391275407109269
36009	41830	39265	13	14430732	0.00391275407109269
36009	42416	39342	14	14697207	0.00391275407109269
36009	42675	39381	15	14823669	0.00391275407109269
36009	42942	39402	16	14961860	0.00391275407109269
36009	43136	39412	17	15063972	0.00391275407109269
36011	0	1256	0	1024	0.00393634872299216
36011	1211	2527	1	361322	0.00393634872299216
36011	6327	4932	2	1546966	0.00393634872299216
36011	14644	9109	3	3530655	0.00393634872299216
36011	26370	15390	4	6909007	0.00393634872299216
36011	31988	23053	5	9187992	0.00393634872299216
36011	35935	30332	6	10549088	0.00393634872299216
36011	37192	35777	7	11129222	0.00393634872299216
36011	38526	39165	8	11725308	0.00393634872299216
36011	40025	41038	9	12417788	0.00393634872299216
36011	41168	42007	10	12987792	0.00393634872299216
36011	41830	42490	11	13341839	0.00393634872299216
36011	43381	42727	12	13992754	0.00393634872299216
36011	44337	42842	13	14430732	0.00393634872299216
36011	44932	42898	14	14697207	0.00393634872299216
36011	45176	42925	15	14823669	0.00393634872299216
36011	45412	42938	16	14961860	0.00393634872299216
36011	45567	42944	17	15063972	0.00393634872299216
36013	0	2357	0	1024	0.00652338150326308
36013	1941	4573	1	361322	0.00652338150326308
36013	8862	8601	2	1546966	0.00652338150326308
36013	21126	15333	3	3530655	0.00652338150326308
36013	43346	25136	4	6909007	0.00652338150326308
36013	50989	36886	5	9187992	0.00652338150326308
36013	57435	48088	6	10549088	0.00652338150326308
36013	59525	56663	7	11129222	0.00652338150326308
36013	61631	62189	8	11725308	0.00652338150326308
36013	64332	65365	9	12417788	0.00652338150326308
36013	67206	67072	10	12987792	0.00652338150326308
36013	68674	67956	11	13341839	0.00652338150326308
36013	71369	68406	12	13992754	0.00652338150326308
36013	73188	68632	13	14430732	0.00652338150326308
36013	74298	68745	14	14697207	0.00652338150326308
36013	74837	68802	15	14823669	0.00652338150326308
36013	75388	68830	16	14961860	0.00652338150326308
36013	75914	68844	17	15063972	0.00652338150326308
36015	0	485	0	1024	0.00429001147913228
36015	1725	956	1	361322	0.00429001147913228
36015	7556	1866	2	1546966	0.00429001147913228
36015	15586	3576	3	3530655	0.00429001147913228
36015	28927	6625	4	6909007	0.00429001147913228
36015	33449	11588	5	9187992	0.00429001147913228
36015	37822	18577	6	10549088	0.00429001147913228
36015	39446	26651	7	11129222	0.00429001147913228
36015	40952	34095	8	11725308	0.00429001147913228
36015	42852	39660	9	12417788	0.00429001147913228
36015	44432	43201	10	12987792	0.00429001147913228
36015	45619	45230	11	13341839	0.00429001147913228
36015	47593	46323	12	13992754	0.00429001147913228
36015	48860	46892	13	14430732	0.00429001147913228
36015	49555	47183	14	14697207	0.00429001147913228
36015	49880	47331	15	14823669	0.00429001147913228
36015	50532	47405	16	14961860	0.00429001147913228
36015	50947	47443	17	15063972	0.00429001147913228
36017	0	903	0	1024	0.00242665083271901
36017	764	1795	1	361322	0.00242665083271901
36017	2831	3448	2	1546966	0.00242665083271901
36017	7330	6230	3	3530655	0.00242665083271901
36017	15557	10231	4	6909007	0.00242665083271901
36017	19956	14857	5	9187992	0.00242665083271901
36017	22475	19027	6	10549088	0.00242665083271901
36017	23444	22024	7	11129222	0.00242665083271901
36017	24394	23845	8	11725308	0.00242665083271901
36017	25354	24841	9	12417788	0.00242665083271901
36017	26055	25354	10	12987792	0.00242665083271901
36017	26612	25611	11	13341839	0.00242665083271901
36017	27485	25737	12	13992754	0.00242665083271901
36017	28228	25799	13	14430732	0.00242665083271901
36017	28570	25829	14	14697207	0.00242665083271901
36017	28735	25843	15	14823669	0.00242665083271901
36017	28913	25850	16	14961860	0.00242665083271901
36017	29039	25854	17	15063972	0.00242665083271901
36019	0	1242	0	1024	0.00413728879766537
36019	1978	2594	1	361322	0.00413728879766537
36019	10020	5260	2	1546966	0.00413728879766537
36019	22219	10098	3	3530655	0.00413728879766537
36019	36505	17674	4	6909007	0.00413728879766537
36019	42883	27176	5	9187992	0.00413728879766537
36019	47340	36261	6	10549088	0.00413728879766537
36019	48899	42953	7	11129222	0.00413728879766537
36019	50048	46994	8	11725308	0.00413728879766537
36019	51551	49149	9	12417788	0.00413728879766537
36019	52952	50222	10	12987792	0.00413728879766537
36019	53623	50739	11	13341839	0.00413728879766537
36019	55474	50983	12	13992754	0.00413728879766537
36019	56992	51098	13	14430732	0.00413728879766537
36019	57869	51151	14	14697207	0.00413728879766537
36019	58211	51176	15	14823669	0.00413728879766537
36019	58490	51188	16	14961860	0.00413728879766537
36019	58714	51193	17	15063972	0.00413728879766537
36021	0	338	0	1024	0.00305656121262323
36021	925	775	1	361322	0.00305656121262323
36021	4233	1751	2	1546966	0.00305656121262323
36021	10780	3835	3	3530655	0.00305656121262323
36021	23888	7882	4	6909007	0.00305656121262323
36021	30943	14470	5	9187992	0.00305656121262323
36021	34680	22630	6	10549088	0.00305656121262323
36021	35892	29905	7	11129222	0.00305656121262323
36021	37358	34722	8	11725308	0.00305656121262323
36021	38896	37314	9	12417788	0.00305656121262323
36021	40188	38557	10	12987792	0.00305656121262323
36021	40993	39118	11	13341839	0.00305656121262323
36021	42438	39366	12	13992754	0.00305656121262323
36021	43210	39474	13	14430732	0.00305656121262323
36021	43706	39520	14	14697207	0.00305656121262323
36021	43938	39540	15	14823669	0.00305656121262323
36021	44511	39549	16	14961860	0.00305656121262323
36021	44833	39553	17	15063972	0.00305656121262323
36023	0	315	0	1024	0.00244587610463709
36023	679	709	1	361322	0.00244587610463709
36023	3195	1568	2	1546966	0.00244587610463709
36023	8035	3337	3	3530655	0.00244587610463709
36023	16823	6590	4	6909007	0.00244587610463709
36023	19764	11491	5	9187992	0.00244587610463709
36023	22487	17035	6	10549088	0.00244587610463709
36023	23234	21593	7	11129222	0.00244587610463709
36023	23950	24457	8	11725308	0.00244587610463709
36023	24830	25964	9	12417788	0.00244587610463709
36023	25545	26683	10	12987792	0.00244587610463709
36023	26042	27011	11	13341839	0.00244587610463709
36023	27062	27157	12	13992754	0.00244587610463709
36023	27625	27221	13	14430732	0.00244587610463709
36023	27980	27249	14	14697207	0.00244587610463709
36023	28111	27261	15	14823669	0.00244587610463709
36023	28281	27267	16	14961860	0.00244587610463709
36023	28381	27269	17	15063972	0.00244587610463709
36025	0	751	0	1024	0.00226873629974481
36025	435	1548	1	361322	0.00226873629974481
36025	2093	3079	2	1546966	0.00226873629974481
36025	6010	5732	3	3530655	0.00226873629974481
36025	13937	9603	4	6909007	0.00226873629974481
36025	17868	14039	5	9187992	0.00226873629974481
36025	19958	17911	6	10549088	0.00226873629974481
36025	20798	20565	7	11129222	0.00226873629974481
36025	21591	22097	8	11725308	0.00226873629974481
36025	22392	22895	9	12417788	0.00226873629974481
36025	23109	23289	10	12987792	0.00226873629974481
36025	23566	23477	11	13341839	0.00226873629974481
36025	24228	23567	12	13992754	0.00226873629974481
36025	24693	23609	13	14430732	0.00226873629974481
36025	25025	23629	14	14697207	0.00226873629974481
36025	25165	23638	15	14823669	0.00226873629974481
36025	25355	23642	16	14961860	0.00226873629974481
36025	25462	23644	17	15063972	0.00226873629974481
36027	0	1271	0	1024	0.0151241204630864
36027	4228	2701	1	361322	0.0151241204630864
36027	17234	5691	2	1546966	0.0151241204630864
36027	46303	11782	3	3530655	0.0151241204630864
36027	104912	23552	4	6909007	0.0151241204630864
36027	138328	44150	5	9187992	0.0151241204630864
36027	155743	74626	6	10549088	0.0151241204630864
36027	162001	110122	7	11129222	0.0151241204630864
36027	169541	141566	8	11725308	0.0151241204630864
36027	177803	163346	9	12417788	0.0151241204630864
36027	184045	175989	10	12987792	0.0151241204630864
36027	188218	182588	11	13341839	0.0151241204630864
36027	195331	185842	12	13992754	0.0151241204630864
36027	200149	187402	13	14430732	0.0151241204630864
36027	203566	188139	14	14697207	0.0151241204630864
36027	205155	188485	15	14823669	0.0151241204630864
36027	207043	188648	16	14961860	0.0151241204630864
36027	208428	188723	17	15063972	0.0151241204630864
36029	0	3766	0	1024	0.0472253897371283
36029	18832	8046	1	361322	0.0472253897371283
36029	79162	17049	2	1546966	0.0472253897371283
36029	163398	35517	3	3530655	0.0472253897371283
36029	335406	71512	4	6909007	0.0472253897371283
36029	438253	135162	5	9187992	0.0472253897371283
36029	494574	230488	6	10549088	0.0472253897371283
36029	518928	342841	7	11129222	0.0472253897371283
36029	535871	443236	8	11725308	0.0472253897371283
36029	554131	513046	9	12417788	0.0472253897371283
36029	572957	553558	10	12987792	0.0472253897371283
36029	585544	574643	11	13341839	0.0472253897371283
36029	611768	584996	12	13992754	0.0472253897371283
36029	626604	589935	13	14430732	0.0472253897371283
36029	635574	592259	14	14697207	0.0472253897371283
36029	639710	593345	15	14823669	0.0472253897371283
36029	643139	593851	16	14961860	0.0472253897371283
36029	645825	594086	17	15063972	0.0472253897371283
36031	0	252	0	1024	0.00189605388956808
36031	729	586	1	361322	0.00189605388956808
36031	4334	1335	2	1546966	0.00189605388956808
36031	9927	2919	3	3530655	0.00189605388956808
36031	16905	5885	4	6909007	0.00189605388956808
36031	19988	10351	5	9187992	0.00189605388956808
36031	21902	15274	6	10549088	0.00189605388956808
36031	22415	19138	7	11129222	0.00189605388956808
36031	22902	21442	8	11725308	0.00189605388956808
36031	23504	22596	9	12417788	0.00189605388956808
36031	23978	23125	10	12987792	0.00189605388956808
36031	24448	23357	11	13341839	0.00189605388956808
36031	25451	23457	12	13992754	0.00189605388956808
36031	25934	23500	13	14430732	0.00189605388956808
36031	26177	23518	14	14697207	0.00189605388956808
36031	26293	23526	15	14823669	0.00189605388956808
36031	26459	23529	16	14961860	0.00189605388956808
36031	26588	23530	17	15063972	0.00189605388956808
36033	0	847	0	1024	0.00257135441680832
36033	1386	1571	1	361322	0.00257135441680832
36033	5304	2856	2	1546966	0.00257135441680832
36033	12259	5008	3	3530655	0.00257135441680832
36033	19483	8293	4	6909007	0.00257135441680832
36033	22366	12657	5	9187992	0.00257135441680832
36033	25116	17497	6	10549088	0.00257135441680832
36033	26094	21898	7	11129222	0.00257135441680832
36033	26900	25235	8	11725308	0.00257135441680832
36033	27971	27432	9	12417788	0.00257135441680832
36033	29022	28748	10	12987792	0.00257135441680832
36033	29863	29491	11	13341839	0.00257135441680832
36033	31208	29898	12	13992754	0.00257135441680832
36033	32222	30116	13	14430732	0.00257135441680832
36033	33766	30232	14	14697207	0.00257135441680832
36033	34743	30293	15	14823669	0.00257135441680832
36033	35151	30326	16	14961860	0.00257135441680832
36033	35291	30343	17	15063972	0.00257135441680832
36035	0	1084	0	1024	0.00274412484171921
36035	816	2064	1	361322	0.00274412484171921
36035	3596	3803	2	1546966	0.00274412484171921
36035	7523	6620	3	3530655	0.00274412484171921
36035	15242	10576	4	6909007	0.00274412484171921
36035	19415	15149	5	9187992	0.00274412484171921
36035	22422	19382	6	10549088	0.00274412484171921
36035	23270	22568	7	11129222	0.00274412484171921
36035	24133	24611	8	11725308	0.00274412484171921
36035	25238	25790	9	12417788	0.00274412484171921
36035	26115	26430	10	12987792	0.00274412484171921
36035	26718	26765	11	13341839	0.00274412484171921
36035	27559	26938	12	13992754	0.00274412484171921
36035	28301	27026	13	14430732	0.00274412484171921
36035	28727	27071	14	14697207	0.00274412484171921
36035	28902	27093	15	14823669	0.00274412484171921
36035	29099	27105	16	14961860	0.00274412484171921
36035	29242	27111	17	15063972	0.00274412484171921
36037	0	832	0	1024	0.002944448062748
36037	902	1756	1	361322	0.002944448062748
36037	4455	3585	2	1546966	0.002944448062748
36037	9451	6876	3	3530655	0.002944448062748
36037	18583	11893	4	6909007	0.002944448062748
36037	23802	17890	5	9187992	0.002944448062748
36037	26733	23283	6	10549088	0.002944448062748
36037	27771	27025	7	11129222	0.002944448062748
36037	28750	29180	8	11725308	0.002944448062748
36037	30036	30290	9	12417788	0.002944448062748
36037	31131	30828	10	12987792	0.002944448062748
36037	31816	31082	11	13341839	0.002944448062748
36037	32893	31200	12	13992754	0.002944448062748
36037	33603	31254	13	14430732	0.002944448062748
36037	34047	31280	14	14697207	0.002944448062748
36037	34234	31291	15	14823669	0.002944448062748
36037	34380	31296	16	14961860	0.002944448062748
36037	34508	31299	17	15063972	0.002944448062748
36039	0	376	0	1024	0.00242567414778199
36039	572	812	1	361322	0.00242567414778199
36039	2827	1720	2	1546966	0.00242567414778199
36039	6754	3506	3	3530655	0.00242567414778199
36039	15928	6657	4	6909007	0.00242567414778199
36039	20338	11273	5	9187992	0.00242567414778199
36039	22810	16480	6	10549088	0.00242567414778199
36039	23622	20874	7	11129222	0.00242567414778199
36039	24727	23760	8	11725308	0.00242567414778199
36039	25749	25358	9	12417788	0.00242567414778199
36039	26784	26159	10	12987792	0.00242567414778199
36039	27432	26542	11	13341839	0.00242567414778199
36039	28288	26719	12	13992754	0.00242567414778199
36039	28850	26801	13	14430732	0.00242567414778199
36039	29180	26839	14	14697207	0.00242567414778199
36039	29356	26856	15	14823669	0.00242567414778199
36039	29601	26864	16	14961860	0.00242567414778199
36039	29757	26867	17	15063972	0.00242567414778199
36041	0	58	0	1024	0.000227002141150404
36041	70	132	1	361322	0.000227002141150404
36041	1234	293	2	1546966	0.000227002141150404
36041	1907	605	3	3530655	0.000227002141150404
36041	2782	1111	4	6909007	0.000227002141150404
36041	3048	1726	5	9187992	0.000227002141150404
36041	3252	2259	6	10549088	0.000227002141150404
36041	3330	2602	7	11129222	0.000227002141150404
36041	3384	2781	8	11725308	0.000227002141150404
36041	3431	2866	9	12417788	0.000227002141150404
36041	3478	2903	10	12987792	0.000227002141150404
36041	3519	2920	11	13341839	0.000227002141150404
36041	3602	2927	12	13992754	0.000227002141150404
36041	3639	2930	13	14430732	0.000227002141150404
36041	3653	2931	14	14697207	0.000227002141150404
36041	3658	2931	15	14823669	0.000227002141150404
36041	3678	2932	16	14961860	0.000227002141150404
36041	3694	2932	17	15063972	0.000227002141150404
36043	0	974	0	1024	0.00315207071856921
36043	1098	1790	1	361322	0.00315207071856921
36043	5373	3220	2	1546966	0.00315207071856921
36043	11940	5587	3	3530655	0.00315207071856921
36043	20416	9159	4	6909007	0.00315207071856921
36043	24674	13861	5	9187992	0.00315207071856921
36043	27765	19050	6	10549088	0.00315207071856921
36043	28998	23769	7	11129222	0.00315207071856921
36043	30233	27366	8	11725308	0.00315207071856921
36043	31563	29755	9	12417788	0.00315207071856921
36043	32758	31200	10	12987792	0.00315207071856921
36043	33439	32025	11	13341839	0.00315207071856921
36043	34499	32480	12	13992754	0.00315207071856921
36043	35457	32727	13	14430732	0.00315207071856921
36043	35894	32860	14	14697207	0.00315207071856921
36043	36109	32930	15	14823669	0.00315207071856921
36043	36343	32968	16	14961860	0.00315207071856921
36043	36534	32988	17	15063972	0.00315207071856921
36045	0	1702	0	1024	0.00564595859853114
36045	2222	3000	1	361322	0.00564595859853114
36045	11140	5210	2	1546966	0.00564595859853114
36045	25170	8827	3	3530655	0.00564595859853114
36045	40804	14379	4	6909007	0.00564595859853114
36045	49256	22115	5	9187992	0.00564595859853114
36045	57917	31558	6	10549088	0.00564595859853114
36045	60379	41384	7	11129222	0.00564595859853114
36045	62759	50052	8	11725308	0.00564595859853114
36045	66017	56650	9	12417788	0.00564595859853114
36045	69097	61133	10	12987792	0.00564595859853114
36045	70836	63947	11	13341839	0.00564595859853114
36045	73837	65627	12	13992754	0.00564595859853114
36045	78251	66600	13	14430732	0.00564595859853114
36045	79784	67154	14	14697207	0.00564595859853114
36045	80457	67466	15	14823669	0.00564595859853114
36045	80924	67641	16	14961860	0.00564595859853114
36045	81312	67738	17	15063972	0.00564595859853114
36047	86	19850	0	1024	0.131590457911536
36047	25407	34223	1	361322	0.131590457911536
36047	130023	58655	2	1546966	0.131590457911536
36047	329782	99532	3	3530655	0.131590457911536
36047	668543	166136	4	6909007	0.131590457911536
36047	968197	270118	5	9187992	0.131590457911536
36047	1139175	422090	6	10549088	0.131590457911536
36047	1224315	624072	7	11129222	0.131590457911536
36047	1314196	861121	8	11725308	0.131590457911536
36047	1429966	1101894	9	12417788	0.131590457911536
36047	1533004	1313100	10	12987792	0.131590457911536
36047	1594525	1475832	11	13341839	0.131590457911536
36047	1697072	1589123	12	13992754	0.131590457911536
36047	1769033	1662541	13	14430732	0.131590457911536
36047	1810952	1707932	14	14697207	0.131590457911536
36047	1830570	1735186	15	14823669	0.131590457911536
36047	1844875	1751261	16	14961860	0.131590457911536
36047	1856830	1760644	17	15063972	0.131590457911536
36049	0	277	0	1024	0.00135173195282859
36049	441	553	1	361322	0.00135173195282859
36049	2072	1083	2	1546966	0.00135173195282859
36049	4199	2034	3	3530655	0.00135173195282859
36049	7997	3571	4	6909007	0.00135173195282859
36049	9374	5663	5	9187992	0.00135173195282859
36049	10607	7941	6	10549088	0.00135173195282859
36049	11000	9886	7	11129222	0.00135173195282859
36049	11398	11232	8	11725308	0.00135173195282859
36049	11882	12035	9	12417788	0.00135173195282859
36049	12379	12470	10	12987792	0.00135173195282859
36049	12637	12695	11	13341839	0.00135173195282859
36049	13065	12808	12	13992754	0.00135173195282859
36049	13392	12864	13	14430732	0.00135173195282859
36049	13616	12892	14	14697207	0.00135173195282859
36049	13664	12905	15	14823669	0.00135173195282859
36049	13725	12912	16	14961860	0.00135173195282859
36049	13762	12915	17	15063972	0.00135173195282859
36051	0	367	0	1024	0.00323406084880809
36051	1124	766	1	361322	0.00323406084880809
36051	4976	1581	2	1546966	0.00323406084880809
36051	9764	3181	3	3530655	0.00323406084880809
36051	20932	6109	4	6909007	0.00323406084880809
36051	25995	10823	5	9187992	0.00323406084880809
36051	29888	17049	6	10549088	0.00323406084880809
36051	30971	23428	7	11129222	0.00323406084880809
36051	32052	28469	8	11725308	0.00323406084880809
36051	33140	31698	9	12417788	0.00323406084880809
36051	34037	33496	10	12987792	0.00323406084880809
36051	34724	34419	11	13341839	0.00323406084880809
36051	35995	34875	12	13992754	0.00323406084880809
36051	36812	35094	13	14430732	0.00323406084880809
36051	37223	35199	14	14697207	0.00323406084880809
36051	37383	35249	15	14823669	0.00323406084880809
36051	37520	35273	16	14961860	0.00323406084880809
36051	37652	35284	17	15063972	0.00323406084880809
36053	0	558	0	1024	0.00364668453246169
36053	1430	1244	1	361322	0.00364668453246169
36053	5179	2715	2	1546966	0.00364668453246169
36053	12751	5681	3	3530655	0.00364668453246169
36053	25429	10969	4	6909007	0.00364668453246169
36053	30978	18618	5	9187992	0.00364668453246169
36053	35193	26896	6	10549088	0.00364668453246169
36053	36250	33462	7	11129222	0.00364668453246169
36053	37288	37502	8	11725308	0.00364668453246169
36053	38483	39614	9	12417788	0.00364668453246169
36053	39487	40623	10	12987792	0.00364668453246169
36053	40173	41085	11	13341839	0.00364668453246169
36053	41639	41292	12	13992754	0.00364668453246169
36053	42518	41384	13	14430732	0.00364668453246169
36053	42991	41425	14	14697207	0.00364668453246169
36053	43177	41443	15	14823669	0.00364668453246169
36053	43374	41451	16	14961860	0.00364668453246169
36053	43511	41455	17	15063972	0.00364668453246169
36055	27	6167	0	1024	0.0381302939857644
36055	15707	12834	1	361322	0.0381302939857644
36055	59602	26317	2	1546966	0.0381302939857644
36055	139620	52411	3	3530655	0.0381302939857644
36055	291187	98868	4	6909007	0.0381302939857644
36055	374481	170484	5	9187992	0.0381302939857644
36055	421286	259596	6	10549088	0.0381302939857644
36055	438576	345075	7	11129222	0.0381302939857644
36055	453514	408879	8	11725308	0.0381302939857644
36055	468723	448148	9	12417788	0.0381302939857644
36055	482302	469517	10	12987792	0.0381302939857644
36055	492360	480372	11	13341839	0.0381302939857644
36055	512483	485694	12	13992754	0.0381302939857644
36055	524454	488257	13	14430732	0.0381302939857644
36055	531745	489481	14	14697207	0.0381302939857644
36055	534944	490064	15	14823669	0.0381302939857644
36055	537724	490340	16	14961860	0.0381302939857644
36055	540036	490471	17	15063972	0.0381302939857644
36057	0	1414	0	1024	0.00253017943604258
36057	1140	2502	1	361322	0.00253017943604258
36057	3678	4291	2	1546966	0.00253017943604258
36057	8208	7003	3	3530655	0.00253017943604258
36057	16922	10650	4	6909007	0.00253017943604258
36057	22024	14835	5	9187992	0.00253017943604258
36057	25027	18847	6	10549088	0.00253017943604258
36057	26251	22083	7	11129222	0.00253017943604258
36057	27331	24347	8	11725308	0.00253017943604258
36057	28605	25779	9	12417788	0.00253017943604258
36057	29666	26627	10	12987792	0.00253017943604258
36057	30338	27110	11	13341839	0.00253017943604258
36057	31237	27379	12	13992754	0.00253017943604258
36057	31977	27527	13	14430732	0.00253017943604258
36057	32535	27608	14	14697207	0.00253017943604258
36057	32785	27652	15	14823669	0.00253017943604258
36057	33024	27676	16	14961860	0.00253017943604258
36057	33199	27689	17	15063972	0.00253017943604258
36059	0	57615	0	1024	0.0697519595512616
36059	30280	105133	1	361322	0.0697519595512616
36059	136180	184585	2	1546966	0.0697519595512616
36059	296325	304809	3	3530655	0.0697519595512616
36059	539060	461779	4	6909007	0.0697519595512616
36059	698235	631511	5	9187992	0.0697519595512616
36059	799463	781410	6	10549088	0.0697519595512616
36059	840527	891900	7	11129222	0.0697519595512616
36059	885773	962964	8	11725308	0.0697519595512616
36059	933195	1004745	9	12417788	0.0697519595512616
36059	972312	1028024	10	12987792	0.0697519595512616
36059	997425	1040607	11	13341839	0.0697519595512616
36059	1039127	1047297	12	13992754	0.0697519595512616
36059	1069866	1050823	13	14430732	0.0697519595512616
36059	1089217	1052673	14	14697207	0.0697519595512616
36059	1098083	1053641	15	14823669	0.0697519595512616
36059	1112707	1054147	16	14961860	0.0697519595512616
36059	1123026	1054411	17	15063972	0.0697519595512616
36061	95	7353	0	1024	0.0837227693171446
36061	37010	15130	1	361322	0.0837227693171446
36061	170265	30933	2	1546966	0.0837227693171446
36061	361429	62419	3	3530655	0.0837227693171446
36061	669360	122775	4	6909007	0.0837227693171446
36061	892564	230354	5	9187992	0.0837227693171446
36061	1016997	399361	6	10549088	0.0837227693171446
36061	1067323	618535	7	11129222	0.0837227693171446
36061	1112432	841614	8	11725308	0.0837227693171446
36061	1163442	1019132	9	12417788	0.0837227693171446
36061	1205431	1134728	10	12987792	0.0837227693171446
36061	1235531	1200493	11	13341839	0.0837227693171446
36061	1315547	1235063	12	13992754	0.0837227693171446
36061	1348764	1252483	13	14430732	0.0837227693171446
36061	1367438	1261074	14	14697207	0.0837227693171446
36061	1378033	1265265	15	14823669	0.0837227693171446
36061	1396230	1267299	16	14961860	0.0837227693171446
36061	1409402	1268284	17	15063972	0.0837227693171446
36063	0	1148	0	1024	0.0107579789633374
36063	3793	2392	1	361322	0.0107579789633374
36063	17015	4930	2	1546966	0.0107579789633374
36063	33090	9943	3	3530655	0.0107579789633374
36063	71686	19248	4	6909007	0.0107579789633374
36063	95532	34664	5	9187992	0.0107579789633374
36063	108240	55970	6	10549088	0.0107579789633374
36063	112908	79067	7	11129222	0.0107579789633374
36063	116622	98358	8	11725308	0.0107579789633374
36063	121496	111260	9	12417788	0.0107579789633374
36063	125783	118658	10	12987792	0.0107579789633374
36063	128690	122530	11	13341839	0.0107579789633374
36063	133484	124460	12	13992754	0.0107579789633374
36063	135939	125399	13	14430732	0.0107579789633374
36063	137876	125850	14	14697207	0.0107579789633374
36063	138601	126066	15	14823669	0.0107579789633374
36063	139260	126169	16	14961860	0.0107579789633374
36063	139787	126217	17	15063972	0.0107579789633374
36065	0	3099	0	1024	0.0117547116437962
36065	5943	5800	1	361322	0.0117547116437962
36065	22394	10659	2	1546966	0.0117547116437962
36065	49443	18972	3	3530655	0.0117547116437962
36065	82047	32045	4	6909007	0.0117547116437962
36065	98366	50101	5	9187992	0.0117547116437962
36065	110154	71037	6	10549088	0.0117547116437962
36065	114224	90907	7	11129222	0.0117547116437962
36065	118444	106486	8	11725308	0.0117547116437962
36065	123351	116971	9	12417788	0.0117547116437962
36065	127719	123322	10	12987792	0.0117547116437962
36065	130900	126926	11	13341839	0.0117547116437962
36065	136148	128897	12	13992754	0.0117547116437962
36065	139951	129952	13	14430732	0.0117547116437962
36065	142116	130511	14	14697207	0.0117547116437962
36065	143035	130806	15	14823669	0.0117547116437962
36065	143981	130960	16	14961860	0.0117547116437962
36065	144642	131041	17	15063972	0.0117547116437962
36067	0	4041	0	1024	0.0236731979301887
36067	11928	8353	1	361322	0.0236731979301887
36067	49655	17009	2	1546966	0.0236731979301887
36067	108805	33624	3	3530655	0.0236731979301887
36067	197060	62953	4	6909007	0.0236731979301887
36067	242519	107795	5	9187992	0.0236731979301887
36067	271255	163255	6	10549088	0.0236731979301887
36067	281086	216340	7	11129222	0.0236731979301887
36067	290185	256046	8	11725308	0.0236731979301887
36067	298903	280609	9	12417788	0.0236731979301887
36067	306354	294063	10	12987792	0.0236731979301887
36067	311303	300944	11	13341839	0.0236731979301887
36067	324739	304340	12	13992754	0.0236731979301887
36067	330934	305987	13	14430732	0.0236731979301887
36067	335227	306779	14	14697207	0.0236731979301887
36067	337114	307158	15	14823669	0.0236731979301887
36067	339029	307339	16	14961860	0.0236731979301887
36067	340358	307426	17	15063972	0.0236731979301887
36069	0	783	0	1024	0.00564302854372009
36069	2273	1803	1	361322	0.00564302854372009
36069	9141	4073	2	1546966	0.00564302854372009
36069	21889	8829	3	3530655	0.00564302854372009
36069	45038	17632	4	6909007	0.00564302854372009
36069	54539	30741	5	9187992	0.00564302854372009
36069	61310	45076	6	10549088	0.00564302854372009
36069	63051	56305	7	11129222	0.00564302854372009
36069	64715	63019	8	11725308	0.00564302854372009
36069	66510	66406	9	12417788	0.00564302854372009
36069	67935	67968	10	12987792	0.00564302854372009
36069	69030	68659	11	13341839	0.00564302854372009
36069	72169	68959	12	13992754	0.00564302854372009
36069	73630	69088	13	14430732	0.00564302854372009
36069	74403	69143	14	14697207	0.00564302854372009
36069	74682	69167	15	14823669	0.00564302854372009
36069	75105	69177	16	14961860	0.00564302854372009
36069	75399	69182	17	15063972	0.00564302854372009
36071	0	4095	0	1024	0.0197876368239213
36071	5539	7876	1	361322	0.0197876368239213
36071	19627	14919	2	1546966	0.0197876368239213
36071	54821	27487	3	3530655	0.0197876368239213
36071	119943	48286	4	6909007	0.0197876368239213
36071	159689	78760	5	9187992	0.0197876368239213
36071	183680	116286	6	10549088	0.0197876368239213
36071	193359	153741	7	11129222	0.0197876368239213
36071	204235	184053	8	11725308	0.0197876368239213
36071	216674	204689	9	12417788	0.0197876368239213
36071	226511	217137	10	12987792	0.0197876368239213
36071	232803	224106	11	13341839	0.0197876368239213
36071	241449	227845	12	13992754	0.0197876368239213
36071	240453	229805	13	14430732	0.0197876368239213
36071	245577	230821	14	14697207	0.0197876368239213
36071	248133	231343	15	14823669	0.0197876368239213
36071	250506	231612	16	14961860	0.0197876368239213
36071	252151	231749	17	15063972	0.0197876368239213
36073	0	620	0	1024	0.00207427318833811
36073	596	1160	1	361322	0.00207427318833811
36073	2015	2120	2	1546966	0.00207427318833811
36073	5307	3721	3	3530655	0.00207427318833811
36073	11188	6133	4	6909007	0.00207427318833811
36073	14719	9254	5	9187992	0.00207427318833811
36073	17052	12586	6	10549088	0.00207427318833811
36073	17658	15489	7	11129222	0.00207427318833811
36073	18386	17601	8	11725308	0.00207427318833811
36073	19240	18946	9	12417788	0.00207427318833811
36073	20178	19730	10	12987792	0.00207427318833811
36073	20631	20164	11	13341839	0.00207427318833811
36073	21330	20398	12	13992754	0.00207427318833811
36073	21753	20522	13	14430732	0.00207427318833811
36073	21998	20587	14	14697207	0.00207427318833811
36073	22142	20621	15	14823669	0.00207427318833811
36073	22253	20639	16	14961860	0.00207427318833811
36073	22329	20648	17	15063972	0.00207427318833811
36075	0	1565	0	1024	0.00602069718752263
36075	1798	3003	1	361322	0.00602069718752263
36075	8492	5645	2	1546966	0.00602069718752263
36075	19805	10227	3	3530655	0.00602069718752263
36075	38537	17428	4	6909007	0.00602069718752263
36075	47583	27171	5	9187992	0.00602069718752263
36075	54582	37982	6	10549088	0.00602069718752263
36075	56558	47633	7	11129222	0.00602069718752263
36075	58595	54711	8	11725308	0.00602069718752263
36075	61232	59189	9	12417788	0.00602069718752263
36075	63117	61764	10	12987792	0.00602069718752263
36075	64261	63163	11	13341839	0.00602069718752263
36075	66653	63899	12	13992754	0.00602069718752263
36075	67910	64281	13	14430732	0.00602069718752263
36075	68901	64477	14	14697207	0.00602069718752263
36075	69308	64578	15	14823669	0.00602069718752263
36075	69729	64629	16	14961860	0.00602069718752263
36075	70004	64655	17	15063972	0.00602069718752263
36077	0	420	0	1024	0.00305820615567505
36077	1367	923	1	361322	0.00305820615567505
36077	4269	1996	2	1546966	0.00305820615567505
36077	10526	4160	3	3530655	0.00305820615567505
36077	20773	8090	4	6909007	0.00305820615567505
36077	26265	14021	5	9187992	0.00305820615567505
36077	29064	20872	6	10549088	0.00305820615567505
36077	30046	26717	7	11129222	0.00305820615567505
36077	31019	30548	8	11725308	0.00305820615567505
36077	32222	32644	9	12417788	0.00305820615567505
36077	33129	33679	10	12987792	0.00305820615567505
36077	33804	34164	11	13341839	0.00305820615567505
36077	35214	34386	12	13992754	0.00305820615567505
36077	35928	34486	13	14430732	0.00305820615567505
36077	36348	34531	14	14697207	0.00305820615567505
36077	36565	34551	15	14823669	0.00305820615567505
36077	36802	34560	16	14961860	0.00305820615567505
36077	36987	34564	17	15063972	0.00305820615567505
36079	0	825	0	1024	0.00505408752670012
36079	1459	1747	1	361322	0.00505408752670012
36079	6907	3638	2	1546966	0.00505408752670012
36079	18019	7334	3	3530655	0.00505408752670012
36079	36111	13909	4	6909007	0.00505408752670012
36079	48416	23864	5	9187992	0.00505408752670012
36079	54747	35780	6	10549088	0.00505408752670012
36079	57196	46610	7	11129222	0.00505408752670012
36079	59968	54251	8	11725308	0.00505408752670012
36079	62681	58731	9	12417788	0.00505408752670012
36079	64606	61078	10	12987792	0.00505408752670012
36079	65975	62235	11	13341839	0.00505408752670012
36079	68461	62788	12	13992754	0.00505408752670012
36079	70218	63049	13	14430732	0.00505408752670012
36079	71280	63172	14	14697207	0.00505408752670012
36079	71816	63229	15	14823669	0.00505408752670012
36079	72570	63255	16	14961860	0.00505408752670012
36079	73110	63267	17	15063972	0.00505408752670012
36081	62	15124	0	1024	0.115858376777393
36081	31058	28608	1	361322	0.115858376777393
36081	140367	53734	2	1546966	0.115858376777393
36081	367901	99629	3	3530655	0.115858376777393
36081	734304	180477	4	6909007	0.115858376777393
36081	1075616	314211	5	9187992	0.115858376777393
36081	1274548	513961	6	10549088	0.115858376777393
36081	1373404	771048	7	11129222	0.115858376777393
36081	1472391	1045282	8	11725308	0.115858376777393
36081	1586669	1284985	9	12417788	0.115858376777393
36081	1668914	1460666	10	12987792	0.115858376777393
36081	1715539	1573498	11	13341839	0.115858376777393
36081	1807763	1639940	12	13992754	0.115858376777393
36081	1875619	1677082	13	14430732	0.115858376777393
36081	1914665	1697243	14	14697207	0.115858376777393
36081	1932556	1708012	15	14823669	0.115858376777393
36081	1950506	1713715	16	14961860	0.115858376777393
36081	1964281	1716722	17	15063972	0.115858376777393
36083	0	728	0	1024	0.00815860911017782
36083	3789	1578	1	361322	0.00815860911017782
36083	13849	3389	2	1546966	0.00815860911017782
36083	29448	7131	3	3530655	0.00815860911017782
36083	59924	14398	4	6909007	0.00815860911017782
36083	79327	26955	5	9187992	0.00815860911017782
36083	88885	44832	6	10549088	0.00815860911017782
36083	91731	64338	7	11129222	0.00815860911017782
36083	95059	80315	8	11725308	0.00815860911017782
36083	98197	90601	9	12417788	0.00815860911017782
36083	100873	96235	10	12987792	0.00815860911017782
36083	102839	99051	11	13341839	0.00815860911017782
36083	106889	100394	12	13992754	0.00815860911017782
36083	109624	101021	13	14430732	0.00815860911017782
36083	110828	101310	14	14697207	0.00815860911017782
36083	111466	101442	15	14823669	0.00815860911017782
36083	112269	101503	16	14961860	0.00815860911017782
36083	112804	101531	17	15063972	0.00815860911017782
36085	0	3165	0	1024	0.0244758787350038
36085	7354	5647	1	361322	0.0244758787350038
36085	42507	10008	2	1546966	0.0244758787350038
36085	86304	17540	3	3530655	0.0244758787350038
36085	151880	30159	4	6909007	0.0244758787350038
36085	197044	50266	5	9187992	0.0244758787350038
36085	226286	79870	6	10549088	0.0244758787350038
36085	241062	118756	7	11129222	0.0244758787350038
36085	259226	162832	8	11725308	0.0244758787350038
36085	281872	205169	9	12417788	0.0244758787350038
36085	301132	239838	10	12987792	0.0244758787350038
36085	311243	264707	11	13341839	0.0244758787350038
36085	327021	280901	12	13992754	0.0244758787350038
36085	340105	290792	13	14430732	0.0244758787350038
36085	347903	296598	14	14697207	0.0244758787350038
36085	351058	299927	15	14823669	0.0244758787350038
36085	353305	301811	16	14961860	0.0244758787350038
36085	355028	302869	17	15063972	0.0244758787350038
36087	0	3490	0	1024	0.0167470109971126
36087	4533	6564	1	361322	0.0167470109971126
36087	24989	12177	2	1546966	0.0167470109971126
36087	52563	22030	3	3530655	0.0167470109971126
36087	103524	38196	4	6909007	0.0167470109971126
36087	133847	61991	5	9187992	0.0167470109971126
36087	152260	91957	6	10549088	0.0167470109971126
36087	160233	123079	7	11129222	0.0167470109971126
36087	169031	149554	8	11725308	0.0167470109971126
36087	177777	168516	9	12417788	0.0167470109971126
36087	184845	180486	10	12987792	0.0167470109971126
36087	189383	187451	11	13341839	0.0167470109971126
36087	196101	191312	12	13992754	0.0167470109971126
36087	202050	193396	13	14430732	0.0167470109971126
36087	205649	194505	14	14697207	0.0167470109971126
36087	207337	195090	15	14823669	0.0167470109971126
36087	209688	195397	16	14961860	0.0167470109971126
36087	211440	195558	17	15063972	0.0167470109971126
36089	0	1941	0	1024	0.00553831763757803
36089	2390	3792	1	361322	0.00553831763757803
36089	13268	7192	2	1546966	0.00553831763757803
36089	26562	12945	3	3530655	0.00553831763757803
36089	40904	21453	4	6909007	0.00553831763757803
36089	46914	31817	5	9187992	0.00553831763757803
36089	51782	41837	6	10549088	0.00553831763757803
36089	53518	49575	7	11129222	0.00553831763757803
36089	55249	54580	8	11725308	0.00553831763757803
36089	57548	57454	9	12417788	0.00553831763757803
36089	59283	58994	10	12987792	0.00553831763757803
36089	60305	59789	11	13341839	0.00553831763757803
36089	62917	60191	12	13992754	0.00553831763757803
36089	64115	60392	13	14430732	0.00553831763757803
36089	65041	60492	14	14697207	0.00553831763757803
36089	65487	60542	15	14823669	0.00553831763757803
36089	65796	60567	16	14961860	0.00553831763757803
36089	66024	60579	17	15063972	0.00553831763757803
36091	0	1664	0	1024	0.0118159857724763
36091	5048	3787	1	361322	0.0118159857724763
36091	21219	8470	2	1546966	0.0118159857724763
36091	50962	18259	3	3530655	0.0118159857724763
36091	101719	36597	4	6909007	0.0118159857724763
36091	130155	64824	5	9187992	0.0118159857724763
36091	146417	97391	6	10549088	0.0118159857724763
36091	150932	124513	7	11129222	0.0118159857724763
36091	156076	141611	8	11725308	0.0118159857724763
36091	160573	150575	9	12417788	0.0118159857724763
36091	163975	154825	10	12987792	0.0118159857724763
36091	166689	156742	11	13341839	0.0118159857724763
36091	175264	157589	12	13992754	0.0118159857724763
36091	178960	157958	13	14430732	0.0118159857724763
36091	180743	158119	14	14697207	0.0118159857724763
36091	181414	158189	15	14823669	0.0118159857724763
36091	182785	158219	16	14961860	0.0118159857724763
36091	183721	158233	17	15063972	0.0118159857724763
36093	0	641	0	1024	0.00798306284386699
36093	4056	1354	1	361322	0.00798306284386699
36093	11858	2838	2	1546966	0.00798306284386699
36093	29374	5856	3	3530655	0.00798306284386699
36093	57703	11709	4	6909007	0.00798306284386699
36093	75747	22083	5	9187992	0.00798306284386699
36093	86341	37841	6	10549088	0.00798306284386699
36093	90066	56937	7	11129222	0.00798306284386699
36093	93996	74640	8	11725308	0.00798306284386699
36093	97802	87415	9	12417788	0.00798306284386699
36093	100697	95062	10	12987792	0.00798306284386699
36093	102895	99138	11	13341839	0.00798306284386699
36093	107831	101177	12	13992754	0.00798306284386699
36093	110392	102165	13	14430732	0.00798306284386699
36093	111894	102636	14	14697207	0.00798306284386699
36093	112719	102858	15	14823669	0.00798306284386699
36093	113559	102964	16	14961860	0.00798306284386699
36093	114228	103013	17	15063972	0.00798306284386699
36095	0	197	0	1024	0.00159348717697495
36095	280	408	1	361322	0.00159348717697495
36095	1492	836	2	1546966	0.00159348717697495
36095	4201	1665	3	3530655	0.00159348717697495
36095	9246	3154	4	6909007	0.00159348717697495
36095	12208	5484	5	9187992	0.00159348717697495
36095	13735	8452	6	10549088	0.00159348717697495
36095	14292	11382	7	11129222	0.00159348717697495
36095	14921	13628	8	11725308	0.00159348717697495
36095	15584	15038	9	12417788	0.00159348717697495
36095	16032	15817	10	12987792	0.00159348717697495
36095	16442	16216	11	13341839	0.00159348717697495
36095	16992	16413	12	13992754	0.00159348717697495
36095	17298	16508	13	14430732	0.00159348717697495
36095	17482	16554	14	14697207	0.00159348717697495
36095	17582	16576	15	14823669	0.00159348717697495
36095	17681	16586	16	14961860	0.00159348717697495
36095	17732	16591	17	15063972	0.00159348717697495
36097	0	151	0	1024	0.000915359403864413
36097	448	332	1	361322	0.000915359403864413
36097	1512	715	2	1546966	0.000915359403864413
36097	3530	1473	3	3530655	0.000915359403864413
36097	6966	2793	4	6909007	0.000915359403864413
36097	8061	4658	5	9187992	0.000915359403864413
36097	8967	6634	6	10549088	0.000915359403864413
36097	9268	8185	7	11129222	0.000915359403864413
36097	9585	9138	8	11725308	0.000915359403864413
36097	9927	9640	9	12417788	0.000915359403864413
36097	10198	9882	10	12987792	0.000915359403864413
36097	10366	9994	11	13341839	0.000915359403864413
36097	10676	10045	12	13992754	0.000915359403864413
36097	10883	10068	13	14430732	0.000915359403864413
36097	10992	10078	14	14697207	0.000915359403864413
36097	11028	10083	15	14823669	0.000915359403864413
36097	11107	10085	16	14961860	0.000915359403864413
36097	11165	10085	17	15063972	0.000915359403864413
36099	0	239	0	1024	0.00174857446407884
36099	365	527	1	361322	0.00174857446407884
36099	2354	1140	2	1546966	0.00174857446407884
36099	5642	2373	3	3530655	0.00174857446407884
36099	10749	4585	4	6909007	0.00174857446407884
36099	12929	7848	5	9187992	0.00174857446407884
36099	14697	11501	6	10549088	0.00174857446407884
36099	15165	14516	7	11129222	0.00174857446407884
36099	15696	16439	8	11725308	0.00174857446407884
36099	16231	17471	9	12417788	0.00174857446407884
36099	16669	17975	10	12987792	0.00174857446407884
36099	16959	18209	11	13341839	0.00174857446407884
36099	17542	18316	12	13992754	0.00174857446407884
36099	17858	18364	13	14430732	0.00174857446407884
36099	18079	18385	14	14697207	0.00174857446407884
36099	18183	18395	15	14823669	0.00174857446407884
36099	18266	18399	16	14961860	0.00174857446407884
36099	18345	18401	17	15063972	0.00174857446407884
36101	0	932	0	1024	0.0049029069793443
36101	1482	1892	1	361322	0.0049029069793443
36101	7070	3765	2	1546966	0.0049029069793443
36101	15462	7223	3	3530655	0.0049029069793443
36101	32045	12991	4	6909007	0.0049029069793443
36101	38465	21160	5	9187992	0.0049029069793443
36101	43443	30402	6	10549088	0.0049029069793443
36101	45322	38539	7	11129222	0.0049029069793443
36101	47031	44268	8	11725308	0.0049029069793443
36101	48983	47695	9	12417788	0.0049029069793443
36101	50874	49549	10	12987792	0.0049029069793443
36101	52260	50498	11	13341839	0.0049029069793443
36101	54410	50970	12	13992754	0.0049029069793443
36101	55753	51202	13	14430732	0.0049029069793443
36101	56547	51314	14	14697207	0.0049029069793443
36101	56844	51369	15	14823669	0.0049029069793443
36101	57432	51395	16	14961860	0.0049029069793443
36101	57879	51408	17	15063972	0.0049029069793443
36103	64	11588	0	1024	0.0759038923516368
36103	28249	23891	1	361322	0.0759038923516368
36103	105147	48602	2	1546966	0.0759038923516368
36103	245166	96296	3	3530655	0.0759038923516368
36103	524345	181661	4	6909007	0.0759038923516368
36103	704642	315658	5	9187992	0.0759038923516368
36103	810229	488041	6	10549088	0.0759038923516368
36103	852781	660861	7	11129222	0.0759038923516368
36103	901754	795804	8	11725308	0.0759038923516368
36103	953283	882050	9	12417788	0.0759038923516368
36103	997066	930332	10	12987792	0.0759038923516368
36103	1022746	955374	11	13341839	0.0759038923516368
36103	1055694	967849	12	13992754	0.0759038923516368
36103	1081793	973938	13	14430732	0.0759038923516368
36103	1102498	976882	14	14697207	0.0759038923516368
36103	1111619	978298	15	14823669	0.0759038923516368
36103	1121278	978977	16	14961860	0.0759038923516368
36103	1128359	979303	17	15063972	0.0759038923516368
36105	0	1719	0	1024	0.00387754200888979
36105	1222	3056	1	361322	0.00387754200888979
36105	4197	5296	2	1546966	0.00387754200888979
36105	9287	8803	3	3530655	0.00387754200888979
36105	22720	13755	4	6909007	0.00387754200888979
36105	29308	19818	5	9187992	0.00387754200888979
36105	33429	26063	6	10549088	0.00387754200888979
36105	35131	31451	7	11129222	0.00387754200888979
36105	36806	35434	8	11725308	0.00387754200888979
36105	38884	38055	9	12417788	0.00387754200888979
36105	40623	39649	10	12987792	0.00387754200888979
36105	41664	40573	11	13341839	0.00387754200888979
36105	43262	41093	12	13992754	0.00387754200888979
36105	44462	41382	13	14430732	0.00387754200888979
36105	45198	41541	14	14697207	0.00387754200888979
36105	45630	41628	15	14823669	0.00387754200888979
36105	46028	41675	16	14961860	0.00387754200888979
36105	46336	41701	17	15063972	0.00387754200888979
36107	0	437	0	1024	0.00247784968520673
36107	714	919	1	361322	0.00247784968520673
36107	3451	1898	2	1546966	0.00247784968520673
36107	8417	3770	3	3530655	0.00247784968520673
36107	16303	6982	4	6909007	0.00247784968520673
36107	20052	11588	5	9187992	0.00247784968520673
36107	22767	16739	6	10549088	0.00247784968520673
36107	23567	21118	7	11129222	0.00247784968520673
36107	24456	24054	8	11725308	0.00247784968520673
36107	25440	25722	9	12417788	0.00247784968520673
36107	26278	26582	10	12987792	0.00247784968520673
36107	26922	27003	11	13341839	0.00247784968520673
36107	27797	27204	12	13992754	0.00247784968520673
36107	28403	27299	13	14430732	0.00247784968520673
36107	28775	27343	14	14697207	0.00247784968520673
36107	28941	27364	15	14823669	0.00247784968520673
36107	29210	27374	16	14961860	0.00247784968520673
36107	29445	27378	17	15063972	0.00247784968520673
36109	0	256	0	1024	0.00525250878232525
36109	1593	657	1	361322	0.00525250878232525
36109	7506	1672	2	1546966	0.00525250878232525
36109	19507	4171	3	3530655	0.00525250878232525
36109	47246	9895	4	6909007	0.00525250878232525
36109	61241	21116	5	9187992	0.00525250878232525
36109	67170	37647	6	10549088	0.00525250878232525
36109	68642	54022	7	11129222	0.00525250878232525
36109	70039	64963	8	11725308	0.00525250878232525
36109	71638	70490	9	12417788	0.00525250878232525
36109	72943	72891	10	12987792	0.00525250878232525
36109	75198	73866	11	13341839	0.00525250878232525
36109	78258	74250	12	13992754	0.00525250878232525
36109	79629	74400	13	14430732	0.00525250878232525
36109	80455	74458	14	14697207	0.00525250878232525
36109	80801	74481	15	14823669	0.00525250878232525
36109	81339	74489	16	14961860	0.00525250878232525
36109	81713	74493	17	15063972	0.00525250878232525
36111	0	659	0	1024	0.00912804601687064
36111	2313	1466	1	361322	0.00912804601687064
36111	11341	3233	2	1546966	0.00912804601687064
36111	28274	7002	3	3530655	0.00912804601687064
36111	68601	14607	4	6909007	0.00912804601687064
36111	89248	28366	5	9187992	0.00912804601687064
36111	99205	48965	6	10549088	0.00912804601687064
36111	102976	72468	7	11129222	0.00912804601687064
36111	107296	92242	8	11725308	0.00912804601687064
36111	112078	105043	9	12417788	0.00912804601687064
36111	115717	111984	10	12987792	0.00912804601687064
36111	118018	115389	11	13341839	0.00912804601687064
36111	123052	116978	12	13992754	0.00912804601687064
36111	125879	117701	13	14430732	0.00912804601687064
36111	127572	118028	14	14697207	0.00912804601687064
36111	128360	118174	15	14823669	0.00912804601687064
36111	129654	118239	16	14961860	0.00912804601687064
36111	130532	118268	17	15063972	0.00912804601687064
36113	0	497	0	1024	0.00328700745328837
36113	1569	1131	1	361322	0.00328700745328837
36113	6115	2528	2	1546966	0.00328700745328837
36113	15291	5427	3	3530655	0.00328700745328837
36113	29090	10765	4	6909007	0.00328700745328837
36113	36146	18735	5	9187992	0.00328700745328837
36113	40209	27562	6	10549088	0.00328700745328837
36113	41484	34615	7	11129222	0.00328700745328837
36113	42617	38922	8	11725308	0.00328700745328837
36113	44028	41137	9	12417788	0.00328700745328837
36113	45033	42174	10	12987792	0.00328700745328837
36113	45697	42640	11	13341839	0.00328700745328837
36113	47507	42844	12	13992754	0.00328700745328837
36113	48570	42933	13	14430732	0.00328700745328837
36113	49025	42972	14	14697207	0.00328700745328837
36113	49192	42988	15	14823669	0.00328700745328837
36113	49591	42996	16	14961860	0.00328700745328837
36113	49837	42999	17	15063972	0.00328700745328837
36115	0	362	0	1024	0.00314615920447675
36115	946	747	1	361322	0.00314615920447675
36115	3916	1523	2	1546966	0.00314615920447675
36115	10006	3036	3	3530655	0.00314615920447675
36115	20741	5802	4	6909007	0.00314615920447675
36115	27244	10310	5	9187992	0.00314615920447675
36115	31458	16440	6	10549088	0.00314615920447675
36115	32803	23003	7	11129222	0.00314615920447675
36115	33994	28453	8	11725308	0.00314615920447675
36115	35367	32103	9	12417788	0.00314615920447675
36115	36577	34209	10	12987792	0.00314615920447675
36115	37321	35321	11	13341839	0.00314615920447675
36115	38791	35881	12	13992754	0.00314615920447675
36115	39850	36155	13	14430732	0.00314615920447675
36115	40317	36289	14	14697207	0.00314615920447675
36115	40508	36353	15	14823669	0.00314615920447675
36115	40956	36384	16	14961860	0.00314615920447675
36115	41231	36399	17	15063972	0.00314615920447675
36117	0	546	0	1024	0.00462218716665807
36117	1515	1127	1	361322	0.00462218716665807
36117	6014	2301	2	1546966	0.00462218716665807
36117	14272	4585	3	3530655	0.00462218716665807
36117	31141	8733	4	6909007	0.00462218716665807
36117	38096	15400	5	9187992	0.00462218716665807
36117	44003	24265	6	10549088	0.00462218716665807
36117	45557	33489	7	11129222	0.00462218716665807
36117	47274	40935	8	11725308	0.00462218716665807
36117	49163	45809	9	12417788	0.00462218716665807
36117	50845	48576	10	12987792	0.00462218716665807
36117	51802	50022	11	13341839	0.00462218716665807
36117	53738	50744	12	13992754	0.00462218716665807
36117	54990	51098	13	14430732	0.00462218716665807
36117	55880	51268	14	14697207	0.00462218716665807
36117	56177	51351	15	14823669	0.00462218716665807
36117	56440	51390	16	14961860	0.00462218716665807
36117	56661	51409	17	15063972	0.00462218716665807
36119	0	7278	0	1024	0.049734133509027
36119	21296	14301	1	361322	0.049734133509027
36119	89559	27829	2	1546966	0.049734133509027
36119	196265	53150	3	3530655	0.049734133509027
36119	378098	98118	4	6909007	0.049734133509027
36119	499961	170982	5	9187992	0.049734133509027
36119	572214	273155	6	10549088	0.049734133509027
36119	598801	390770	7	11129222	0.049734133509027
36119	628160	498989	8	11725308	0.049734133509027
36119	658097	579876	9	12417788	0.049734133509027
36119	681121	631432	10	12987792	0.049734133509027
36119	695843	661034	11	13341839	0.049734133509027
36119	733814	677021	12	13992754	0.049734133509027
36119	754940	685369	13	14430732	0.049734133509027
36119	768324	689653	14	14697207	0.049734133509027
36119	775038	691831	15	14823669	0.049734133509027
36119	788476	692933	16	14961860	0.049734133509027
36119	796996	693490	17	15063972	0.049734133509027
36121	0	441	0	1024	0.0020489307844461
36121	816	888	1	361322	0.0020489307844461
36121	2722	1746	2	1546966	0.0020489307844461
36121	5636	3283	3	3530655	0.0020489307844461
36121	11345	5728	4	6909007	0.0020489307844461
36121	14279	8968	5	9187992	0.0020489307844461
36121	16010	12355	6	10549088	0.0020489307844461
36121	16579	15126	7	11129222	0.0020489307844461
36121	17111	16972	8	11725308	0.0020489307844461
36121	17820	18039	9	12417788	0.0020489307844461
36121	18449	18606	10	12987792	0.0020489307844461
36121	18897	18894	11	13341839	0.0020489307844461
36121	19639	19037	12	13992754	0.0020489307844461
36121	20061	19107	13	14430732	0.0020489307844461
36121	20352	19141	14	14697207	0.0020489307844461
36121	20453	19158	15	14823669	0.0020489307844461
36121	20542	19166	16	14961860	0.0020489307844461
36121	20615	19170	17	15063972	0.0020489307844461
36123	0	141	0	1024	0.00128063957030798
36123	374	299	1	361322	0.00128063957030798
36123	1768	625	2	1546966	0.00128063957030798
36123	4675	1270	3	3530655	0.00128063957030798
36123	8256	2453	4	6909007	0.00128063957030798
36123	9597	4338	5	9187992	0.00128063957030798
36123	10592	6761	6	10549088	0.00128063957030798
36123	10906	9142	7	11129222	0.00128063957030798
36123	11228	10938	8	11725308	0.00128063957030798
36123	11578	12042	9	12417788	0.00128063957030798
36123	11876	12637	10	12987792	0.00128063957030798
36123	12147	12936	11	13341839	0.00128063957030798
36123	12654	13079	12	13992754	0.00128063957030798
36123	12933	13148	13	14430732	0.00128063957030798
36123	13070	13180	14	14697207	0.00128063957030798
36123	13147	13195	15	14823669	0.00128063957030798
36123	13250	13202	16	14961860	0.00128063957030798
36123	13319	13205	17	15063972	0.00128063957030798
