1584	7
OH	39001	0	3.69908823557915	0	22	0.0023695579642573
OH	39001	0.5	5.46383652081211	1	2129	0.0023695579642573
OH	39001	3.8	7.87189331936975	2	5866	0.0023695579642573
OH	39001	9.7	10.9727725820073	3	15336	0.0023695579642573
OH	39001	14.8	14.6809358375201	4	44940	0.0023695579642573
OH	39001	18.3	18.7422148722335	5	55848	0.0023695579642573
OH	39001	20.6	22.783607304719	6	63828	0.0023695579642573
OH	39001	21.4	26.439200676964	7	66732	0.0023695579642573
OH	39001	23.1	29.4712277284586	8	69943	0.0023695579642573
OH	39001	29.4	31.8103483883416	9	76794	0.0023695579642573
OH	39001	30.7	33.5160649595867	10	81800	0.0023695579642573
OH	39001	32	34.7094643264874	11	85675	0.0023695579642573
OH	39001	33.3	35.5204452325385	12	87011	0.0023695579642573
OH	39001	34.1	36.0606971099433	13	95658	0.0023695579642573
OH	39001	34.5	36.4158437494421	14	96924	0.0023695579642573
OH	39001	34.8	36.6472710987783	15	97969	0.0023695579642573
OH	39001	35	36.7972184311093	16	99567	0.0023695579642573
OH	39001	35.6	36.8940133258503	17	101269	0.0023695579642573
OH	39003	0	1.6250328640396	0	22	0.00875610611595418
OH	39003	0.9	2.64942400451892	1	2129	0.00875610611595418
OH	39003	5.2	4.25753492965177	2	5866	0.00875610611595418
OH	39003	13.9	6.69086409548545	3	15336	0.00875610611595418
OH	39003	23.1	10.1754403402738	4	44940	0.00875610611595418
OH	39003	25.6	14.7909235081371	5	55848	0.00875610611595418
OH	39003	27.9	20.3110748246067	6	63828	0.00875610611595418
OH	39003	29.1	26.1612400976187	7	66732	0.00875610611595418
OH	39003	30.4	31.617831394862	8	69943	0.00875610611595418
OH	39003	37.3	36.1335616118077	9	76794	0.00875610611595418
OH	39003	38.7	39.5150896924414	10	81800	0.00875610611595418
OH	39003	39.8	41.8624570406085	11	85675	0.00875610611595418
OH	39003	41.2	43.4074867907499	12	87011	0.00875610611595418
OH	39003	42.4	44.389105072576	13	95658	0.00875610611595418
OH	39003	43.1	44.9988291248374	14	96924	0.00875610611595418
OH	39003	43.4	45.3722524095774	15	97969	0.00875610611595418
OH	39003	43.7	45.5989826517991	16	99567	0.00875610611595418
OH	39003	44.3	45.7359227628513	17	101269	0.00875610611595418
OH	39005	0	1.09585313295301	0	22	0.00457554473826043
OH	39005	0.7	1.89528782742115	1	2129	0.00457554473826043
OH	39005	4.1	3.23463894862172	2	5866	0.00457554473826043
OH	39005	10.7	5.40100504664499	3	15336	0.00457554473826043
OH	39005	17.8	8.71327168345251	4	44940	0.00457554473826043
OH	39005	23.7	13.3657118478722	5	55848	0.00457554473826043
OH	39005	26.3	19.1778792776362	6	63828	0.00457554473826043
OH	39005	27.6	25.4626150256544	7	66732	0.00457554473826043
OH	39005	29	31.2810429888544	8	69943	0.00457554473826043
OH	39005	36.5	35.9428360995067	9	76794	0.00457554473826043
OH	39005	38.3	39.264116942546	10	81800	0.00457554473826043
OH	39005	40	41.4374393804423	11	85675	0.00457554473826043
OH	39005	41.4	42.7815111055064	12	87011	0.00457554473826043
OH	39005	42.3	43.5839163947723	13	95658	0.00457554473826043
OH	39005	42.9	44.0528918139958	14	96924	0.00457554473826043
OH	39005	43.1	44.3235971533809	15	97969	0.00457554473826043
OH	39005	43.3	44.4787332302073	16	99567	0.00457554473826043
OH	39005	43.8	44.56727166681	17	101269	0.00457554473826043
OH	39007	0	2.72333834291652	0	22	0.00831894671103849
OH	39007	0.9	4.29870002480742	1	2129	0.00831894671103849
OH	39007	5.3	6.65864985648139	2	5866	0.00831894671103849
OH	39007	12.4	10.0335176588673	3	15336	0.00831894671103849
OH	39007	21.7	14.55258250217	4	44940	0.00831894671103849
OH	39007	27.7	20.0989146653111	5	55848	0.00831894671103849
OH	39007	31.2	26.2219856853373	6	63828	0.00831894671103849
OH	39007	32.8	32.2395983230553	7	66732	0.00831894671103849
OH	39007	34.3	37.5142365825322	8	69943	0.00831894671103849
OH	39007	45.4	41.6936024857295	9	76794	0.00831894671103849
OH	39007	46.7	44.7480020347747	10	81800	0.00831894671103849
OH	39007	48	46.8508699788467	11	85675	0.00831894671103849
OH	39007	49.8	48.2398046117073	12	87011	0.00831894671103849
OH	39007	51.2	49.1322229305365	13	95658	0.00831894671103849
OH	39007	52	49.6954945487143	14	96924	0.00831894671103849
OH	39007	52.5	50.0470288191603	15	97969	0.00831894671103849
OH	39007	52.9	50.2648766247134	16	99567	0.00831894671103849
OH	39007	53.4	50.3992883667516	17	101269	0.00831894671103849
OH	39009	0	1.1641419958501	0	22	0.00558871085027932
OH	39009	0.6	2.08747635368388	1	2129	0.00558871085027932
OH	39009	5.9	3.69400120049712	2	5866	0.00558871085027932
OH	39009	12.6	6.39090675929653	3	15336	0.00558871085027932
OH	39009	26	10.6571753309945	4	44940	0.00558871085027932
OH	39009	30	16.8103633536569	5	55848	0.00558871085027932
OH	39009	32.8	24.5977262589407	6	63828	0.00558871085027932
OH	39009	34	32.9732621381909	7	66732	0.00558871085027932
OH	39009	35.4	40.5427868750047	8	69943	0.00558871085027932
OH	39009	44.7	46.3810651332904	9	76794	0.00558871085027932
OH	39009	46.4	50.3572897993066	10	81800	0.00558871085027932
OH	39009	47.4	52.8412261228387	11	85675	0.00558871085027932
OH	39009	49.7	54.3101402544876	12	87011	0.00558871085027932
OH	39009	50.5	55.1507851830105	13	95658	0.00558871085027932
OH	39009	51	55.6228726403129	14	96924	0.00558871085027932
OH	39009	51.2	55.8851765502048	15	97969	0.00558871085027932
OH	39009	51.4	56.0300570011653	16	99567	0.00558871085027932
OH	39009	52	56.1098177816407	17	101269	0.00558871085027932
OH	39011	0	1.88795340752644	0	22	0.00390586101581816
OH	39011	0.6	3.49166307429148	1	2129	0.00390586101581816
OH	39011	3.9	6.2403177285743	2	5866	0.00390586101581816
OH	39011	13.9	10.5445365894349	3	15336	0.00390586101581816
OH	39011	23.4	16.4157396219951	4	44940	0.00390586101581816
OH	39011	26.1	23.0791899105223	5	55848	0.00390586101581816
OH	39011	28.1	29.2320489355449	6	63828	0.00390586101581816
OH	39011	28.9	33.9213552090969	7	66732	0.00390586101581816
OH	39011	30	36.9989987208209	8	69943	0.00390586101581816
OH	39011	34.7	38.8255935457339	9	76794	0.00390586101581816
OH	39011	35.8	39.8456209777805	10	81800	0.00390586101581816
OH	39011	36.7	40.3959347868037	11	85675	0.00390586101581816
OH	39011	37.8	40.6873202616336	12	87011	0.00390586101581816
OH	39011	38.7	40.8400753803196	13	95658	0.00390586101581816
OH	39011	39.1	40.9197368872449	14	96924	0.00390586101581816
OH	39011	39.4	40.9611667315724	15	97969	0.00390586101581816
OH	39011	39.5	40.9826826481813	16	99567	0.00390586101581816
OH	39011	39.9	40.9938483293919	17	101269	0.00390586101581816
OH	39013	0	0.777014699437014	0	22	0.0057323489404659
OH	39013	1.2	1.28975231600874	1	2129	0.0057323489404659
OH	39013	4.1	2.1258443794264	2	5866	0.0057323489404659
OH	39013	10	3.46438030411841	3	15336	0.0057323489404659
OH	39013	19.9	5.54549155359671	4	44940	0.0057323489404659
OH	39013	23.2	8.6383186596061	5	55848	0.0057323489404659
OH	39013	25.8	12.939530009931	6	63828	0.0057323489404659
OH	39013	26.7	18.4001081174611	7	66732	0.0057323489404659
OH	39013	28	24.5833811202504	8	69943	0.0057323489404659
OH	39013	40.4	30.7402894186652	9	76794	0.0057323489404659
OH	39013	42	36.1340899050249	10	81800	0.0057323489404659
OH	39013	42.8	40.3542930390826	11	85675	0.0057323489404659
OH	39013	46.3	43.3735336675133	12	87011	0.0057323489404659
OH	39013	47.1	45.3979552672853	13	95658	0.0057323489404659
OH	39013	47.6	46.6969929764267	14	96924	0.0057323489404659
OH	39013	47.9	47.5072105956369	15	97969	0.0057323489404659
OH	39013	48.2	48.0036239763438	16	99567	0.0057323489404659
OH	39013	48.9	48.3044586239723	17	101269	0.0057323489404659
OH	39015	0	0.868373122655597	0	22	0.00371559829242628
OH	39015	0.5	1.47055039225329	1	2129	0.00371559829242628
OH	39015	3.5	2.46591266770718	2	5866	0.00371559829242628
OH	39015	9.9	4.0691052134757	3	15336	0.00371559829242628
OH	39015	17.1	6.54656833770893	4	44940	0.00371559829242628
OH	39015	22.7	10.1402863795066	5	55848	0.00371559829242628
OH	39015	25.2	14.9019529642154	6	63828	0.00371559829242628
OH	39015	26.4	20.507304284675	7	66732	0.00371559829242628
OH	39015	28	26.2560744242928	8	69943	0.00371559829242628
OH	39015	35.1	31.3757999118348	9	76794	0.00371559829242628
OH	39015	36.6	35.3929613218585	10	81800	0.00371559829242628
OH	39015	37.6	38.2430792413062	11	85675	0.00371559829242628
OH	39015	38.8	40.1238416460465	12	87011	0.00371559829242628
OH	39015	39.9	41.3062916545245	13	95658	0.00371559829242628
OH	39015	40.5	42.0272273351438	14	96924	0.00371559829242628
OH	39015	40.9	42.4585787888603	15	97969	0.00371559829242628
OH	39015	41.1	42.7137630356884	16	99567	0.00371559829242628
OH	39015	41.7	42.8637190045092	17	101269	0.00371559829242628
OH	39017	0	0.648073291358764	0	22	0.0327770315935359
OH	39017	0.7	1.15026917631272	1	2129	0.0327770315935359
OH	39017	5.1	2.02703897811971	2	5866	0.0327770315935359
OH	39017	11.3	3.52811862843819	3	15336	0.0327770315935359
OH	39017	24.4	6.01399139936036	4	44940	0.0327770315935359
OH	39017	31.1	9.91242422905705	5	55848	0.0327770315935359
OH	39017	35.2	15.5325182814436	6	63828	0.0327770315935359
OH	39017	36.8	22.7241104684418	7	66732	0.0327770315935359
OH	39017	39	30.6436056864307	8	69943	0.0327770315935359
OH	39017	48.5	38.0443464978498	9	76794	0.0327770315935359
OH	39017	50.3	43.9720504258963	10	81800	0.0327770315935359
OH	39017	51.6	48.1605900842088	11	85675	0.0327770315935359
OH	39017	53.7	50.8650453857048	12	87011	0.0327770315935359
OH	39017	55.4	52.5109800409672	13	95658	0.0327770315935359
OH	39017	56.2	53.4768834514611	14	96924	0.0327770315935359
OH	39017	56.6	54.0316448333886	15	97969	0.0327770315935359
OH	39017	56.9	54.3463362231562	16	99567	0.0327770315935359
OH	39017	57.5	54.5235900305571	17	101269	0.0327770315935359
OH	39019	0	1.25095375011712	0	22	0.00230248693227023
OH	39019	0.7	2.18003979097729	1	2129	0.00230248693227023
OH	39019	4.2	3.74093421130247	2	5866	0.00230248693227023
OH	39019	12.7	6.25827997968551	3	15336	0.00230248693227023
OH	39019	21.7	10.0622442936316	4	44940	0.00230248693227023
OH	39019	25.6	15.2799969699256	5	55848	0.00230248693227023
OH	39019	28	21.5611490787038	6	63828	0.00230248693227023
OH	39019	29.3	28.0356335421092	7	66732	0.00230248693227023
OH	39019	30.7	33.7250018406568	8	69943	0.00230248693227023
OH	39019	38.3	38.0646474110611	9	76794	0.00230248693227023
OH	39019	39.8	41.0307819683893	10	81800	0.00230248693227023
OH	39019	40.7	42.9092270594815	11	85675	0.00230248693227023
OH	39019	41.9	44.0419776542809	12	87011	0.00230248693227023
OH	39019	42.9	44.7049849947057	13	95658	0.00230248693227023
OH	39019	43.6	45.086292031494	14	96924	0.00230248693227023
OH	39019	43.9	45.303376229452	15	97969	0.00230248693227023
OH	39019	44.1	45.4262528848564	16	99567	0.00230248693227023
OH	39019	44.4	45.4955773886448	17	101269	0.00230248693227023
OH	39021	0	1.14633456003617	0	22	0.00332660341685844
OH	39021	0.7	1.98998673208482	1	2129	0.00332660341685844
OH	39021	5.7	3.40742090475667	2	5866	0.00332660341685844
OH	39021	12.5	5.70378667455067	3	15336	0.00332660341685844
OH	39021	23.2	9.2134131766209	4	44940	0.00332660341685844
OH	39021	26.6	14.1265491519539	5	55848	0.00332660341685844
OH	39021	29.2	20.2216299496924	6	63828	0.00332660341685844
OH	39021	30.3	26.7437891237685	7	66732	0.00332660341685844
OH	39021	31.5	32.7063426297493	8	69943	0.00332660341685844
OH	39021	39	37.4222382218249	9	76794	0.00332660341685844
OH	39021	40.6	40.7427715232912	10	81800	0.00332660341685844
OH	39021	42.1	42.8940686429076	11	85675	0.00332660341685844
OH	39021	43.5	44.2136346449917	12	87011	0.00332660341685844
OH	39021	44.7	44.9960426170595	13	95658	0.00332660341685844
OH	39021	45.3	45.4506560639461	14	96924	0.00332660341685844
OH	39021	45.6	45.7117041071474	15	97969	0.00332660341685844
OH	39021	45.8	45.8605870579224	16	99567	0.00332660341685844
OH	39021	46.2	45.9451699421608	17	101269	0.00332660341685844
OH	39023	0	1.42046487763609	0	22	0.0114707719157164
OH	39023	0.9	2.34465078437731	1	2129	0.0114707719157164
OH	39023	6.1	3.82508303448103	2	5866	0.0114707719157164
OH	39023	15.3	6.12604449982403	3	15336	0.0114707719157164
OH	39023	26.1	9.53972856116229	4	44940	0.0114707719157164
OH	39023	29.9	14.2699986314764	5	55848	0.0114707719157164
OH	39023	32.8	20.2400940820458	6	63828	0.0114707719157164
OH	39023	34	26.9462676772189	7	66732	0.0114707719157164
OH	39023	35.5	33.5610704031698	8	69943	0.0114707719157164
OH	39023	45.4	39.2999807945573	9	76794	0.0114707719157164
OH	39023	46.7	43.7503267063791	10	81800	0.0114707719157164
OH	39023	47.6	46.9103394539436	11	85675	0.0114707719157164
OH	39023	49.2	49.0163844015178	12	87011	0.0114707719157164
OH	39023	51.7	50.3613629689222	13	95658	0.0114707719157164
OH	39023	52.3	51.1970386425138	14	96924	0.0114707719157164
OH	39023	52.7	51.7074403907153	15	97969	0.0114707719157164
OH	39023	53	52.0159171151641	16	99567	0.0114707719157164
OH	39023	53.5	52.2011714753933	17	101269	0.0114707719157164
OH	39025	0	1.12463831408155	0	22	0.0176598711620227
OH	39025	1	2.03983379255758	1	2129	0.0176598711620227
OH	39025	4.6	3.64815823817262	2	5866	0.0176598711620227
OH	39025	13.1	6.3684078225441	3	15336	0.0176598711620227
OH	39025	26.3	10.6844596823836	4	44940	0.0176598711620227
OH	39025	33.3	16.883337898578	5	55848	0.0176598711620227
OH	39025	37.2	24.6224414498302	6	63828	0.0176598711620227
OH	39025	38.7	32.7570369088536	7	66732	0.0176598711620227
OH	39025	40.5	39.8979637265118	8	69943	0.0176598711620227
OH	39025	49.5	45.2409030494587	9	76794	0.0176598711620227
OH	39025	51	48.7798053982401	10	81800	0.0176598711620227
OH	39025	52.2	50.9384546608285	11	85675	0.0176598711620227
OH	39025	54.2	52.1896508605074	12	87011	0.0176598711620227
OH	39025	55.6	52.893502262293	13	95658	0.0176598711620227
OH	39025	56.3	53.282800678959	14	96924	0.0176598711620227
OH	39025	56.6	53.4961059010195	15	97969	0.0176598711620227
OH	39025	56.9	53.6123788066663	16	99567	0.0176598711620227
OH	39025	57.5	53.6755809947959	17	101269	0.0176598711620227
OH	39027	0	1.21463650162168	0	22	0.00359035340616472
OH	39027	0.4	2.05350980116971	1	2129	0.00359035340616472
OH	39027	3.7	3.42835057109387	2	5866	0.00359035340616472
OH	39027	11.1	5.608772828539	3	15336	0.00359035340616472
OH	39027	20.3	8.89285154360369	4	44940	0.00359035340616472
OH	39027	25.3	13.4737605779092	5	55848	0.00359035340616472
OH	39027	27.9	19.2237277818908	6	63828	0.00359035340616472
OH	39027	29.1	25.5565229685187	7	66732	0.00359035340616472
OH	39027	30.7	31.6012936539769	8	69943	0.00359035340616472
OH	39027	40.8	36.632360692656	9	76794	0.00359035340616472
OH	39027	42.2	40.3636867776702	10	81800	0.00359035340616472
OH	39027	43.1	42.9010544244237	11	85675	0.00359035340616472
OH	39027	44.7	44.5263284327918	12	87011	0.00359035340616472
OH	39027	47.9	45.5278325359078	13	95658	0.00359035340616472
OH	39027	48.5	46.1303079592321	14	96924	0.00359035340616472
OH	39027	48.8	46.4875115315695	15	97969	0.00359035340616472
OH	39027	49.1	46.6974731709088	16	99567	0.00359035340616472
OH	39027	49.7	46.8202608013707	17	101269	0.00359035340616472
OH	39029	0	1.13978866096569	0	22	0.00871606881624762
OH	39029	1.3	2.01061025379145	1	2129	0.00871606881624762
OH	39029	5.5	3.49679690819877	2	5866	0.00871606881624762
OH	39029	14.6	5.93876223140272	3	15336	0.00871606881624762
OH	39029	24.8	9.71145551234189	4	44940	0.00871606881624762
OH	39029	29.2	15.0190193811688	5	55848	0.00871606881624762
OH	39029	32.2	21.5798194030135	6	63828	0.00871606881624762
OH	39029	33.5	28.5071752824964	7	66732	0.00871606881624762
OH	39029	35.1	34.7044882475719	8	69943	0.00871606881624762
OH	39029	42.8	39.4788062819953	9	76794	0.00871606881624762
OH	39029	44.3	42.7504375929788	10	81800	0.00871606881624762
OH	39029	45.3	44.8164647667128	11	85675	0.00871606881624762
OH	39029	46.8	46.0545955693276	12	87011	0.00871606881624762
OH	39029	48	46.7734255816208	13	95658	0.00871606881624762
OH	39029	48.6	47.1830989955582	14	96924	0.00871606881624762
OH	39029	49	47.4141162156673	15	97969	0.00871606881624762
OH	39029	49.3	47.5436097649775	16	99567	0.00871606881624762
OH	39029	49.9	47.6159518523388	17	101269	0.00871606881624762
OH	39031	0	2.39500899133698	0	22	0.003131122156539
OH	39031	0.8	3.78440043162038	1	2129	0.003131122156539
OH	39031	6.9	5.86147055679468	2	5866	0.003131122156539
OH	39031	14.2	8.81768318003937	3	15336	0.003131122156539
OH	39031	18.6	12.7436942946351	4	44940	0.003131122156539
OH	39031	20.9	17.5044004302414	5	55848	0.003131122156539
OH	39031	22.7	22.67977630859	6	63828	0.003131122156539
OH	39031	23.8	27.6785727251923	7	66732	0.003131122156539
OH	39031	25	31.9848054517535	8	69943	0.003131122156539
OH	39031	33.7	35.3436705075822	9	76794	0.003131122156539
OH	39031	35.1	37.7662605536876	10	81800	0.003131122156539
OH	39031	36	39.4166049941591	11	85675	0.003131122156539
OH	39031	37.1	40.4976084625046	12	87011	0.003131122156539
OH	39031	38	41.1875962754193	13	95658	0.003131122156539
OH	39031	38.4	41.6207570471798	14	96924	0.003131122156539
OH	39031	38.7	41.8898601360098	15	97969	0.003131122156539
OH	39031	38.8	42.055957727695	16	99567	0.003131122156539
OH	39031	39.2	42.1580663010571	17	101269	0.003131122156539
OH	39033	0	1.20143744960563	0	22	0.00354980280774397
OH	39033	0.7	2.15155972714548	1	2129	0.00354980280774397
OH	39033	6.5	3.78786107703797	2	5866	0.00354980280774397
OH	39033	15.9	6.47977022240897	3	15336	0.00354980280774397
OH	39033	25.2	10.5913478963362	4	44940	0.00354980280774397
OH	39033	28.6	16.2098153855052	5	55848	0.00354980280774397
OH	39033	31.2	22.8234209284698	6	63828	0.00354980280774397
OH	39033	32.5	29.368849032334	7	66732	0.00354980280774397
OH	39033	33.9	34.8242994888956	8	69943	0.00354980280774397
OH	39033	39.5	38.7569383001108	9	76794	0.00354980280774397
OH	39033	41	41.3049078875331	10	81800	0.00354980280774397
OH	39033	41.8	42.8434894501625	11	85675	0.00354980280774397
OH	39033	43.1	43.733351188261	12	87011	0.00354980280774397
OH	39033	44.2	44.2352277054432	13	95658	0.00354980280774397
OH	39033	44.7	44.5142727474208	14	96924	0.00354980280774397
OH	39033	45	44.6681928470579	15	97969	0.00354980280774397
OH	39033	45.2	44.7527219809033	16	99567	0.00354980280774397
OH	39033	45.7	44.799031211864	17	101269	0.00354980280774397
OH	39035	0	0.704922796311682	0	22	0.105660144921337
OH	39035	1.3	1.27848259493706	1	2129	0.105660144921337
OH	39035	6	2.30202526701617	2	5866	0.105660144921337
OH	39035	13.6	4.09242922848713	3	15336	0.105660144921337
OH	39035	30.8	7.11739823442464	4	44940	0.105660144921337
OH	39035	37.6	11.9403986074708	5	55848	0.105660144921337
OH	39035	41.7	18.9620698113001	6	63828	0.105660144921337
OH	39035	43.6	27.9409309551715	7	66732	0.105660144921337
OH	39035	45.5	37.6947623097383	8	69943	0.105660144921337
OH	39035	56	46.580594724504	9	76794	0.105660144921337
OH	39035	57.6	53.4682571974435	10	81800	0.105660144921337
OH	39035	58.8	58.1684189715913	11	85675	0.105660144921337
OH	39035	61.3	61.1036525580348	12	87011	0.105660144921337
OH	39035	62.9	62.8363596138871	13	95658	0.105660144921337
OH	39035	64	63.8253912347724	14	96924	0.105660144921337
OH	39035	64.6	64.379127498377	15	97969	0.105660144921337
OH	39035	65.1	64.685801643956	16	99567	0.105660144921337
OH	39035	65.7	64.8546246957969	17	101269	0.105660144921337
OH	39037	0	1.87717144677493	0	22	0.00437270619637098
OH	39037	0.8	3.16485159526228	1	2129	0.00437270619637098
OH	39037	4.8	5.22068659475937	2	5866	0.00437270619637098
OH	39037	10.8	8.32511579920915	3	15336	0.00437270619637098
OH	39037	18.1	12.6398286187222	4	44940	0.00437270619637098
OH	39037	20.4	17.9931862834008	5	55848	0.00437270619637098
OH	39037	22.6	23.77320741295	6	63828	0.00437270619637098
OH	39037	23.8	29.1483789558701	7	66732	0.00437270619637098
OH	39037	25	33.4960274598158	8	69943	0.00437270619637098
OH	39037	34	36.6326710707638	9	76794	0.00437270619637098
OH	39037	35.5	38.7137759973689	10	81800	0.00437270619637098
OH	39037	36.4	40.018885502135	11	85675	0.00437270619637098
OH	39037	37.4	40.8086363009266	12	87011	0.00437270619637098
OH	39037	38.5	41.2762441895464	13	95658	0.00437270619637098
OH	39037	39	41.5495523936441	14	96924	0.00437270619637098
OH	39037	39.2	41.7080889272522	15	97969	0.00437270619637098
OH	39037	39.5	41.7996460602691	16	99567	0.00437270619637098
OH	39037	39.9	41.8523871015	17	101269	0.00437270619637098
OH	39039	0	1.48459692751399	0	22	0.00325833468787161
OH	39039	0.5	2.6898940983177	1	2129	0.00325833468787161
OH	39039	4.4	4.77666411523195	2	5866	0.00325833468787161
OH	39039	15.5	8.19956770518207	3	15336	0.00325833468787161
OH	39039	25.5	13.3455973833499	4	44940	0.00325833468787161
OH	39039	28.7	20.150725879069	5	55848	0.00325833468787161
OH	39039	31.2	27.7706019852393	6	63828	0.00325833468787161
OH	39039	32.7	34.8649105674893	7	66732	0.00325833468787161
OH	39039	34.2	40.4213991727601	8	69943	0.00325833468787161
OH	39039	43.3	44.2130339204737	9	76794	0.00325833468787161
OH	39039	44.6	46.5633351994184	10	81800	0.00325833468787161
OH	39039	45.5	47.9344872264578	11	85675	0.00325833468787161
OH	39039	47	48.7062621015454	12	87011	0.00325833468787161
OH	39039	48.1	49.131929782467	13	95658	0.00325833468787161
OH	39039	48.6	49.3640757749106	14	96924	0.00325833468787161
OH	39039	48.9	49.4899040620888	15	97969	0.00325833468787161
OH	39039	49.2	49.5578782900997	16	99567	0.00325833468787161
OH	39039	49.5	49.5945326617405	17	101269	0.00325833468787161
OH	39041	0	0.872655295950556	0	22	0.017895047522906
OH	39041	1.1	1.6239293779561	1	2129	0.017895047522906
OH	39041	6.5	2.99246102161698	2	5866	0.017895047522906
OH	39041	15.6	5.41788990002159	3	15336	0.017895047522906
OH	39041	34.8	9.51436822364247	4	44940	0.017895047522906
OH	39041	43.4	15.9010911761688	5	55848	0.017895047522906
OH	39041	48.2	24.7137650711734	6	63828	0.017895047522906
OH	39041	50	35.0256359076983	7	66732	0.017895047522906
OH	39041	52	44.9998970486748	8	69943	0.017895047522906
OH	39041	64.7	53.0205472320367	9	76794	0.017895047522906
OH	39041	66.1	58.5656794355105	10	81800	0.017895047522906
OH	39041	67.4	62.010810683411	11	85675	0.017895047522906
OH	39041	71.5	64.0110796722856	12	87011	0.017895047522906
OH	39041	73.7	65.1270510876665	13	95658	0.017895047522906
OH	39041	74.5	65.7358457510754	14	96924	0.017895047522906
OH	39041	74.9	66.0638989581627	15	97969	0.017895047522906
OH	39041	75.2	66.2395010759686	16	99567	0.017895047522906
OH	39041	75.7	66.3331638300372	17	101269	0.017895047522906
OH	39043	0	0.774288512343268	0	22	0.00635344038463184
OH	39043	1.3	1.39468875327169	1	2129	0.00635344038463184
OH	39043	5.5	2.4903708996136	2	5866	0.00635344038463184
OH	39043	12.7	4.37966515934803	3	15336	0.00635344038463184
OH	39043	24.3	7.50674100180549	4	44940	0.00635344038463184
OH	39043	30.1	12.3477656659534	5	55848	0.00635344038463184
OH	39043	33.7	19.1174214803079	6	63828	0.00635344038463184
OH	39043	35.4	27.3513851152802	7	66732	0.00635344038463184
OH	39043	37.3	35.823684429426	8	69943	0.00635344038463184
OH	39043	52.6	43.1656360985216	9	76794	0.00635344038463184
OH	39043	54.1	48.6393265596801	10	81800	0.00635344038463184
OH	39043	55.1	52.2795256596219	11	85675	0.00635344038463184
OH	39043	56.7	54.5200261886383	12	87011	0.00635344038463184
OH	39043	58	55.8339282894727	13	95658	0.00635344038463184
OH	39043	58.7	56.5826870721168	14	96924	0.00635344038463184
OH	39043	59	57.002435002478	15	97969	0.00635344038463184
OH	39043	59.3	57.2355780554466	16	99567	0.00635344038463184
OH	39043	59.8	57.3644098366725	17	101269	0.00635344038463184
OH	39045	0	0.94806940673291	0	22	0.0134804219315431
OH	39045	1	1.70840804628631	1	2129	0.0134804219315431
OH	39045	5	3.04475230633104	2	5866	0.0134804219315431
OH	39045	12.3	5.3237497008556	3	15336	0.0134804219315431
OH	39045	25.1	9.01764311250206	4	44940	0.0134804219315431
OH	39045	31.9	14.5380757318307	5	55848	0.0134804219315431
OH	39045	35.7	21.8626484998158	6	63828	0.0134804219315431
OH	39045	37.2	30.1855279125509	7	66732	0.0134804219315431
OH	39045	39.1	38.1293541215549	8	69943	0.0134804219315431
OH	39045	49.2	44.5448100460348	9	76794	0.0134804219315431
OH	39045	51	49.0625089860687	10	81800	0.0134804219315431
OH	39045	52.1	51.9456706032803	11	85675	0.0134804219315431
OH	39045	54.4	53.6717650996022	12	87011	0.0134804219315431
OH	39045	56.1	54.6658670059134	13	95658	0.0134804219315431
OH	39045	56.9	55.2256573175568	14	96924	0.0134804219315431
OH	39045	57.3	55.5368935697289	15	97969	0.0134804219315431
OH	39045	57.6	55.708712837145	16	99567	0.0134804219315431
OH	39045	58.3	55.8031947762437	17	101269	0.0134804219315431
OH	39047	0	2.54849971357608	0	22	0.00244030763702937
OH	39047	0.6	4.1952773821447	1	2129	0.00244030763702937
OH	39047	4.7	6.73176586834728	2	5866	0.00244030763702937
OH	39047	12.9	10.3974177770004	3	15336	0.00244030763702937
OH	39047	20.8	15.2348340236093	4	44940	0.00244030763702937
OH	39047	25	20.9067179957544	5	55848	0.00244030763702937
OH	39047	27.9	26.7039150230625	6	63828	0.00244030763702937
OH	39047	29.3	31.8544992654756	7	66732	0.00244030763702937
OH	39047	30.9	35.8911632972991	8	69943	0.00244030763702937
OH	39047	37.6	38.7548919537507	9	76794	0.00244030763702937
OH	39047	39	40.6459968649359	10	81800	0.00244030763702937
OH	39047	40	41.8364080388406	11	85675	0.00244030763702937
OH	39047	41.4	42.5632968570334	12	87011	0.00244030763702937
OH	39047	42.4	42.9989338970868	13	95658	0.00244030763702937
OH	39047	43.1	43.2571007371329	14	96924	0.00244030763702937
OH	39047	43.4	43.4090773772984	15	97969	0.00244030763702937
OH	39047	43.6	43.4981910083157	16	99567	0.00244030763702937
OH	39047	44.1	43.5503234999684	17	101269	0.00244030763702937
OH	39049	0	0.716408352556061	0	22	0.112648193616275
OH	39049	1	1.28917066187666	1	2129	0.112648193616275
OH	39049	5.9	2.30340440795943	2	5866	0.112648193616275
OH	39049	12.3	4.06454230982533	3	15336	0.112648193616275
OH	39049	27.5	7.02105346998004	4	44940	0.112648193616275
OH	39049	35.5	11.7136675628949	5	55848	0.112648193616275
OH	39049	40.1	18.5372374794665	6	63828	0.112648193616275
OH	39049	42.3	27.2938942716934	7	66732	0.112648193616275
OH	39049	44.5	36.8918224736276	8	69943	0.112648193616275
OH	39049	55.1	45.752853297547	9	76794	0.112648193616275
OH	39049	56.8	52.7279289557617	10	81800	0.112648193616275
OH	39049	58.1	57.5608780621467	11	85675	0.112648193616275
OH	39049	60.9	60.6210737952322	12	87011	0.112648193616275
OH	39049	62.6	62.4496188217352	13	95658	0.112648193616275
OH	39049	63.5	63.5045915506804	14	96924	0.112648193616275
OH	39049	64.1	64.1009813294601	15	97969	0.112648193616275
OH	39049	64.4	64.4342510995659	16	99567	0.112648193616275
OH	39049	65.2	64.6192833594292	17	101269	0.112648193616275
OH	39051	0	1.11220863276104	0	22	0.00360387027230497
OH	39051	0.7	1.90433669268477	1	2129	0.00360387027230497
OH	39051	4.7	3.2251034954986	2	5866	0.00360387027230497
OH	39051	12.6	5.3644486182783	3	15336	0.00360387027230497
OH	39051	21.2	8.67228586244951	4	44940	0.00360387027230497
OH	39051	24.4	13.4362837813783	5	55848	0.00360387027230497
OH	39051	26.9	19.6400185971015	6	63828	0.00360387027230497
OH	39051	28.8	26.7389228365431	7	66732	0.00360387027230497
OH	39051	30.4	33.7543174718785	8	69943	0.00360387027230497
OH	39051	46	39.7513016804656	9	76794	0.00360387027230497
OH	39051	47.6	44.2743255654575	10	81800	0.00360387027230497
OH	39051	48.8	47.3738079636503	11	85675	0.00360387027230497
OH	39051	50.5	49.3607839624319	12	87011	0.00360387027230497
OH	39051	51.2	50.5806498393493	13	95658	0.00360387027230497
OH	39051	52	51.3097774045396	14	96924	0.00360387027230497
OH	39051	52.3	51.7386293498167	15	97969	0.00360387027230497
OH	39051	52.6	51.9884841866872	16	99567	0.00360387027230497
OH	39051	53.1	52.1332483218634	17	101269	0.00360387027230497
OH	39053	0	2.61769239400341	0	22	0.00255776749279243
OH	39053	1.4	4.08272219544038	1	2129	0.00255776749279243
OH	39053	5.1	6.24945341665071	2	5866	0.00255776749279243
OH	39053	10	9.3104310660472	3	15336	0.00255776749279243
OH	39053	16.3	13.3660395545755	4	44940	0.00255776749279243
OH	39053	18.1	18.3058656986526	5	55848	0.00255776749279243
OH	39053	19.3	23.7415325334324	6	63828	0.00255776749279243
OH	39053	20.2	29.0932013372617	7	66732	0.00255776749279243
OH	39053	21.9	33.8152219612885	8	69943	0.00255776749279243
OH	39053	38.7	37.5953417473066	9	76794	0.00255776749279243
OH	39053	40.4	40.3925842413965	10	81800	0.00255776749279243
OH	39053	41.4	42.344345356507	11	85675	0.00255776749279243
OH	39053	44.5	43.6509800301025	12	87011	0.00255776749279243
OH	39053	45.5	44.5016678240038	13	95658	0.00255776749279243
OH	39053	46.2	45.0454973045513	14	96924	0.00255776749279243
OH	39053	46.6	45.3891132549388	15	97969	0.00255776749279243
OH	39053	46.8	45.6046225234178	16	99567	0.00255776749279243
OH	39053	47.3	45.7391582350666	17	101269	0.00255776749279243
OH	39055	0	0.992297530096957	0	22	0.00801165188081204
OH	39055	1.4	1.85450107191108	1	2129	0.00801165188081204
OH	39055	6.4	3.42034246034158	2	5866	0.00801165188081204
OH	39055	15	6.16131149809532	3	15336	0.00801165188081204
OH	39055	31	10.6638753818272	4	44940	0.00801165188081204
OH	39055	37.8	17.3405414494229	5	55848	0.00801165188081204
OH	39055	41.6	25.876738023749	6	63828	0.00801165188081204
OH	39055	43.1	34.9386026344151	7	66732	0.00801165188081204
OH	39055	44.6	42.8436569365574	8	69943	0.00801165188081204
OH	39055	54.5	48.6422596132706	9	76794	0.00801165188081204
OH	39055	55.7	52.3772528435155	10	81800	0.00801165188081204
OH	39055	56.7	54.5855846528186	11	85675	0.00801165188081204
OH	39055	58.9	55.8257116563616	12	87011	0.00801165188081204
OH	39055	60.2	56.5020479159049	13	95658	0.00801165188081204
OH	39055	60.8	56.8650289655317	14	96924	0.00801165188081204
OH	39055	61.1	57.0581581005172	15	97969	0.00801165188081204
OH	39055	61.4	57.1604422634133	16	99567	0.00801165188081204
OH	39055	61.9	57.2144812126466	17	101269	0.00801165188081204
OH	39057	0	0.963700144550605	0	22	0.014452524146427
OH	39057	1.4	1.7845319937663	1	2129	0.014452524146427
OH	39057	8.2	3.26523217366289	2	5866	0.014452524146427
OH	39057	17	5.84912482909058	3	15336	0.014452524146427
OH	39057	32.6	10.1075172206468	4	44940	0.014452524146427
OH	39057	38.2	16.5050475636122	5	55848	0.014452524146427
OH	39057	42.1	24.8938719439453	6	63828	0.014452524146427
OH	39057	43.8	34.1291676584983	7	66732	0.014452524146427
OH	39057	46	42.5293300851121	8	69943	0.014452524146427
OH	39057	56	48.9427749080755	9	76794	0.014452524146427
OH	39057	58.4	53.2152518725221	10	81800	0.014452524146427
OH	39057	60.2	55.8090524137298	11	85675	0.014452524146427
OH	39057	62.8	57.2958941476667	12	87011	0.014452524146427
OH	39057	61.7	58.1202762430192	13	95658	0.014452524146427
OH	39057	62.4	58.5689318921258	14	96924	0.014452524146427
OH	39057	62.8	58.8106349393564	15	97969	0.014452524146427
OH	39057	63.1	58.9401340326981	16	99567	0.014452524146427
OH	39057	63.7	59.0093127018459	17	101269	0.014452524146427
OH	39059	0	2.51768940426114	0	22	0.00332574791900146
OH	39059	0.9	4.10683161623824	1	2129	0.00332574791900146
OH	39059	5.4	6.54296025776958	2	5866	0.00332574791900146
OH	39059	14.9	10.0647277019774	3	15336	0.00332574791900146
OH	39059	23.1	14.7469799300841	4	44940	0.00332574791900146
OH	39059	26.1	20.324443850692	5	55848	0.00332574791900146
OH	39059	28.3	26.1609425179775	6	63828	0.00332574791900146
OH	39059	29.4	31.496226916305	7	66732	0.00332574791900146
OH	39059	30.7	35.8034164372829	8	69943	0.00332574791900146
OH	39059	38.9	38.9450304264175	9	76794	0.00332574791900146
OH	39059	40.4	41.0708549838973	10	81800	0.00332574791900146
OH	39059	41.4	42.4372879057691	11	85675	0.00332574791900146
OH	39059	42.6	43.2868115971278	12	87011	0.00332574791900146
OH	39059	43.4	43.8040701293332	13	95658	0.00332574791900146
OH	39059	44	44.115029726588	14	96924	0.00332574791900146
OH	39059	44.3	44.3005382318142	15	97969	0.00332574791900146
OH	39059	44.5	44.4106998204756	16	99567	0.00332574791900146
OH	39059	45.1	44.47593947339	17	101269	0.00332574791900146
OH	39061	0	0.895515996434593	0	22	0.0699346399637269
OH	39061	1.3	1.58955151395832	1	2129	0.0699346399637269
OH	39061	6.4	2.79685559830002	2	5866	0.0699346399637269
OH	39061	14.9	4.84756384447729	3	15336	0.0699346399637269
OH	39061	29.8	8.19381149449081	4	44940	0.0699346399637269
OH	39061	36.8	13.3119971414	5	55848	0.0699346399637269
OH	39061	40.9	20.4143915001163	6	63828	0.0699346399637269
OH	39061	42.6	29.0458428683324	7	66732	0.0699346399637269
OH	39061	44.5	37.9931128862224	8	69943	0.0699346399637269
OH	39061	54.1	45.8616612799284	9	76794	0.0699346399637269
OH	39061	55.7	51.8417507113388	10	81800	0.0699346399637269
OH	39061	57.1	55.9017058460816	11	85675	0.0699346399637269
OH	39061	59.6	58.4513182451987	12	87011	0.0699346399637269
OH	39061	61.3	59.9748681381284	13	95658	0.0699346399637269
OH	39061	62.1	60.8583978588669	14	96924	0.0699346399637269
OH	39061	62.6	61.361885523416	15	97969	0.0699346399637269
OH	39061	62.9	61.645946201881	16	99567	0.0699346399637269
OH	39061	63.6	61.8053051506495	17	101269	0.0699346399637269
OH	39063	0	1.52408237015323	0	22	0.00648321940953538
OH	39063	0.6	2.80466313117239	1	2129	0.00648321940953538
OH	39063	6.2	5.04940167153278	2	5866	0.00648321940953538
OH	39063	13.4	8.75811124091649	3	15336	0.00648321940953538
OH	39063	26.4	14.3248386326345	4	44940	0.00648321940953538
OH	39063	30.2	21.5830503207983	5	55848	0.00648321940953538
OH	39063	33.5	29.4883335032732	6	63828	0.00648321940953538
OH	39063	35.2	36.5765031166463	7	66732	0.00648321940953538
OH	39063	36.6	41.9060165610995	8	69943	0.00648321940953538
OH	39063	44.6	45.4065234892938	9	76794	0.00648321940953538
OH	39063	46.1	47.5060976968361	10	81800	0.00648321940953538
OH	39063	47.1	48.6974677127749	11	85675	0.00648321940953538
OH	39063	48.6	49.3523029506125	12	87011	0.00648321940953538
OH	39063	49.8	49.7059428755886	13	95658	0.00648321940953538
OH	39063	50.3	49.8951071576472	14	96924	0.00648321940953538
OH	39063	50.5	49.9957751567407	15	97969	0.00648321940953538
OH	39063	50.8	50.049201806636	16	99567	0.00648321940953538
OH	39063	51.3	50.0775153823434	17	101269	0.00648321940953538
OH	39065	0	1.11250672499046	0	22	0.00268326902841108
OH	39065	0.4	1.88476406465705	1	2129	0.00268326902841108
OH	39065	3.5	3.15188851761545	2	5866	0.00268326902841108
OH	39065	12.3	5.16161466610211	3	15336	0.00268326902841108
OH	39065	18.7	8.18367833818973	4	44940	0.00268326902841108
OH	39065	21.5	12.3823239118483	5	55848	0.00268326902841108
OH	39065	23.2	17.6168598885405	6	63828	0.00268326902841108
OH	39065	24.2	23.3283438340202	7	66732	0.00268326902841108
OH	39065	25.4	28.721096473931	8	69943	0.00268326902841108
OH	39065	32.6	33.1606423869213	9	76794	0.00268326902841108
OH	39065	34.1	36.4211087398636	10	81800	0.00268326902841108
OH	39065	35.3	38.6202916989463	11	85675	0.00268326902841108
OH	39065	36.5	40.0197888416629	12	87011	0.00268326902841108
OH	39065	37.6	40.8776790685944	13	95658	0.00268326902841108
OH	39065	38.1	41.3915543016981	14	96924	0.00268326902841108
OH	39065	38.4	41.6951150803934	15	97969	0.00268326902841108
OH	39065	38.7	41.8729662290153	16	99567	0.00268326902841108
OH	39065	39.3	41.9766637658084	17	101269	0.00268326902841108
OH	39067	0	2.59946033765479	0	22	0.00128666877689471
OH	39067	0.8	4.38607866039401	1	2129	0.00128666877689471
OH	39067	5.7	7.18199002145172	2	5866	0.00128666877689471
OH	39067	14.2	11.2404416113576	3	15336	0.00128666877689471
OH	39067	24.3	16.531774029917	4	44940	0.00128666877689471
OH	39067	27.9	22.5422515499691	5	55848	0.00128666877689471
OH	39067	30	28.3882407672219	6	63828	0.00128666877689471
OH	39067	31.1	33.276158867695	7	66732	0.00128666877689471
OH	39067	32.2	36.8721069111214	8	69943	0.00128666877689471
OH	39067	37.3	39.2761316906167	9	76794	0.00128666877689471
OH	39067	39	40.7821891206321	10	81800	0.00128666877689471
OH	39067	39.9	41.6876085735497	11	85675	0.00128666877689471
OH	39067	41.3	42.2185079073457	12	87011	0.00128666877689471
OH	39067	42.2	42.52525619705	13	95658	0.00128666877689471
OH	39067	42.6	42.7009867167865	14	96924	0.00128666877689471
OH	39067	42.9	42.8011678377744	15	97969	0.00128666877689471
OH	39067	43	42.8581201167452	16	99567	0.00128666877689471
OH	39067	43.5	42.8904456769918	17	101269	0.00128666877689471
OH	39069	0	1.70886582068047	0	22	0.00231035751255443
OH	39069	0.9	3.0231694161417	1	2129	0.00231035751255443
OH	39069	6.3	5.24117472509322	2	5866	0.00231035751255443
OH	39069	17.7	8.78932260278724	3	15336	0.00231035751255443
OH	39069	27	14.0067547366209	4	44940	0.00231035751255443
OH	39069	29.8	20.8007818032889	5	55848	0.00231035751255443
OH	39069	32	28.3734304299409	6	63828	0.00231035751255443
OH	39069	36.5	35.4807767373938	7	66732	0.00231035751255443
OH	39069	38.2	41.1528488934456	8	69943	0.00231035751255443
OH	39069	47.8	45.1218551756856	9	76794	0.00231035751255443
OH	39069	49	47.6505474771809	10	81800	0.00231035751255443
OH	39069	49.9	49.1666402668258	11	85675	0.00231035751255443
OH	39069	51.7	50.0427228164384	12	87011	0.00231035751255443
OH	39069	53	50.5382193773507	13	95658	0.00231035751255443
OH	39069	53.6	50.8150654795404	14	96924	0.00231035751255443
OH	39069	53.9	50.9686927032911	15	97969	0.00231035751255443
OH	39069	54.1	51.0536202242228	16	99567	0.00231035751255443
OH	39069	54.5	51.1004709222461	17	101269	0.00231035751255443
OH	39071	0	2.65753684845833	0	22	0.00369241430050218
OH	39071	0.4	4.24143765280014	1	2129	0.00369241430050218
OH	39071	3.6	6.60315621474576	2	5866	0.00369241430050218
OH	39071	10.2	9.91689942725424	3	15336	0.00369241430050218
OH	39071	18	14.1904850098033	4	44940	0.00369241430050218
OH	39071	20.9	19.1403639134106	5	55848	0.00369241430050218
OH	39071	23	24.2076858483621	6	63828	0.00369241430050218
OH	39071	24	28.7801366889241	7	66732	0.00369241430050218
OH	39071	25.4	32.4594312935102	8	69943	0.00369241430050218
OH	39071	32.4	35.156588926481	9	76794	0.00369241430050218
OH	39071	33.9	37.0016663383991	10	81800	0.00369241430050218
OH	39071	34.9	38.2049138514536	11	85675	0.00369241430050218
OH	39071	36.1	38.9653096504697	12	87011	0.00369241430050218
OH	39071	37.1	39.4363356998967	13	95658	0.00369241430050218
OH	39071	37.5	39.7245086516465	14	96924	0.00369241430050218
OH	39071	37.8	39.8994738671028	15	97969	0.00369241430050218
OH	39071	37.9	40.0052134665014	16	99567	0.00369241430050218
OH	39071	38.5	40.0689379332339	17	101269	0.00369241430050218
OH	39073	0	0.788091723917595	0	22	0.00241797914296225
OH	39073	0.7	1.32909852276235	1	2129	0.00241797914296225
OH	39073	5.8	2.22419179261854	2	5866	0.00241797914296225
OH	39073	14	3.67515764081883	3	15336	0.00241797914296225
OH	39073	23	5.95102403195748	4	44940	0.00241797914296225
OH	39073	26.7	9.3426870198411	5	55848	0.00241797914296225
OH	39073	29.1	14.0304021030539	6	63828	0.00241797914296225
OH	39073	30.3	19.8771358122483	7	66732	0.00241797914296225
OH	39073	31.7	26.3027462721057	8	69943	0.00241797914296225
OH	39073	40.7	32.4528690830765	9	76794	0.00241797914296225
OH	39073	43.3	37.6079083015282	10	81800	0.00241797914296225
OH	39073	44.6	41.4696120149676	11	85675	0.00241797914296225
OH	39073	46.1	44.1258237967825	12	87011	0.00241797914296225
OH	39073	47.1	45.8473641233108	13	95658	0.00241797914296225
OH	39073	47.6	46.9205060511287	14	96924	0.00241797914296225
OH	39073	48	47.5733000774348	15	97969	0.00241797914296225
OH	39073	48.1	47.9645043113973	16	99567	0.00241797914296225
OH	39073	48.7	48.1968469929473	17	101269	0.00241797914296225
OH	39075	0	0.993792491013595	0	22	0.00376076857927471
OH	39075	0.5	1.64208154768365	1	2129	0.00376076857927471
OH	39075	2.5	2.67292967229698	2	5866	0.00376076857927471
OH	39075	6.1	4.25041583539607	3	15336	0.00376076857927471
OH	39075	8.5	6.528144269052	4	44940	0.00376076857927471
OH	39075	9.7	9.55544547977024	5	55848	0.00376076857927471
OH	39075	10.6	13.1646258305375	6	63828	0.00376076857927471
OH	39075	11	16.9494693046466	7	66732	0.00376076857927471
OH	39075	11.7	20.4203218126249	8	69943	0.00376076857927471
OH	39075	16	23.232996129391	9	76794	0.00376076857927471
OH	39075	16.5	25.2926042090973	10	81800	0.00376076857927471
OH	39075	17	26.6915039346042	11	85675	0.00376076857927471
OH	39075	17.5	27.5937777891893	12	87011	0.00376076857927471
OH	39075	17.8	28.1564789954669	13	95658	0.00376076857927471
OH	39075	17.9	28.5000740027549	14	96924	0.00376076857927471
OH	39075	18	28.707180254794	15	97969	0.00376076857927471
OH	39075	18	28.8310433000965	16	99567	0.00376076857927471
OH	39075	18.2	28.9047751253995	17	101269	0.00376076857927471
OH	39077	0	1.05461297971054	0	22	0.00498464381346725
OH	39077	1.2	1.84613331089111	1	2129	0.00498464381346725
OH	39077	5.2	3.19118792656514	2	5866	0.00498464381346725
OH	39077	11.8	5.40112291300168	3	15336	0.00498464381346725
OH	39077	21.5	8.83846220803921	4	44940	0.00498464381346725
OH	39077	26.1	13.7542624320431	5	55848	0.00498464381346725
OH	39077	28.9	20.0017225172899	6	63828	0.00498464381346725
OH	39077	30.5	26.8510098144632	7	66732	0.00498464381346725
OH	39077	32.1	33.2441056622223	8	69943	0.00498464381346725
OH	39077	41.5	38.3753339448944	9	76794	0.00498464381346725
OH	39077	43	42.0174607457717	10	81800	0.00498464381346725
OH	39077	44.1	44.3830458295285	11	85675	0.00498464381346725
OH	39077	45.5	45.8321430076735	12	87011	0.00498464381346725
OH	39077	46.6	46.6882068992386	13	95658	0.00498464381346725
OH	39077	47.2	47.183134161374	14	96924	0.00498464381346725
OH	39077	47.6	47.4657085041109	15	97969	0.00498464381346725
OH	39077	47.8	47.6258882518365	16	99567	0.00498464381346725
OH	39077	48.3	47.7163183789939	17	101269	0.00498464381346725
OH	39079	0	3.81962604098461	0	22	0.00277292520382236
OH	39079	1	5.64455224773828	1	2129	0.00277292520382236
OH	39079	5.6	8.16616839683179	2	5866	0.00277292520382236
OH	39079	11.5	11.4810419527979	3	15336	0.00277292520382236
OH	39079	20.4	15.564396688481	4	44940	0.00277292520382236
OH	39079	23.5	20.2099469520187	5	55848	0.00277292520382236
OH	39079	25.6	25.0403235534419	6	63828	0.00277292520382236
OH	39079	26.8	29.6150418052339	7	66732	0.00277292520382236
OH	39079	28.2	33.5800277252825	8	69943	0.00277292520382236
OH	39079	39.7	36.7609431981582	9	76794	0.00277292520382236
OH	39079	41.7	39.1582906831696	10	81800	0.00277292520382236
OH	39079	43	40.8813728879168	11	85675	0.00277292520382236
OH	39079	44.8	42.0780417054869	12	87011	0.00277292520382236
OH	39079	46.1	42.8894418494925	13	95658	0.00277292520382236
OH	39079	46.7	43.4307102529547	14	96924	0.00277292520382236
OH	39079	47.1	43.7878615246433	15	97969	0.00277292520382236
OH	39079	47.4	44.0218311914659	16	99567	0.00277292520382236
OH	39079	48.1	44.1743812854254	17	101269	0.00277292520382236
OH	39081	0	1.68810361105802	0	22	0.00558853975070792
OH	39081	0.9	2.79451258074487	1	2129	0.00558853975070792
OH	39081	5.5	4.55633368102283	2	5866	0.00558853975070792
OH	39081	14.8	7.25473941777677	3	15336	0.00558853975070792
OH	39081	25.9	11.1508241381642	4	44940	0.00558853975070792
OH	39081	30.1	16.3223544565959	5	55848	0.00558853975070792
OH	39081	32.9	22.4707027064585	6	63828	0.00558853975070792
OH	39081	34.1	28.8912430177251	7	66732	0.00558853975070792
OH	39081	35.6	34.7489282921401	8	69943	0.00558853975070792
OH	39081	43.5	39.4701979610476	9	76794	0.00558853975070792
OH	39081	45.1	42.9097602284458	10	81800	0.00558853975070792
OH	39081	46	45.2353974965204	11	85675	0.00558853975070792
OH	39081	48.3	46.7295935681384	12	87011	0.00558853975070792
OH	39081	49.3	47.6583413703107	13	95658	0.00558853975070792
OH	39081	49.8	48.2237948412663	14	96924	0.00558853975070792
OH	39081	50.1	48.5637328356374	15	97969	0.00558853975070792
OH	39081	50.3	48.7665431283831	16	99567	0.00558853975070792
OH	39081	51	48.8869915014726	17	101269	0.00558853975070792
OH	39083	0	1.06395665637334	0	22	0.00533163374425747
OH	39083	0.9	1.86236657046626	1	2129	0.00533163374425747
OH	39083	5.8	3.21611324633431	2	5866	0.00533163374425747
OH	39083	12.9	5.43017859105015	3	15336	0.00533163374425747
OH	39083	22.1	8.8461917589189	4	44940	0.00533163374425747
OH	39083	25.2	13.6697938269507	5	55848	0.00533163374425747
OH	39083	27.5	19.6930671395446	6	63828	0.00533163374425747
OH	39083	28.8	26.1583007059627	7	66732	0.00533163374425747
OH	39083	30.1	32.0626885797569	8	69943	0.00533163374425747
OH	39083	37.8	36.7106377044931	9	76794	0.00533163374425747
OH	39083	39.1	39.9599418269552	10	81800	0.00533163374425747
OH	39083	40	42.0475207918382	11	85675	0.00533163374425747
OH	39083	41.3	43.316864283354	12	87011	0.00533163374425747
OH	39083	42.2	44.0629984003419	13	95658	0.00533163374425747
OH	39083	42.6	44.4928856326641	14	96924	0.00533163374425747
OH	39083	42.9	44.7377120941321	15	97969	0.00533163374425747
OH	39083	43.1	44.8762243422554	16	99567	0.00533163374425747
OH	39083	43.6	44.9542953324267	17	101269	0.00533163374425747
OH	39085	0	0.888091189214445	0	22	0.0196891976285599
OH	39085	0.9	1.67156036468521	1	2129	0.0196891976285599
OH	39085	5.8	3.11018134661359	2	5866	0.0196891976285599
OH	39085	14.8	5.66779330561788	3	15336	0.0196891976285599
OH	39085	30.8	9.96389248716339	4	44940	0.0196891976285599
OH	39085	39	16.5355586146647	5	55848	0.0196891976285599
OH	39085	43.6	25.2765465414085	6	63828	0.0196891976285599
OH	39085	45.4	34.968612917274	7	66732	0.0196891976285599
OH	39085	47.3	43.7679808867854	8	69943	0.0196891976285599
OH	39085	57.5	50.4203308707361	9	76794	0.0196891976285599
OH	39085	59	54.786367868047	10	81800	0.0196891976285599
OH	39085	60.2	57.3921024679369	11	85675	0.0196891976285599
OH	39085	62.5	58.8599255180345	12	87011	0.0196891976285599
OH	39085	63.9	59.6599453343787	13	95658	0.0196891976285599
OH	39085	64.8	60.0881646966933	14	96924	0.0196891976285599
OH	39085	65.3	60.315154431887	15	97969	0.0196891976285599
OH	39085	65.6	60.4348563467259	16	99567	0.0196891976285599
OH	39085	66.1	60.4978085045732	17	101269	0.0196891976285599
OH	39087	0	1.77172913739266	0	22	0.0050870469069475
OH	39087	2.2	2.71047899809236	1	2129	0.0050870469069475
OH	39087	5.9	4.10393882350799	2	5866	0.0050870469069475
OH	39087	10.6	6.12025710836155	3	15336	0.0050870469069475
OH	39087	16.7	8.9326835755213	4	44940	0.0050870469069475
OH	39087	19.1	12.661094545421	5	55848	0.0050870469069475
OH	39087	21.4	17.2841756720339	6	63828	0.0050870469069475
OH	39087	22.4	22.5639666218899	7	66732	0.0050870469069475
OH	39087	23.9	28.0560260431549	8	69943	0.0050870469069475
OH	39087	37.8	33.2408344429663	9	76794	0.0050870469069475
OH	39087	39.6	37.7062387275925	10	81800	0.0050870469069475
OH	39087	41.1	41.2579488805663	11	85675	0.0050870469069475
OH	39087	46.8	43.9083553965882	12	87011	0.0050870469069475
OH	39087	48	45.7935228249381	13	95658	0.0050870469069475
OH	39087	48.6	47.0891026823461	14	96924	0.0050870469069475
OH	39087	49.1	47.9585987745527	15	97969	0.0050870469069475
OH	39087	49.6	48.5328795729426	16	99567	0.0050870469069475
OH	39087	50.3	48.9081811051263	17	101269	0.0050870469069475
OH	39089	0	0.994326523033967	0	22	0.015130506198082
OH	39089	1	1.79438043753638	1	2129	0.015130506198082
OH	39089	5.5	3.19931616236465	2	5866	0.015130506198082
OH	39089	13.6	5.58654735054732	3	15336	0.015130506198082
OH	39089	26	9.42457590999236	4	44940	0.015130506198082
OH	39089	31.5	15.0781240702059	5	55848	0.015130506198082
OH	39089	35.2	22.4174092987392	6	63828	0.015130506198082
OH	39089	36.6	30.5270180611935	7	66732	0.015130506198082
OH	39089	38.4	38.0368041680802	8	69943	0.015130506198082
OH	39089	47.8	43.9356854503444	9	76794	0.015130506198082
OH	39089	49.4	47.9982482602868	10	81800	0.015130506198082
OH	39089	50.5	50.5492234576528	11	85675	0.015130506198082
OH	39089	52.2	52.059261601546	12	87011	0.015130506198082
OH	39089	53.5	52.9220800055288	13	95658	0.015130506198082
OH	39089	54.2	53.4051539718742	14	96924	0.015130506198082
OH	39089	54.6	53.6725395248394	15	97969	0.015130506198082
OH	39089	54.8	53.819602829525	16	99567	0.015130506198082
OH	39089	55.4	53.9002059148878	17	101269	0.015130506198082
OH	39091	0	1.2064350602798	0	22	0.00390722981238932
OH	39091	0.7	2.13423293515621	1	2129	0.00390722981238932
OH	39091	3.7	3.7125188602406	2	5866	0.00390722981238932
OH	39091	11.7	6.2796384137965	3	15336	0.00390722981238932
OH	39091	22.3	10.1653035278249	4	44940	0.00390722981238932
OH	39091	26.2	15.4501249741008	5	55848	0.00390722981238932
OH	39091	28.6	21.6811576053442	6	63828	0.00390722981238932
OH	39091	29.6	27.9016637013241	7	66732	0.00390722981238932
OH	39091	31	33.1611082579979	8	69943	0.00390722981238932
OH	39091	36.8	37.0185242261324	9	76794	0.00390722981238932
OH	39091	38.4	39.5625362155145	10	81800	0.00390722981238932
OH	39091	39.5	41.1248638584418	11	85675	0.00390722981238932
OH	39091	40.7	42.0426590092255	12	87011	0.00390722981238932
OH	39091	41.8	42.5678173398451	13	95658	0.00390722981238932
OH	39091	42.3	42.863794561934	14	96924	0.00390722981238932
OH	39091	42.7	43.0291839378117	15	97969	0.00390722981238932
OH	39091	42.9	43.1211600441651	16	99567	0.00390722981238932
OH	39091	43.4	43.172173343674	17	101269	0.00390722981238932
OH	39093	0	1.14062789013656	0	22	0.0265061467521024
OH	39093	1.3	1.96542297703305	1	2129	0.0265061467521024
OH	39093	5.7	3.35280121108431	2	5866	0.0265061467521024
OH	39093	13.2	5.62500038563207	3	15336	0.0265061467521024
OH	39093	27.1	9.18838593832743	4	44940	0.0265061467521024
OH	39093	35	14.4134797825233	5	55848	0.0265061467521024
OH	39093	39.6	21.3664941779293	6	63828	0.0265061467521024
OH	39093	41.4	29.5138101066427	7	66732	0.0265061467521024
OH	39093	43.4	37.7513800289823	8	69943	0.0265061467521024
OH	39093	54.9	44.9271340695092	9	76794	0.0265061467521024
OH	39093	56.6	50.4104076472859	10	81800	0.0265061467521024
OH	39093	57.8	54.1955275434492	11	85675	0.0265061467521024
OH	39093	60.2	56.6287475638182	12	87011	0.0265061467521024
OH	39093	61.9	58.1220361535266	13	95658	0.0265061467521024
OH	39093	62.9	59.0125406068014	14	96924	0.0265061467521024
OH	39093	63.4	59.5345148673552	15	97969	0.0265061467521024
OH	39093	63.7	59.8373891543471	16	99567	0.0265061467521024
OH	39093	64.3	60.012099006484	17	101269	0.0265061467521024
OH	39095	0	0.850966805592845	0	22	0.0366450796040756
OH	39095	0.9	1.478645214908	1	2129	0.0366450796040756
OH	39095	6.1	2.54942235820525	2	5866	0.0366450796040756
OH	39095	13.9	4.33834756657835	3	15336	0.0366450796040756
OH	39095	27.1	7.22529314400954	4	44940	0.0366450796040756
OH	39095	32.2	11.6334250553427	5	55848	0.0366450796040756
OH	39095	35.8	17.8263162194495	6	63828	0.0366450796040756
OH	39095	37.5	25.5802827787591	7	66732	0.0366450796040756
OH	39095	39.2	34.0019705376508	8	69943	0.0366450796040756
OH	39095	49.7	41.8469172061725	9	76794	0.0366450796040756
OH	39095	51.6	48.1761443100116	10	81800	0.0366450796040756
OH	39095	52.8	52.7162326890069	11	85675	0.0366450796040756
OH	39095	55.1	55.7054878031836	12	87011	0.0366450796040756
OH	39095	56.5	57.5641631624097	13	95658	0.0366450796040756
OH	39095	57.3	58.6790253419788	14	96924	0.0366450796040756
OH	39095	57.8	59.3333611231906	15	97969	0.0366450796040756
OH	39095	58.1	59.7125153266047	16	99567	0.0366450796040756
OH	39095	58.7	59.9305864611035	17	101269	0.0366450796040756
OH	39097	0	0.7773775090595	0	22	0.0038267274640477
OH	39097	0.7	1.34026180455299	1	2129	0.0038267274640477
OH	39097	4.5	2.29171504979122	2	5866	0.0038267274640477
OH	39097	12.6	3.86487534218506	3	15336	0.0038267274640477
OH	39097	23.8	6.3734460586534	4	44940	0.0038267274640477
OH	39097	28.3	10.1513974219366	5	55848	0.0038267274640477
OH	39097	31.6	15.3780383000429	6	63828	0.0038267274640477
OH	39097	33.3	21.8194341372044	7	66732	0.0038267274640477
OH	39097	35.1	28.7162044216078	8	69943	0.0038267274640477
OH	39097	44.4	35.0725820748994	9	76794	0.0038267274640477
OH	39097	45.8	40.1709938290218	10	81800	0.0038267274640477
OH	39097	46.7	43.823710502387	11	85675	0.0038267274640477
OH	39097	48.5	46.2342069623109	12	87011	0.0038267274640477
OH	39097	49.8	47.7398358829425	13	95658	0.0038267274640477
OH	39097	50.4	48.6482021651866	14	96924	0.0038267274640477
OH	39097	50.9	49.1848021884346	15	97969	0.0038267274640477
OH	39097	51.2	49.497849441171	16	99567	0.0038267274640477
OH	39097	51.7	49.6791473419867	17	101269	0.0038267274640477
OH	39099	0	1.09384278309209	0	22	0.019563781642727
OH	39099	1.2	1.8440337306945	1	2129	0.019563781642727
OH	39099	6	3.08067072430044	2	5866	0.019563781642727
OH	39099	14.1	5.0711666662892	3	15336	0.019563781642727
OH	39099	25.5	8.15533255389074	4	44940	0.019563781642727
OH	39099	30.3	12.66291334212	5	55848	0.019563781642727
OH	39099	33.5	18.7184320548299	6	63828	0.019563781642727
OH	39099	35.4	25.9940923259944	7	66732	0.019563781642727
OH	39099	37.2	33.6493465695941	8	69943	0.019563781642727
OH	39099	49.7	40.6575403651919	9	76794	0.019563781642727
OH	39099	51.3	46.3018058969772	10	81800	0.019563781642727
OH	39099	52.4	50.3967595091182	11	85675	0.019563781642727
OH	39099	54.1	53.1479296343616	12	87011	0.019563781642727
OH	39099	55.7	54.9021503211583	13	95658	0.019563781642727
OH	39099	56.4	55.9836823286898	14	96924	0.019563781642727
OH	39099	56.8	56.6367046672989	15	97969	0.019563781642727
OH	39099	57.2	57.0260364005356	16	99567	0.019563781642727
OH	39099	57.7	57.2564064166373	17	101269	0.019563781642727
OH	39101	0	2.24866034020395	0	22	0.00556869220042604
OH	39101	0.5	3.75363478037336	1	2129	0.00556869220042604
OH	39101	4.9	6.12955908556219	2	5866	0.00556869220042604
OH	39101	13.5	9.67705489530205	3	15336	0.00556869220042604
OH	39101	22.8	14.5561161144984	4	44940	0.00556869220042604
OH	39101	27.8	20.559648325709	5	55848	0.00556869220042604
OH	39101	30.6	27.0119638051697	6	63828	0.00556869220042604
OH	39101	31.8	33.0122697987242	7	66732	0.00556869220042604
OH	39101	33.4	37.8864200149959	8	69943	0.00556869220042604
OH	39101	41.4	41.4290571801762	9	76794	0.00556869220042604
OH	39101	43.3	43.8011213556226	10	81800	0.00556869220042604
OH	39101	44.4	45.3033992434054	11	85675	0.00556869220042604
OH	39101	45.9	46.2215363144645	12	87011	0.00556869220042604
OH	39101	47	46.7705041318978	13	95658	0.00556869220042604
OH	39101	47.5	47.0944484180545	14	96924	0.00556869220042604
OH	39101	48	47.2841241298185	15	97969	0.00556869220042604
OH	39101	48.3	47.3946769117269	16	99567	0.00556869220042604
OH	39101	48.7	47.4589413141338	17	101269	0.00556869220042604
OH	39103	0	1.00028225906881	0	22	0.0153772317800344
OH	39103	1	1.90079000469502	1	2129	0.0153772317800344
OH	39103	5.1	3.56162978788741	2	5866	0.0153772317800344
OH	39103	13.9	6.50636315555538	3	15336	0.0153772317800344
OH	39103	31.8	11.3800074113691	4	44940	0.0153772317800344
OH	39103	39.5	18.5947257415949	5	55848	0.0153772317800344
OH	39103	43.8	27.6868219090951	6	63828	0.0153772317800344
OH	39103	45.5	37.0775524555533	7	66732	0.0153772317800344
OH	39103	47.2	44.9799598100876	8	69943	0.0153772317800344
OH	39103	56.1	50.5619092394908	9	76794	0.0153772317800344
OH	39103	57.6	54.0353413234291	10	81800	0.0153772317800344
OH	39103	58.6	56.0290546868054	11	85675	0.0153772317800344
OH	39103	61.2	57.1207278429026	12	87011	0.0153772317800344
OH	39103	62.6	57.703089103502	13	95658	0.0153772317800344
OH	39103	63.5	58.0094345680471	14	96924	0.0153772317800344
OH	39103	63.8	58.1693981201972	15	97969	0.0153772317800344
OH	39103	64.1	58.2526035801794	16	99567	0.0153772317800344
OH	39103	64.7	58.2957961029677	17	101269	0.0153772317800344
OH	39105	0	2.75058235092553	0	22	0.0019596889409792
OH	39105	1.4	4.27711865977058	1	2129	0.0019596889409792
OH	39105	7	6.52180918480429	2	5866	0.0019596889409792
OH	39105	14.3	9.66867296738495	3	15336	0.0019596889409792
OH	39105	22.6	13.7973571199512	4	44940	0.0019596889409792
OH	39105	25.2	18.7673169229446	5	55848	0.0019596889409792
OH	39105	27.3	24.1656767899092	6	63828	0.0019596889409792
OH	39105	28.5	29.4125154727424	7	66732	0.0019596889409792
OH	39105	30	33.9891344026026	8	69943	0.0019596889409792
OH	39105	37.5	37.619325499493	9	76794	0.0019596889409792
OH	39105	39.5	40.2878380138847	10	81800	0.0019596889409792
OH	39105	40.7	42.1416945972708	11	85675	0.0019596889409792
OH	39105	44.6	43.3796180591855	12	87011	0.0019596889409792
OH	39105	45.6	44.1845480604082	13	95658	0.0019596889409792
OH	39105	46.2	44.6989176647342	14	96924	0.0019596889409792
OH	39105	46.6	45.0239709608027	15	97969	0.0019596889409792
OH	39105	46.9	45.2279428415469	16	99567	0.0019596889409792
OH	39105	47.7	45.3553697407847	17	101269	0.0019596889409792
OH	39107	0	1.91623631900922	0	22	0.00352225577674928
OH	39107	0.5	3.32501097592482	1	2129	0.00352225577674928
OH	39107	4.5	5.61928203550426	2	5866	0.00352225577674928
OH	39107	12.1	9.11034785474382	3	15336	0.00352225577674928
OH	39107	20.3	13.9094264542356	4	44940	0.00352225577674928
OH	39107	23.2	19.6612482766383	5	55848	0.00352225577674928
OH	39107	25	25.5225083098499	6	63828	0.00352225577674928
OH	39107	25.8	30.5863342004118	7	66732	0.00352225577674928
OH	39107	26.7	34.3738555763168	8	69943	0.00352225577674928
OH	39107	33.6	36.9123159682095	9	76794	0.00352225577674928
OH	39107	34.9	38.4909149249349	10	81800	0.00352225577674928
OH	39107	35.6	39.4273320353032	11	85675	0.00352225577674928
OH	39107	36.7	39.9673243953269	12	87011	0.00352225577674928
OH	39107	37.5	40.2736495385165	13	95658	0.00352225577674928
OH	39107	37.9	40.4458056696533	14	96924	0.00352225577674928
OH	39107	38.2	40.5420507755141	15	97969	0.00352225577674928
OH	39107	38.3	40.5956991568006	16	99567	0.00352225577674928
OH	39107	38.6	40.6255544708907	17	101269	0.00352225577674928
OH	39109	0	1.16840876003897	0	22	0.00915271492244912
OH	39109	0.8	2.06115389379046	1	2129	0.00915271492244912
OH	39109	5.5	3.58428701654509	2	5866	0.00915271492244912
OH	39109	12.8	6.08525978675824	3	15336	0.00915271492244912
OH	39109	24	9.94435073602003	4	44940	0.00915271492244912
OH	39109	27.9	15.3628703978109	5	55848	0.00915271492244912
OH	39109	30.8	22.0428329072939	6	63828	0.00915271492244912
OH	39109	31.9	29.0736032930384	7	66732	0.00915271492244912
OH	39109	33.5	35.3432730970216	8	69943	0.00915271492244912
OH	39109	41.3	40.1598725374106	9	76794	0.00915271492244912
OH	39109	42.8	43.4533887991439	10	81800	0.00915271492244912
OH	39109	44	45.5300618294357	11	85675	0.00915271492244912
OH	39109	45.3	46.7732721914103	12	87011	0.00915271492244912
OH	39109	46.7	47.4945331093089	13	95658	0.00915271492244912
OH	39109	47.3	47.9053812670447	14	96924	0.00915271492244912
OH	39109	47.5	48.1369707720227	15	97969	0.00915271492244912
OH	39109	47.7	48.2667439596585	16	99567	0.00915271492244912
OH	39109	48.3	48.3392223051485	17	101269	0.00915271492244912
OH	39111	0	1.28888602081565	0	22	0.00116809677391758
OH	39111	1.6	2.25576787630561	1	2129	0.00116809677391758
OH	39111	7.8	3.88331114039701	2	5866	0.00116809677391758
OH	39111	15.9	6.50576607836308	3	15336	0.00116809677391758
OH	39111	26.7	10.4475346469344	4	44940	0.00116809677391758
OH	39111	29.9	15.7938048107926	5	55848	0.00116809677391758
OH	39111	32.2	22.1169626344767	6	63828	0.00116809677391758
OH	39111	32.9	28.4893326968903	7	66732	0.00116809677391758
OH	39111	33.8	33.9551125445016	8	69943	0.00116809677391758
OH	39111	39.2	38.0315979077094	9	76794	0.00116809677391758
OH	39111	40.8	40.7659182849459	10	81800	0.00116809677391758
OH	39111	41.6	42.4719147346949	11	85675	0.00116809677391758
OH	39111	44.6	43.4886988765327	12	87011	0.00116809677391758
OH	39111	45.5	44.0782517233851	13	95658	0.00116809677391758
OH	39111	45.9	44.414642401745	14	96924	0.00116809677391758
OH	39111	46.3	44.6048259287079	15	97969	0.00116809677391758
OH	39111	46.7	44.7117905717312	16	99567	0.00116809677391758
OH	39111	47.5	44.7717743973238	17	101269	0.00116809677391758
OH	39113	0	1.02915245415006	0	22	0.0454857089082992
OH	39113	0.9	1.77766384850214	1	2129	0.0454857089082992
OH	39113	6.4	3.04123177467578	2	5866	0.0454857089082992
OH	39113	13.4	5.12034829039221	3	15336	0.0454857089082992
OH	39113	27.4	8.40137853932196	4	44940	0.0454857089082992
OH	39113	32.2	13.2524430518379	5	55848	0.0454857089082992
OH	39113	35.8	19.7753469727283	6	63828	0.0454857089082992
OH	39113	37.3	27.5106234191143	7	66732	0.0454857089082992
OH	39113	39.1	35.4267660048335	8	69943	0.0454857089082992
OH	39113	48.6	42.3956809403121	9	76794	0.0454857089082992
OH	39113	50.2	47.762975095808	10	81800	0.0454857089082992
OH	39113	51.5	51.4865301454626	11	85675	0.0454857089082992
OH	39113	53.5	53.8863321067712	12	87011	0.0454857089082992
OH	39113	55.1	55.3603786753152	13	95658	0.0454857089082992
OH	39113	55.9	56.2392030848884	14	96924	0.0454857089082992
OH	39113	56.3	56.7538731827387	15	97969	0.0454857089082992
OH	39113	56.6	57.0521311286437	16	99567	0.0454857089082992
OH	39113	57.2	57.2239237564239	17	101269	0.0454857089082992
OH	39115	0	2.50012646590293	0	22	0.00124115629090349
OH	39115	0.8	4.08582100246116	1	2129	0.00124115629090349
OH	39115	6.5	6.51673721416712	2	5866	0.00124115629090349
OH	39115	15.3	10.0245669232713	3	15336	0.00124115629090349
OH	39115	23.8	14.6683478415948	4	44940	0.00124115629090349
OH	39115	26.2	20.1613182130573	5	55848	0.00124115629090349
OH	39115	27.9	25.8560027461856	6	63828	0.00124115629090349
OH	39115	28.7	31.0070200018491	7	66732	0.00124115629090349
OH	39115	29.9	35.1222721720356	8	69943	0.00124115629090349
OH	39115	36.3	38.0959763327516	9	76794	0.00124115629090349
OH	39115	37.9	40.0924325610575	10	81800	0.00124115629090349
OH	39115	38.7	41.3674667802704	11	85675	0.00124115629090349
OH	39115	40.3	42.1559649635677	12	87011	0.00124115629090349
OH	39115	41.4	42.6339113440762	13	95658	0.00124115629090349
OH	39115	41.9	42.9201070860688	14	96924	0.00124115629090349
OH	39115	42.2	43.0902324456671	15	97969	0.00124115629090349
OH	39115	42.4	43.1909216618364	16	99567	0.00124115629090349
OH	39115	42.9	43.2503612910913	17	101269	0.00124115629090349
OH	39117	0	1.24396656428959	0	22	0.00302230282913141
OH	39117	0	2.20129401503293	1	2129	0.00302230282913141
OH	39117	4.9	3.82974946103542	2	5866	0.00302230282913141
OH	39117	11.5	6.4773133372172	3	15336	0.00302230282913141
OH	39117	21.1	10.4805888434099	4	44940	0.00302230282913141
OH	39117	25.2	15.9155403486946	5	55848	0.00302230282913141
OH	39117	27.6	22.3070993733936	6	63828	0.00302230282913141
OH	39117	28.7	28.668337192703	7	66732	0.00302230282913141
OH	39117	30.1	34.0302153384872	8	69943	0.00302230282913141
OH	39117	36.3	37.9521920795236	9	76794	0.00302230282913141
OH	39117	37.6	40.53329891135	10	81800	0.00302230282913141
OH	39117	38.5	42.1158903564295	11	85675	0.00302230282913141
OH	39117	39.7	43.0444891885807	12	87011	0.00302230282913141
OH	39117	40.8	43.575345145206	13	95658	0.00302230282913141
OH	39117	41.2	43.8743120870351	14	96924	0.00302230282913141
OH	39117	41.5	44.0412657059857	15	97969	0.00302230282913141
OH	39117	41.7	44.1340582525656	16	99567	0.00302230282913141
OH	39117	42.1	44.1854965700161	17	101269	0.00302230282913141
OH	39119	0	2.34989163490566	0	22	0.00737567477393469
OH	39119	0.7	3.96030182616206	1	2129	0.00737567477393469
OH	39119	7.4	6.51445995307115	2	5866	0.00737567477393469
OH	39119	16.6	10.3236613046379	3	15336	0.00737567477393469
OH	39119	27	15.5133586490752	4	44940	0.00737567477393469
OH	39119	30.4	21.7761930484214	5	55848	0.00737567477393469
OH	39119	32.8	28.3162498094421	6	63828	0.00737567477393469
OH	39119	33.9	34.1910432142544	7	66732	0.00737567477393469
OH	39119	35.3	38.7959872750206	8	69943	0.00737567477393469
OH	39119	42.1	42.0349280147398	9	76794	0.00737567477393469
OH	39119	43.8	44.1433736219935	10	81800	0.00737567477393469
OH	39119	44.9	45.4475714170538	11	85675	0.00737567477393469
OH	39119	46.3	46.2289704136892	12	87011	0.00737567477393469
OH	39119	47.4	46.6882214935195	13	95658	0.00737567477393469
OH	39119	48	46.9550912386338	14	96924	0.00737567477393469
OH	39119	48.3	47.1091469976229	15	97969	0.00737567477393469
OH	39119	48.6	47.1977395339971	16	99567	0.00737567477393469
OH	39119	49.1	47.2485743541082	17	101269	0.00737567477393469
OH	39121	0	1.39776165355788	0	22	0.00123397010890488
OH	39121	1.6	2.32304224685364	1	2129	0.00123397010890488
OH	39121	6.5	3.80465928692459	2	5866	0.00123397010890488
OH	39121	16.1	6.08936884513806	3	15336	0.00123397010890488
OH	39121	22.3	9.41548941855552	4	44940	0.00123397010890488
OH	39121	25.5	13.8733565042124	5	55848	0.00123397010890488
OH	39121	27.1	19.2291558301277	6	63828	0.00123397010890488
OH	39121	28.3	24.8793208499458	7	66732	0.00123397010890488
OH	39121	29.4	30.0785313593019	8	69943	0.00123397010890488
OH	39121	36.8	34.2945647047536	9	76794	0.00123397010890488
OH	39121	39	37.3765184514643	10	81800	0.00123397010890488
OH	39121	40.1	39.4627780010747	11	85675	0.00123397010890488
OH	39121	41.5	40.8025683809374	12	87011	0.00123397010890488
OH	39121	42.2	41.6340989747085	13	95658	0.00123397010890488
OH	39121	42.7	42.1392925664662	14	96924	0.00123397010890488
OH	39121	43.4	42.4422537310213	15	97969	0.00123397010890488
OH	39121	43.7	42.6225217655989	16	99567	0.00123397010890488
OH	39121	44.5	42.7292859984181	17	101269	0.00123397010890488
OH	39123	0	1.38899725079893	0	22	0.00346690506540281
OH	39123	0.9	2.55138088147636	1	2129	0.00346690506540281
OH	39123	5.9	4.60638528443949	2	5866	0.00346690506540281
OH	39123	16.9	8.07259760972569	3	15336	0.00346690506540281
OH	39123	29.8	13.4800104571827	4	44940	0.00346690506540281
OH	39123	35	20.9672598266661	5	55848	0.00346690506540281
OH	39123	38.1	29.7872146660224	6	63828	0.00346690506540281
OH	39123	40	38.3978702557185	7	66732	0.00346690506540281
OH	39123	41.7	45.393072977811	8	69943	0.00346690506540281
OH	39123	54.9	50.2757266626807	9	76794	0.00346690506540281
OH	39123	56.3	53.3339894906076	10	81800	0.00346690506540281
OH	39123	57.5	55.121471374098	11	85675	0.00346690506540281
OH	39123	58.9	56.124220512505	12	87011	0.00346690506540281
OH	39123	60.5	56.6738354122021	13	95658	0.00346690506540281
OH	39123	61.1	56.9712541682457	14	96924	0.00346690506540281
OH	39123	61.3	57.1310857595618	15	97969	0.00346690506540281
OH	39123	61.6	57.2166581628232	16	99567	0.00346690506540281
OH	39123	62.2	57.2623811980569	17	101269	0.00346690506540281
OH	39125	0	1.09950809418005	0	22	0.00159738559854908
OH	39125	0.7	1.86187429800817	1	2129	0.00159738559854908
OH	39125	2.7	3.11485989430513	2	5866	0.00159738559854908
OH	39125	10.3	5.10989132794432	3	15336	0.00159738559854908
OH	39125	17.1	8.13134534379773	4	44940	0.00159738559854908
OH	39125	19.7	12.3772590371349	5	55848	0.00159738559854908
OH	39125	21.3	17.7562775257015	6	63828	0.00159738559854908
OH	39125	22.6	23.7423987681302	7	66732	0.00159738559854908
OH	39125	23.8	29.5151184963012	8	69943	0.00159738559854908
OH	39125	37.5	34.3621853603982	9	76794	0.00159738559854908
OH	39125	38.8	37.9807871879947	10	81800	0.00159738559854908
OH	39125	39.6	40.4521953386685	11	85675	0.00159738559854908
OH	39125	40.5	42.0391966217908	12	87011	0.00159738559854908
OH	39125	41.3	43.0183051537828	13	95658	0.00159738559854908
OH	39125	41.7	43.607528927964	14	96924	0.00159738559854908
OH	39125	42	43.9568265699845	15	97969	0.00159738559854908
OH	39125	42.3	44.1620494381019	16	99567	0.00159738559854908
OH	39125	42.7	44.2819907833908	17	101269	0.00159738559854908
OH	39127	0	1.78135903722502	0	22	0.00309125595640383
OH	39127	0.8	2.83880838536919	1	2129	0.00309125595640383
OH	39127	5.3	4.45693159234266	2	5866	0.00309125595640383
OH	39127	12.1	6.84221282852286	3	15336	0.00309125595640383
OH	39127	19.9	10.1715555605823	4	44940	0.00309125595640383
OH	39127	22.9	14.4810946458316	5	55848	0.00309125595640383
OH	39127	25.1	19.5459608687404	6	63828	0.00309125595640383
OH	39127	26.1	24.8648343968371	7	66732	0.00309125595640383
OH	39127	27.3	29.8293096074507	8	69943	0.00309125595640383
OH	39127	34.9	33.9784577780655	9	76794	0.00309125595640383
OH	39127	36.8	37.1378218634719	10	81800	0.00309125595640383
OH	39127	37.7	39.3770956717731	11	85675	0.00309125595640383
OH	39127	38.9	40.8848143226048	12	87011	0.00309125595640383
OH	39127	40	41.8652007962808	13	95658	0.00309125595640383
OH	39127	40.5	42.4883217621806	14	96924	0.00309125595640383
OH	39127	40.8	42.8786480261812	15	97969	0.00309125595640383
OH	39127	41	43.1209259151631	16	99567	0.00309125595640383
OH	39127	41.4	43.2704570694845	17	101269	0.00309125595640383
OH	39129	0	0.840498383269115	0	22	0.00500098382253552
OH	39129	0.5	1.43026443069418	1	2129	0.00500098382253552
OH	39129	5.1	2.41314134188447	2	5866	0.00500098382253552
OH	39129	12.2	4.01449468539734	3	15336	0.00500098382253552
OH	39129	22.3	6.52967820322841	4	44940	0.00500098382253552
OH	39129	27.4	10.2615301447802	5	55848	0.00500098382253552
OH	39129	30.6	15.3557405869639	6	63828	0.00500098382253552
OH	39129	32.3	21.5719904871615	7	66732	0.00500098382253552
OH	39129	33.9	28.1979489137048	8	69943	0.00500098382253552
OH	39129	43.7	34.3162663424294	9	76794	0.00500098382253552
OH	39129	45.4	39.2610837316569	10	81800	0.00500098382253552
OH	39129	46.6	42.844693907723	11	85675	0.00500098382253552
OH	39129	48.3	45.2417101657647	12	87011	0.00500098382253552
OH	39129	49.3	46.760242987434	13	95658	0.00500098382253552
OH	39129	50	47.6893812531742	14	96924	0.00500098382253552
OH	39129	50.4	48.2458451523151	15	97969	0.00500098382253552
OH	39129	50.7	48.5748484491052	16	99567	0.00500098382253552
OH	39129	51.4	48.7678886557105	17	101269	0.00500098382253552
OH	39131	0	3.55827078806002	0	22	0.00237588864839894
OH	39131	0.9	5.36645802389845	1	2129	0.00237588864839894
OH	39131	6.3	7.90990930002068	2	5866	0.00237588864839894
OH	39131	14.6	11.2983314468961	3	15336	0.00237588864839894
OH	39131	22.2	15.4997800912636	4	44940	0.00237588864839894
OH	39131	24.7	20.2692475504492	5	55848	0.00237588864839894
OH	39131	27.4	25.1701726173946	6	63828	0.00237588864839894
OH	39131	28.5	29.7168077701904	7	66732	0.00237588864839894
OH	39131	30.2	33.5518275402313	8	69943	0.00237588864839894
OH	39131	37.3	36.5353270169517	9	76794	0.00237588864839894
OH	39131	39.5	38.7136454601779	10	81800	0.00237588864839894
OH	39131	40.7	40.2314707834878	11	85675	0.00237588864839894
OH	39131	42	41.2549555045472	12	87011	0.00237588864839894
OH	39131	43.2	41.9299295944561	13	95658	0.00237588864839894
OH	39131	43.7	42.3685635353277	14	96924	0.00237588864839894
OH	39131	44	42.6508913897261	15	97969	0.00237588864839894
OH	39131	44.3	42.8314926230901	16	99567	0.00237588864839894
OH	39131	44.9	42.9465643262467	17	101269	0.00237588864839894
OH	39133	0	0.818038627278191	0	22	0.0138989314831766
OH	39133	1.1	1.53087540840555	1	2129	0.0138989314831766
OH	39133	5.1	2.83360439883111	2	5866	0.0138989314831766
OH	39133	11.8	5.14233411278064	3	15336	0.0138989314831766
OH	39133	26.5	9.01950822078673	4	44940	0.0138989314831766
OH	39133	33.3	14.9773408207251	5	55848	0.0138989314831766
OH	39133	37.2	22.9890459507691	6	63828	0.0138989314831766
OH	39133	39.1	32.0280132238478	7	66732	0.0138989314831766
OH	39133	40.8	40.4109330910446	8	69943	0.0138989314831766
OH	39133	50.1	46.8853566939021	9	76794	0.0138989314831766
OH	39133	51.5	51.214410470569	10	81800	0.0138989314831766
OH	39133	52.5	53.837030822454	11	85675	0.0138989314831766
OH	39133	54.6	55.3319502914409	12	87011	0.0138989314831766
OH	39133	56	56.1546108777615	13	95658	0.0138989314831766
OH	39133	56.8	56.5985759325377	14	96924	0.0138989314831766
OH	39133	57.2	56.8356492962449	15	97969	0.0138989314831766
OH	39133	57.4	56.9615295096701	16	99567	0.0138989314831766
OH	39133	57.9	57.0281679210474	17	101269	0.0138989314831766
OH	39135	0	1.82748053763802	0	22	0.00349744633889692
OH	39135	0.5	3.20227845931886	1	2129	0.00349744633889692
OH	39135	5.6	5.47659217155348	2	5866	0.00349744633889692
OH	39135	12.7	9.00834294796515	3	15336	0.00349744633889692
OH	39135	21.2	13.9878166150263	4	44940	0.00349744633889692
OH	39135	25	20.1302724698032	5	55848	0.00349744633889692
OH	39135	27.5	26.5713709345892	6	63828	0.00349744633889692
OH	39135	28.8	32.2714778413975	7	66732	0.00349744633889692
OH	39135	30.4	36.6063843592039	8	69943	0.00349744633889692
OH	39135	37.3	39.5381634044951	9	76794	0.00349744633889692
OH	39135	38.9	41.3670325415171	10	81800	0.00349744633889692
OH	39135	39.8	42.4509786946626	11	85675	0.00349744633889692
OH	39135	41	43.0740283965781	12	87011	0.00349744633889692
OH	39135	42	43.4258619828766	13	95658	0.00349744633889692
OH	39135	42.5	43.6225540100159	14	96924	0.00349744633889692
OH	39135	42.9	43.7318968843123	15	97969	0.00349744633889692
OH	39135	43.2	43.792491343242	16	99567	0.00349744633889692
OH	39135	43.7	43.8260126096725	17	101269	0.00349744633889692
OH	39137	0	2.18850768211105	0	22	0.00289680129351276
OH	39137	0.5	3.75394483874011	1	2129	0.00289680129351276
OH	39137	6.5	6.2765312071245	2	5866	0.00289680129351276
OH	39137	16.3	10.083907489973	3	15336	0.00289680129351276
OH	39137	25.7	15.2980149656372	4	44940	0.00289680129351276
OH	39137	29	21.562574250207	5	55848	0.00289680129351276
OH	39137	30.9	28.0065489911851	6	63828	0.00289680129351276
OH	39137	32	33.6583182616916	7	66732	0.00289680129351276
OH	39137	33.6	37.9628109884176	8	69943	0.00289680129351276
OH	39137	42.4	40.9018934290476	9	76794	0.00289680129351276
OH	39137	44.1	42.7620554244823	10	81800	0.00289680129351276
OH	39137	45.1	43.8834194117057	11	85675	0.00289680129351276
OH	39137	46.7	44.539676305443	12	87011	0.00289680129351276
OH	39137	47.7	44.9170954031936	13	95658	0.00289680129351276
OH	39137	48.2	45.1319773682747	14	96924	0.00289680129351276
OH	39137	48.5	45.2536184863108	15	97969	0.00289680129351276
OH	39137	48.7	45.3222535952971	16	99567	0.00289680129351276
OH	39137	49.2	45.3609092966941	17	101269	0.00289680129351276
OH	39139	0	1.62658070803508	0	22	0.0103646987364297
OH	39139	0.6	2.71190626555699	1	2129	0.0103646987364297
OH	39139	5.9	4.44855429657012	2	5866	0.0103646987364297
OH	39139	13.3	7.11389846034627	3	15336	0.0103646987364297
OH	39139	23.4	10.9536314322715	4	44940	0.0103646987364297
OH	39139	27.1	16.0092252808982	5	55848	0.0103646987364297
OH	39139	29.5	21.9315437051846	6	63828	0.0103646987364297
OH	39139	30.6	27.9894811746297	7	66732	0.0103646987364297
OH	39139	32	33.3847370170614	8	69943	0.0103646987364297
OH	39139	37.9	37.6284061751611	9	76794	0.0103646987364297
OH	39139	39.5	40.6517031095095	10	81800	0.0103646987364297
OH	39139	40.5	42.6569278503548	11	85675	0.0103646987364297
OH	39139	41.9	43.9245809893954	12	87011	0.0103646987364297
OH	39139	42.9	44.7018017444213	13	95658	0.0103646987364297
OH	39139	43.5	45.1694181704771	14	96924	0.0103646987364297
OH	39139	43.9	45.4475712735278	15	97969	0.0103646987364297
OH	39139	44.2	45.6119047797553	16	99567	0.0103646987364297
OH	39139	44.7	45.708603760631	17	101269	0.0103646987364297
OH	39141	0	2.23608739819762	0	22	0.00655875987030652
OH	39141	1.4	3.63745685460382	1	2129	0.00655875987030652
OH	39141	6.2	5.80945703386336	2	5866	0.00655875987030652
OH	39141	14.9	9.02402640890992	3	15336	0.00655875987030652
OH	39141	23.3	13.4707399096042	4	44940	0.00655875987030652
OH	39141	26.5	19.0794882214307	5	55848	0.00655875987030652
OH	39141	29.1	25.3848409544082	6	63828	0.00655875987030652
OH	39141	30.5	31.6185236557637	7	66732	0.00655875987030652
OH	39141	32.1	37.0456203110749	8	69943	0.00655875987030652
OH	39141	43.9	41.2717117483234	9	76794	0.00655875987030652
OH	39141	45.7	44.2855839513964	10	81800	0.00655875987030652
OH	39141	46.8	46.3027399282333	11	85675	0.00655875987030652
OH	39141	48.3	47.5960677464696	12	87011	0.00655875987030652
OH	39141	49.3	48.4026175989874	13	95658	0.00655875987030652
OH	39141	50	48.8969307682467	14	96924	0.00655875987030652
OH	39141	50.3	49.1966602013259	15	97969	0.00655875987030652
OH	39141	50.6	49.377225760652	16	99567	0.00655875987030652
OH	39141	51.2	49.4855781229162	17	101269	0.00655875987030652
OH	39143	0	0.933647867678133	0	22	0.00500620235946309
OH	39143	1	1.6976272851989	1	2129	0.00500620235946309
OH	39143	5.8	3.04920566645336	2	5866	0.00500620235946309
OH	39143	14.7	5.36148178980615	3	15336	0.00500620235946309
OH	39143	26.9	9.09928180650061	4	44940	0.00500620235946309
OH	39143	31.4	14.6207964239729	5	55848	0.00500620235946309
OH	39143	34.7	21.7800059903838	6	63828	0.00500620235946309
OH	39143	36.1	29.6426112712733	7	66732	0.00500620235946309
OH	39143	37.6	36.8484321548468	8	69943	0.00500620235946309
OH	39143	46.4	42.4365127584906	9	76794	0.00500620235946309
OH	39143	48	46.2346170173853	10	81800	0.00500620235946309
OH	39143	49.1	48.5903906358972	11	85675	0.00500620235946309
OH	39143	50.5	49.9695932560119	12	87011	0.00500620235946309
OH	39143	51.6	50.749906355933	13	95658	0.00500620235946309
OH	39143	52.2	51.1828622156288	14	96924	0.00500620235946309
OH	39143	52.5	51.4204918351567	15	97969	0.00500620235946309
OH	39143	52.8	51.5501386380251	16	99567	0.00500620235946309
OH	39143	53.3	51.6206412082178	17	101269	0.00500620235946309
OH	39145	0	3.52561217200184	0	22	0.00644309656004312
OH	39145	2.1	5.28882873645481	1	2129	0.00644309656004312
OH	39145	8.8	7.77521225904769	2	5866	0.00644309656004312
OH	39145	16.5	11.1170231506552	3	15336	0.00644309656004312
OH	39145	24.8	15.3300995716175	4	44940	0.00644309656004312
OH	39145	27.5	20.2330414200357	5	55848	0.00644309656004312
OH	39145	29.6	25.4344182719752	6	63828	0.00644309656004312
OH	39145	30.9	30.4376830286622	7	66732	0.00644309656004312
OH	39145	33.1	34.8170160114488	8	69943	0.00644309656004312
OH	39145	42.2	38.3446713133087	9	76794	0.00644309656004312
OH	39145	44.2	41.0009475270418	10	81800	0.00644309656004312
OH	39145	45.8	42.9012507854576	11	85675	0.00644309656004312
OH	39145	47.2	44.2114847854045	12	87011	0.00644309656004312
OH	39145	48.1	45.0920543639173	13	95658	0.00644309656004312
OH	39145	48.7	45.6737285469558	14	96924	0.00644309656004312
OH	39145	49.2	46.0535924488203	15	97969	0.00644309656004312
OH	39145	49.6	46.2998137074317	16	99567	0.00644309656004312
OH	39145	50.6	46.4586366505552	17	101269	0.00644309656004312
OH	39147	0	0.94204961332834	0	22	0.00472046607523248
OH	39147	0.7	1.65018072495444	1	2129	0.00472046607523248
OH	39147	3.2	2.85936546677164	2	5866	0.00472046607523248
OH	39147	9.5	4.86480581662795	3	15336	0.00472046607523248
OH	39147	20.1	8.03527958422938	4	44940	0.00472046607523248
OH	39147	24.3	12.6867815227705	5	55848	0.00472046607523248
OH	39147	27.1	18.813855180294	6	63828	0.00472046607523248
OH	39147	28.5	25.8324534836346	7	66732	0.00472046607523248
OH	39147	29.9	32.6940345429662	8	69943	0.00472046607523248
OH	39147	42.8	38.4378537722921	9	76794	0.00472046607523248
OH	39147	44.3	42.653563038502	10	81800	0.00472046607523248
OH	39147	45.2	45.4584078248967	11	85675	0.00472046607523248
OH	39147	46.5	47.2047206374539	12	87011	0.00472046607523248
OH	39147	47.7	48.2474344715884	13	95658	0.00472046607523248
OH	39147	48.4	48.8545450042794	14	96924	0.00472046607523248
OH	39147	48.7	49.2028558067816	15	97969	0.00472046607523248
OH	39147	49	49.4009997491586	16	99567	0.00472046607523248
OH	39147	49.5	49.513174302728	17	101269	0.00472046607523248
OH	39149	0	1.82975676248716	0	22	0.00415686408705546
OH	39149	0.6	3.25492142254671	1	2129	0.00415686408705546
OH	39149	5.2	5.62560781671322	2	5866	0.00415686408705546
OH	39149	11	9.28415905452575	3	15336	0.00415686408705546
OH	39149	19.4	14.3243606431335	4	44940	0.00415686408705546
OH	39149	22.5	20.2815120006217	5	55848	0.00415686408705546
OH	39149	24.6	26.1699350466485	6	63828	0.00415686408705546
OH	39149	25.5	31.0469033856983	7	66732	0.00415686408705546
OH	39149	26.7	34.5283174404689	8	69943	0.00415686408705546
OH	39149	31.3	36.7584328940217	9	76794	0.00415686408705546
OH	39149	32.5	38.0894689501239	10	81800	0.00415686408705546
OH	39149	33.4	38.8506073191561	11	85675	0.00415686408705546
OH	39149	34.4	39.2752371341987	12	87011	0.00415686408705546
OH	39149	35.2	39.5088734178709	13	95658	0.00415686408705546
OH	39149	35.6	39.6364435850903	14	96924	0.00415686408705546
OH	39149	35.9	39.7058087616861	15	97969	0.00415686408705546
OH	39149	36.1	39.7434397165952	16	99567	0.00415686408705546
OH	39149	36.4	39.7638294884455	17	101269	0.00415686408705546
OH	39151	0	0.598969289157185	0	22	0.031705263878314
OH	39151	1.3	1.07373762741411	1	2129	0.031705263878314
OH	39151	5.8	1.91147116454692	2	5866	0.031705263878314
OH	39151	13.1	3.36164776527694	3	15336	0.031705263878314
OH	39151	24.7	5.79078008656395	4	44940	0.031705263878314
OH	39151	31.6	9.64390144875551	5	55848	0.031705263878314
OH	39151	35.4	15.2570624211226	6	63828	0.031705263878314
OH	39151	37.1	22.4971346503369	7	66732	0.031705263878314
OH	39151	38.8	30.4996818133194	8	69943	0.031705263878314
OH	39151	47.4	37.9670774309906	9	76794	0.031705263878314
OH	39151	48.9	43.9115539536766	10	81800	0.031705263878314
OH	39151	49.9	48.0732555796828	11	85675	0.031705263878314
OH	39151	51.8	50.731731797662	12	87011	0.031705263878314
OH	39151	53.4	52.3318660603595	13	95658	0.031705263878314
OH	39151	54.2	53.2607141236221	14	96924	0.031705263878314
OH	39151	54.5	53.7885872517298	15	97969	0.031705263878314
OH	39151	54.8	54.0849749403508	16	99567	0.031705263878314
OH	39151	55.3	54.2502596965674	17	101269	0.031705263878314
OH	39153	0	0.432015064351965	0	22	0.0462835462097167
OH	39153	1.1	0.799593978940294	1	2129	0.0462835462097167
OH	39153	5.6	1.47244570170227	2	5866	0.0462835462097167
OH	39153	12.3	2.68663755582279	3	15336	0.0462835462097167
OH	39153	28	4.82228252767879	4	44940	0.0462835462097167
OH	39153	35.6	8.4147027913666	5	55848	0.0462835462097167
OH	39153	39.9	14.0267199977856	6	63828	0.0462835462097167
OH	39153	41.6	21.8548048784573	7	66732	0.0462835462097167
OH	39153	43.5	31.2090371228188	8	69943	0.0462835462097167
OH	39153	55.1	40.5245785570138	9	76794	0.0462835462097167
OH	39153	56.5	48.2612611267817	10	81800	0.0462835462097167
OH	39153	57.6	53.7749841013632	11	85675	0.0462835462097167
OH	39153	60.1	57.2902257860525	12	87011	0.0462835462097167
OH	39153	61.7	59.374740691269	13	95658	0.0462835462097167
OH	39153	62.6	60.5581235124166	14	96924	0.0462835462097167
OH	39153	63.1	61.2133600907319	15	97969	0.0462835462097167
OH	39153	63.4	61.5711527193004	16	99567	0.0462835462097167
OH	39153	64	61.7650431156746	17	101269	0.0462835462097167
OH	39155	0	0.546851715784698	0	22	0.0169366332737336
OH	39155	0.8	0.986627845617069	1	2129	0.0169366332737336
OH	39155	6.3	1.76869940139646	2	5866	0.0169366332737336
OH	39155	15	3.13508251504242	3	15336	0.0169366332737336
OH	39155	26.4	5.45009111025772	4	44940	0.0169366332737336
OH	39155	31.8	9.17535288522069	5	55848	0.0169366332737336
OH	39155	35.3	14.6999228296965	6	63828	0.0169366332737336
OH	39155	37.3	21.9749340739423	7	66732	0.0169366332737336
OH	39155	39.1	30.1900275994738	8	69943	0.0169366332737336
OH	39155	48.1	38.0011186548344	9	76794	0.0169366332737336
OH	39155	49.6	44.303701968126	10	81800	0.0169366332737336
OH	39155	50.8	48.7491963135779	11	85675	0.0169366332737336
OH	39155	52.5	51.5957845743654	12	87011	0.0169366332737336
OH	39155	53.5	53.3072733316887	13	95658	0.0169366332737336
OH	39155	54.2	54.2975822952683	14	96924	0.0169366332737336
OH	39155	54.6	54.8579253693273	15	97969	0.0169366332737336
OH	39155	54.9	55.1709759912395	16	99567	0.0169366332737336
OH	39155	55.5	55.3446284976613	17	101269	0.0169366332737336
OH	39157	0	0.998823186320009	0	22	0.00786946813698232
OH	39157	0.7	1.72256167792903	1	2129	0.00786946813698232
OH	39157	4.7	2.93695873353751	2	5866	0.00786946813698232
OH	39157	11.3	4.91381071981933	3	15336	0.00786946813698232
OH	39157	19.3	7.97828133354015	4	44940	0.00786946813698232
OH	39157	23.1	12.386378992062	5	55848	0.00786946813698232
OH	39157	25.5	18.0899918179342	6	63828	0.00786946813698232
OH	39157	26.8	24.5377796936579	7	66732	0.00786946813698232
OH	39157	28.2	30.8029790910517	8	69943	0.00786946813698232
OH	39157	38.6	36.0565360024021	9	76794	0.00786946813698232
OH	39157	40.1	39.9441556782801	10	81800	0.00786946813698232
OH	39157	41	42.5629493974841	11	85675	0.00786946813698232
OH	39157	42.3	44.2172308143007	12	87011	0.00786946813698232
OH	39157	43.3	45.220181980681	13	95658	0.00786946813698232
OH	39157	43.9	45.8131734267045	14	96924	0.00786946813698232
OH	39157	44.2	46.1585862265227	15	97969	0.00786946813698232
OH	39157	44.5	46.3580403069066	16	99567	0.00786946813698232
OH	39157	44.9	46.4726331548468	17	101269	0.00786946813698232
OH	39159	0	1.09674491143452	0	22	0.00504641075874105
OH	39159	0.9	1.95423142381192	1	2129	0.00504641075874105
OH	39159	5.8	3.44110934624171	2	5866	0.00504641075874105
OH	39159	13.2	5.93795198635602	3	15336	0.00504641075874105
OH	39159	27.5	9.91316192673702	4	44940	0.00504641075874105
OH	39159	34.8	15.7346847501629	5	55848	0.00504641075874105
OH	39159	38.7	23.2950614472975	6	63828	0.00504641075874105
OH	39159	40.2	31.7175437358868	7	66732	0.00504641075874105
OH	39159	42.1	39.6378393067384	8	69943	0.00504641075874105
OH	39159	53.4	45.9838761399928	9	76794	0.00504641075874105
OH	39159	55	50.4474982481547	10	81800	0.00504641075874105
OH	39159	56.1	53.3072149152301	11	85675	0.00504641075874105
OH	39159	59.2	55.0312574622237	12	87011	0.00504641075874105
OH	39159	60.8	56.0327767121917	13	95658	0.00504641075874105
OH	39159	61.6	56.6020717024279	14	96924	0.00504641075874105
OH	39159	62.2	56.9216874389704	15	97969	0.00504641075874105
OH	39159	62.4	57.0998786100575	16	99567	0.00504641075874105
OH	39159	63	57.198836580913	17	101269	0.00504641075874105
OH	39161	0	1.38826964192195	0	22	0.00241892019060492
OH	39161	0	2.56642060299482	1	2129	0.00241892019060492
OH	39161	0.6	4.63842219261931	2	5866	0.00241892019060492
OH	39161	2.9	8.06635466130104	3	15336	0.00241892019060492
OH	39161	9.1	13.2019879839685	4	44940	0.00241892019060492
OH	39161	11.7	19.8564049314549	5	55848	0.00241892019060492
OH	39161	13.2	27.0271351289951	6	63828	0.00241892019060492
OH	39161	14.2	33.3704725127221	7	66732	0.00241892019060492
OH	39161	15.4	38.0741891910869	8	69943	0.00241892019060492
OH	39161	37.6	41.1254714317591	9	76794	0.00241892019060492
OH	39161	39	42.9366991904404	10	81800	0.00241892019060492
OH	39161	40	43.9556892894234	11	85675	0.00241892019060492
OH	39161	41.2	44.5117324469757	12	87011	0.00241892019060492
OH	39161	42.4	44.8101072067028	13	95658	0.00241892019060492
OH	39161	42.9	44.9687759360531	14	96924	0.00241892019060492
OH	39161	43.2	45.0527469369716	15	97969	0.00241892019060492
OH	39161	43.5	45.0970730155924	16	99567	0.00241892019060492
OH	39161	43.9	45.1204400746824	17	101269	0.00241892019060492
OH	39163	0	2.56562771155351	0	22	0.00111941894585554
OH	39163	0.8	4.05530319882082	1	2129	0.00111941894585554
OH	39163	5.4	6.27202934508839	2	5866	0.00111941894585554
OH	39163	11.9	9.399566382119	3	15336	0.00111941894585554
OH	39163	18.2	13.4959926366553	4	44940	0.00111941894585554
OH	39163	20.9	18.3688731939544	5	55848	0.00111941894585554
OH	39163	22.8	23.5431770812639	6	63828	0.00111941894585554
OH	39163	23.6	28.4154266377978	7	66732	0.00111941894585554
OH	39163	24.9	32.5108489750436	8	69943	0.00111941894585554
OH	39163	34.2	35.6373284495155	9	76794	0.00111941894585554
OH	39163	35.8	37.85315240388	10	81800	0.00111941894585554
OH	39163	36.5	39.3421504814112	11	85675	0.00111941894585554
OH	39163	37.8	40.3072706781253	12	87011	0.00111941894585554
OH	39163	38.7	40.9182782448225	13	95658	0.00111941894585554
OH	39163	39.3	41.2993549430529	14	96924	0.00111941894585554
OH	39163	39.7	41.5348128226184	15	97969	0.00111941894585554
OH	39163	39.8	41.6794559923851	16	99567	0.00111941894585554
OH	39163	40.2	41.7679951184342	17	101269	0.00111941894585554
OH	39165	0	1.11138664089275	0	22	0.0200701508242722
OH	39165	1.1	2.01525192654963	1	2129	0.0200701508242722
OH	39165	6	3.60744461173769	2	5866	0.0200701508242722
OH	39165	13.9	6.31521503551832	3	15336	0.0200701508242722
OH	39165	30.3	10.6559245479782	4	44940	0.0200701508242722
OH	39165	37	16.9955877433716	5	55848	0.0200701508242722
OH	39165	41.4	25.0995773551344	6	63828	0.0200701508242722
OH	39165	42.9	33.8622317500254	7	66732	0.0200701508242722
OH	39165	44.9	41.7775787579962	8	69943	0.0200701508242722
OH	39165	55.5	47.8473078254002	9	76794	0.0200701508242722
OH	39165	57	51.9428277803931	10	81800	0.0200701508242722
OH	39165	58.3	54.4732454293232	11	85675	0.0200701508242722
OH	39165	61.1	55.952502144166	12	87011	0.0200701508242722
OH	39165	62.8	56.789424529976	13	95658	0.0200701508242722
OH	39165	63.5	57.2541862347627	14	96924	0.0200701508242722
OH	39165	63.8	57.5096096490561	15	97969	0.0200701508242722
OH	39165	64.1	57.64918349256	16	99567	0.0200701508242722
OH	39165	64.8	57.7252137718744	17	101269	0.0200701508242722
OH	39167	0	1.15714900516194	0	22	0.00512537321094011
OH	39167	1.9	2.03039268222049	1	2129	0.00512537321094011
OH	39167	7.8	3.51630751406288	2	5866	0.00512537321094011
OH	39167	14.6	5.95785059669966	3	15336	0.00512537321094011
OH	39167	29.3	9.7479662986558	4	44940	0.00512537321094011
OH	39167	33	15.1418717337005	5	55848	0.00512537321094011
OH	39167	36.5	21.9399429223377	6	63828	0.00512537321094011
OH	39167	37.7	29.308005713506	7	66732	0.00512537321094011
OH	39167	39.1	36.0959295520464	8	69943	0.00512537321094011
OH	39167	46.7	41.4748685230808	9	76794	0.00512537321094011
OH	39167	49	45.2508137476055	10	81800	0.00512537321094011
OH	39167	50.2	47.6816331566657	11	85675	0.00512537321094011
OH	39167	53.3	49.1604102192307	12	87011	0.00512537321094011
OH	39167	54.3	50.0292434524752	13	95658	0.00512537321094011
OH	39167	54.9	50.529306972547	14	96924	0.00512537321094011
OH	39167	55.2	50.8137158172272	15	97969	0.00512537321094011
OH	39167	55.5	50.9743776044211	16	99567	0.00512537321094011
OH	39167	56.3	51.0647871050646	17	101269	0.00512537321094011
OH	39169	0	0.974615280675062	0	22	0.00989896570309091
OH	39169	0.7	1.75567411891575	1	2129	0.00989896570309091
OH	39169	4.1	3.12027419761043	2	5866	0.00989896570309091
OH	39169	11.3	5.41859156495582	3	15336	0.00989896570309091
OH	39169	21.8	9.06053475379858	4	44940	0.00989896570309091
OH	39169	26.7	14.3087291008235	5	55848	0.00989896570309091
OH	39169	29.7	20.9221126785323	6	63828	0.00989896570309091
OH	39169	31.3	27.9790815671021	7	66732	0.00989896570309091
OH	39169	32.6	34.2908848563906	8	69943	0.00989896570309091
OH	39169	39.4	39.1049736444572	9	76794	0.00989896570309091
OH	39169	40.8	42.3494553568973	10	81800	0.00989896570309091
OH	39169	41.8	44.3578348100788	11	85675	0.00989896570309091
OH	39169	43.4	45.5363028373275	12	87011	0.00989896570309091
OH	39169	44.5	46.2062026257235	13	95658	0.00989896570309091
OH	39169	45.2	46.5801539632788	14	96924	0.00989896570309091
OH	39169	45.5	46.786787178542	15	97969	0.00989896570309091
OH	39169	45.7	46.900324110688	16	99567	0.00989896570309091
OH	39169	46.1	46.9625150872643	17	101269	0.00989896570309091
OH	39171	0	0.984269830844513	0	22	0.00313899273682319
OH	39171	0.5	1.69105361401341	1	2129	0.00313899273682319
OH	39171	3.3	2.87363231306972	2	5866	0.00313899273682319
OH	39171	7.9	4.79557042798224	3	15336	0.00313899273682319
OH	39171	14.4	7.77613398401335	4	44940	0.00313899273682319
OH	39171	16	12.0783494144436	5	55848	0.00313899273682319
OH	39171	17.3	17.6860670343543	6	63828	0.00313899273682319
OH	39171	18.3	24.097940150454	7	66732	0.00313899273682319
OH	39171	19.8	30.417808383062	8	69943	0.00313899273682319
OH	39171	39.7	35.7982270561397	9	76794	0.00313899273682319
OH	39171	40.8	39.8365011168033	10	81800	0.00313899273682319
OH	39171	41.5	42.5898878700452	11	85675	0.00313899273682319
OH	39171	42.7	44.3464829628153	12	87011	0.00313899273682319
OH	39171	43.8	45.4200754678158	13	95658	0.00313899273682319
OH	39171	44.4	46.0591069471527	14	96924	0.00313899273682319
OH	39171	44.7	46.4335039030539	15	97969	0.00313899273682319
OH	39171	44.9	46.650825345293	16	99567	0.00313899273682319
OH	39171	45.3	46.776290564872	17	101269	0.00313899273682319
OH	39173	0	0.805073079681961	0	22	0.0111913663156274
OH	39173	1.2	1.52173787750619	1	2129	0.0111913663156274
OH	39173	5.7	2.84550196358841	2	5866	0.0111913663156274
OH	39173	15.3	5.2173979859598	3	15336	0.0111913663156274
OH	39173	32.6	9.2444751842993	4	44940	0.0111913663156274
OH	39173	37.6	15.4945663412531	5	55848	0.0111913663156274
OH	39173	41.3	23.9603807221054	6	63828	0.0111913663156274
OH	39173	42.7	33.536143307094	7	66732	0.0111913663156274
OH	39173	44.3	42.3895238177579	8	69943	0.0111913663156274
OH	39173	54.4	49.1737492867067	9	76794	0.0111913663156274
OH	39173	55.8	53.6620272729111	10	81800	0.0111913663156274
OH	39173	56.9	56.3499117686799	11	85675	0.0111913663156274
OH	39173	59.3	57.8646149264453	12	87011	0.0111913663156274
OH	39173	60.7	58.6890612587161	13	95658	0.0111913663156274
OH	39173	61.4	59.1293354804861	14	96924	0.0111913663156274
OH	39173	61.7	59.3620620729747	15	97969	0.0111913663156274
OH	39173	61.9	59.484415785081	16	99567	0.0111913663156274
OH	39173	62.5	59.5485589469754	17	101269	0.0111913663156274
OH	39175	0	1.74502281910376	0	22	0.00186258993421221
OH	39175	0.9	3.03406320885982	1	2129	0.00186258993421221
OH	39175	6.2	5.16734782587564	2	5866	0.00186258993421221
OH	39175	12.8	8.51226037429171	3	15336	0.00186258993421221
OH	39175	23.7	13.3372964913866	4	44940	0.00186258993421221
OH	39175	26.8	19.5215160958484	5	55848	0.00186258993421221
OH	39175	28.8	26.3497690522526	6	63828	0.00186258993421221
OH	39175	29.9	32.7523341951032	7	66732	0.00186258993421221
OH	39175	31.2	37.8989268559271	8	69943	0.00186258993421221
OH	39175	41.9	41.5476387954844	9	76794	0.00186258993421221
OH	39175	43.1	43.910261536374	10	81800	0.00186258993421221
OH	39175	44.2	45.351566958871	11	85675	0.00186258993421221
OH	39175	45.6	46.1990653393365	12	87011	0.00186258993421221
OH	39175	46.5	46.6866556145409	13	95658	0.00186258993421221
OH	39175	47.1	46.9636682302073	14	96924	0.00186258993421221
OH	39175	47.5	47.1199207486129	15	97969	0.00186258993421221
OH	39175	47.7	47.2077003390577	16	99567	0.00186258993421221
OH	39175	48.1	47.2569008855735	17	101269	0.00186258993421221
