1386	7
OK	40001	0	3.68131702733055	0	132	0.00560883564726656
OK	40001	0.8	5.32432066201749	1	4675	0.00560883564726656
OK	40001	6.8	7.54074866777816	2	22742	0.00560883564726656
OK	40001	12.6	10.3888980924806	3	46321	0.00560883564726656
OK	40001	17.2	13.828700894138	4	84278	0.00560883564726656
OK	40001	19.3	17.6850257839546	5	92501	0.00560883564726656
OK	40001	21.5	21.6635916406167	6	99730	0.00560883564726656
OK	40001	22.8	25.4314628987366	7	103201	0.00560883564726656
OK	40001	24.7	28.7212927478102	8	110699	0.00560883564726656
OK	40001	27.8	31.3960270463018	9	117451	0.00560883564726656
OK	40001	29.6	33.4473912453859	10	121437	0.00560883564726656
OK	40001	31	34.951349872273	11	124362	0.00560883564726656
OK	40001	33.1	36.0179369833027	12	127443	0.00560883564726656
OK	40001	34.7	36.7566437638474	13	137683	0.00560883564726656
OK	40001	35.5	37.2599113117118	14	138718	0.00560883564726656
OK	40001	36.1	37.5989447957609	15	139561	0.00560883564726656
OK	40001	36.7	37.8256130027203	16	140247	0.00560883564726656
OK	40001	37.1	37.9763890935708	17	140639	0.00560883564726656
OK	40003	0	1.66381221821554	0	132	0.00144100121026917
OK	40003	1.3	3.35773097360543	1	4675	0.00144100121026917
OK	40003	10.2	6.49129635624807	2	22742	0.00144100121026917
OK	40003	25.4	11.6435520786044	3	46321	0.00144100121026917
OK	40003	32.6	18.6698317871368	4	84278	0.00144100121026917
OK	40003	34.1	26.1528794845805	5	92501	0.00144100121026917
OK	40003	35.8	32.2893118905396	6	99730	0.00144100121026917
OK	40003	36.6	36.3313147126762	7	103201	0.00144100121026917
OK	40003	38.5	38.6238298613282	8	110699	0.00144100121026917
OK	40003	40.4	39.8150652546225	9	117451	0.00144100121026917
OK	40003	41.9	40.4059553206149	10	121437	0.00144100121026917
OK	40003	42.9	40.6923009515215	11	124362	0.00144100121026917
OK	40003	43.7	40.8294959428134	12	127443	0.00144100121026917
OK	40003	44.5	40.8948712752835	13	137683	0.00144100121026917
OK	40003	44.8	40.925942447465	14	138718	0.00144100121026917
OK	40003	45.1	40.940691462618	15	139561	0.00144100121026917
OK	40003	45.3	40.947688477209	16	140247	0.00144100121026917
OK	40003	45.4	40.9510069728227	17	140639	0.00144100121026917
OK	40005	0	4.25849558237207	0	132	0.003476901902996
OK	40005	1.3	6.39471111963385	1	4675	0.003476901902996
OK	40005	7.8	9.29007603060498	2	22742	0.003476901902996
OK	40005	15.6	12.9263134287747	3	46321	0.003476901902996
OK	40005	21.8	17.0797760057378	4	84278	0.003476901902996
OK	40005	23.7	21.339911397145	5	92501	0.003476901902996
OK	40005	25.1	25.2533166684892	6	99730	0.003476901902996
OK	40005	26	28.5005257712039	7	103201	0.003476901902996
OK	40005	27.8	30.9750952479688	8	110699	0.003476901902996
OK	40005	30.1	32.7412863311724	9	117451	0.003476901902996
OK	40005	32.1	33.9437731480323	10	121437	0.003476901902996
OK	40005	32.9	34.736392122659	11	124362	0.003476901902996
OK	40005	33.8	35.2477571299904	12	127443	0.003476901902996
OK	40005	34.8	35.5731165480875	13	137683	0.003476901902996
OK	40005	35.4	35.778302107335	14	138718	0.003476901902996
OK	40005	35.9	35.9069785093815	15	139561	0.003476901902996
OK	40005	36.3	35.9873912228697	16	140247	0.003476901902996
OK	40005	36.6	36.0375325787724	17	140639	0.003476901902996
OK	40007	0	1.55978032124247	0	132	0.00134218825460182
OK	40007	0.9	2.63941802512824	1	4675	0.00134218825460182
OK	40007	8.3	4.36616237340583	2	22742	0.00134218825460182
OK	40007	13.9	6.97241632206107	3	46321	0.00134218825460182
OK	40007	18.8	10.5812564386931	4	84278	0.00134218825460182
OK	40007	20.7	15.0244679422261	5	92501	0.00134218825460182
OK	40007	22	19.7670544310573	6	99730	0.00134218825460182
OK	40007	22.7	24.1166233114314	7	103201	0.00134218825460182
OK	40007	24	27.5846760863629	8	110699	0.00134218825460182
OK	40007	25.9	30.0540431906588	9	117451	0.00134218825460182
OK	40007	28	31.674121087679	10	121437	0.00134218825460182
OK	40007	28.7	32.6806762483007	11	124362	0.00134218825460182
OK	40007	29.6	33.2850360829654	12	127443	0.00134218825460182
OK	40007	30.2	33.6404876194212	13	137683	0.00134218825460182
OK	40007	30.7	33.8470090935303	14	138718	0.00134218825460182
OK	40007	31	33.9661505262656	15	139561	0.00134218825460182
OK	40007	31.3	34.034601044253	16	140247	0.00134218825460182
OK	40007	31.5	34.0738352606255	17	140639	0.00134218825460182
OK	40009	0	3.33293438008513	0	132	0.00552417493077407
OK	40009	3.3	5.44903910853772	1	4675	0.00552417493077407
OK	40009	9.2	8.58992241750507	2	22742	0.00552417493077407
OK	40009	17.7	12.858370124988	3	46321	0.00552417493077407
OK	40009	25.1	18.0133567022451	4	84278	0.00552417493077407
OK	40009	27.7	23.4208572006112	5	92501	0.00552417493077407
OK	40009	29.7	28.3162810481614	6	99730	0.00552417493077407
OK	40009	30.8	32.1913442604878	7	103201	0.00552417493077407
OK	40009	33.4	34.9454828380885	8	110699	0.00552417493077407
OK	40009	35.9	36.7565457328345	9	117451	0.00552417493077407
OK	40009	37.4	37.8873538768624	10	121437	0.00552417493077407
OK	40009	38.3	38.5707371451053	11	124362	0.00552417493077407
OK	40009	39.3	38.9756066970788	12	127443	0.00552417493077407
OK	40009	40.1	39.2126543091237	13	137683	0.00552417493077407
OK	40009	40.6	39.3504846887797	14	138718	0.00552417493077407
OK	40009	41.1	39.4303027158602	15	139561	0.00552417493077407
OK	40009	41.4	39.4764175661188	16	140247	0.00552417493077407
OK	40009	41.6	39.5030244003828	17	140639	0.00552417493077407
OK	40011	0	3.15191356390109	0	132	0.00238288327106769
OK	40011	2.1	5.067175145683	1	4675	0.00238288327106769
OK	40011	11.3	7.91782133899392	2	22742	0.00238288327106769
OK	40011	18.7	11.8764924520609	3	46321	0.00238288327106769
OK	40011	26.9	16.8755065957331	4	84278	0.00238288327106769
OK	40011	29.5	22.4824062198482	5	92501	0.00238288327106769
OK	40011	31.7	27.9930131310112	6	99730	0.00238288327106769
OK	40011	32.9	32.7489725925957	7	103201	0.00238288327106769
OK	40011	36.1	36.4145957149184	8	110699	0.00238288327106769
OK	40011	39.8	39.0010847415414	9	117451	0.00238288327106769
OK	40011	42.2	40.7145224284291	10	121437	0.00238288327106769
OK	40011	43.4	41.802648585485	11	124362	0.00238288327106769
OK	40011	44.5	42.4752372458372	12	127443	0.00238288327106769
OK	40011	45.6	42.8840508756213	13	137683	0.00238288327106769
OK	40011	46	43.1300043020707	14	138718	0.00238288327106769
OK	40011	46.5	43.2770657047095	15	139561	0.00238288327106769
OK	40011	46.7	43.3646727631238	16	140247	0.00238288327106769
OK	40011	46.8	43.4167469376164	17	140639	0.00238288327106769
OK	40013	0	3.91677115330313	0	132	0.0121292271285284
OK	40013	1.2	5.70506523401817	1	4675	0.0121292271285284
OK	40013	9.2	8.13422328912304	2	22742	0.0121292271285284
OK	40013	16.5	11.2740337443424	3	46321	0.0121292271285284
OK	40013	21.7	15.081790382513	4	84278	0.0121292271285284
OK	40013	24.4	19.3582565032886	5	92501	0.0121292271285284
OK	40013	26.2	23.7660106786308	6	99730	0.0121292271285284
OK	40013	27.2	27.9248362162033	7	103201	0.0121292271285284
OK	40013	29.3	31.5341485490582	8	110699	0.0121292271285284
OK	40013	32.3	34.446236973579	9	117451	0.0121292271285284
OK	40013	37.8	36.6606170295476	10	121437	0.0121292271285284
OK	40013	38.9	38.2697616427143	11	124362	0.0121292271285284
OK	40013	40	39.4009393120253	12	127443	0.0121292271285284
OK	40013	41	40.1777033592125	13	137683	0.0121292271285284
OK	40013	41.8	40.7025508314596	14	138718	0.0121292271285284
OK	40013	42.5	41.0533231080582	15	139561	0.0121292271285284
OK	40013	43.1	41.2860442557455	16	140247	0.0121292271285284
OK	40013	43.6	41.4396944165115	17	140639	0.0121292271285284
OK	40015	0	4.2672653747249	0	132	0.00726869112763273
OK	40015	4.1	6.56943950574322	1	4675	0.00726869112763273
OK	40015	16.1	9.86305527285628	2	22742	0.00726869112763273
OK	40015	27.3	14.301030837873	3	46321	0.00726869112763273
OK	40015	38.2	19.8216218624085	4	84278	0.00726869112763273
OK	40015	41.7	26.0447995154226	5	92501	0.00726869112763273
OK	40015	45	32.3269923110696	6	99730	0.00726869112763273
OK	40015	46.7	38.000513103566	7	103201	0.00726869112763273
OK	40015	50.7	42.6317076877514	8	110699	0.00726869112763273
OK	40015	54.8	46.1100481783615	9	117451	0.00726869112763273
OK	40015	57.2	48.5625765015865	10	121437	0.00726869112763273
OK	40015	58.4	50.2158008671451	11	124362	0.00726869112763273
OK	40015	60	51.2967185196704	12	127443	0.00726869112763273
OK	40015	63.7	51.9894103347689	13	137683	0.00726869112763273
OK	40015	64.9	52.4276216394348	14	138718	0.00726869112763273
OK	40015	65.4	52.7025841878961	15	139561	0.00726869112763273
OK	40015	65.8	52.8742288819388	16	140247	0.00726869112763273
OK	40015	66.1	52.9810339472789	17	140639	0.00726869112763273
OK	40017	0	0.877692544394175	0	132	0.0374796782690598
OK	40017	2.8	1.53622736065636	1	4675	0.0374796782690598
OK	40017	10.1	2.66334999826264	2	22742	0.0374796782690598
OK	40017	18.3	4.5436499936048	3	46321	0.0374796782690598
OK	40017	31.3	7.55014853460103	4	84278	0.0374796782690598
OK	40017	35.6	12.0458948121391	5	92501	0.0374796782690598
OK	40017	39.6	18.1374698876742	6	99730	0.0374796782690598
OK	40017	41.4	25.3752984561679	7	103201	0.0374796782690598
OK	40017	45	32.745728831033	8	110699	0.0374796782690598
OK	40017	48.8	39.1614777475138	9	117451	0.0374796782690598
OK	40017	51.3	44.0268605426071	10	121437	0.0374796782690598
OK	40017	52.8	47.344540165229	11	124362	0.0374796782690598
OK	40017	54.8	49.4461687810107	12	127443	0.0374796782690598
OK	40017	56.4	50.7159749957529	13	137683	0.0374796782690598
OK	40017	57.3	51.4613809131603	14	138718	0.0374796782690598
OK	40017	57.7	51.8915620870293	15	139561	0.0374796782690598
OK	40017	58.3	52.1373869606626	16	140247	0.0374796782690598
OK	40017	58.7	52.2770710453054	17	140639	0.0374796782690598
OK	40019	0	3.76214700551674	0	132	0.0121585424811049
OK	40019	1.9	5.77829174953259	1	4675	0.0121585424811049
OK	40019	9	8.63170792905709	2	22742	0.0121585424811049
OK	40019	16.9	12.4128074513351	3	46321	0.0121585424811049
OK	40019	24.4	17.0087734164378	4	84278	0.0121585424811049
OK	40019	27.7	22.0434080897567	5	92501	0.0121585424811049
OK	40019	30.2	26.9673882005845	6	99730	0.0121585424811049
OK	40019	31.6	31.2770796903248	7	103201	0.0121585424811049
OK	40019	34.2	34.6975737378685	8	110699	0.0121585424811049
OK	40019	36.9	37.2075905229735	9	117451	0.0121585424811049
OK	40019	38.8	38.9454584793156	10	121437	0.0121585424811049
OK	40019	40.3	40.1008282697085	11	124362	0.0121585424811049
OK	40019	41.7	40.8483453009152	12	127443	0.0121585424811049
OK	40019	42.8	41.3235135639864	13	137683	0.0121585424811049
OK	40019	43.4	41.6221757034923	14	138718	0.0121585424811049
OK	40019	43.8	41.8085691644199	15	139561	0.0121585424811049
OK	40019	44.2	41.9243815467034	16	140247	0.0121585424811049
OK	40019	44.5	41.9961413956928	17	140639	0.0121585424811049
OK	40021	0	2.95468041708685	0	132	0.0122965268130598
OK	40021	1.5	4.5568615667958	1	4675	0.0122965268130598
OK	40021	10.8	6.89256924353743	2	22742	0.0122965268130598
OK	40021	18.5	10.1409567299093	3	46321	0.0122965268130598
OK	40021	26.1	14.3746614164834	4	84278	0.0122965268130598
OK	40021	28.2	19.4489322200683	5	92501	0.0122965268130598
OK	40021	31.6	24.9538335184376	6	99730	0.0122965268130598
OK	40021	33.1	30.3163243850571	7	103201	0.0122965268130598
OK	40021	35	35.019303406661	8	110699	0.0122965268130598
OK	40021	38.7	38.7787751983393	9	117451	0.0122965268130598
OK	40021	40.9	41.5675262952045	10	121437	0.0122965268130598
OK	40021	42.4	43.5235599511333	11	124362	0.0122965268130598
OK	40021	44.7	44.8422595601285	12	127443	0.0122965268130598
OK	40021	46.3	45.707720102121	13	137683	0.0122965268130598
OK	40021	47.2	46.2657476190014	14	138718	0.0122965268130598
OK	40021	47.6	46.6214510782234	15	139561	0.0122965268130598
OK	40021	48.5	46.8465338287658	16	140247	0.0122965268130598
OK	40021	49	46.9883032073891	17	140639	0.0122965268130598
OK	40023	0	3.85061055974781	0	132	0.00370788666381432
OK	40023	0.7	5.62439631866822	1	4675	0.00370788666381432
OK	40023	8	8.01861617554402	2	22742	0.00370788666381432
OK	40023	13.3	11.0741932924898	3	46321	0.00370788666381432
OK	40023	18.5	14.7066518821821	4	84278	0.00370788666381432
OK	40023	20.7	18.6776983137182	5	92501	0.00370788666381432
OK	40023	22.4	22.6401445688343	6	99730	0.00370788666381432
OK	40023	23	26.2497355922091	7	103201	0.00370788666381432
OK	40023	24.7	29.2750419853812	8	110699	0.00370788666381432
OK	40023	27.9	31.6385321227224	9	117451	0.00370788666381432
OK	40023	31.5	33.3855945293306	10	121437	0.00370788666381432
OK	40023	32.4	34.6248860602668	11	124362	0.00370788666381432
OK	40023	33.5	35.4785224661294	12	127443	0.00370788666381432
OK	40023	34.2	36.0546773201079	13	137683	0.00370788666381432
OK	40023	34.7	36.438229096489	14	138718	0.00370788666381432
OK	40023	35.2	36.6912274309659	15	139561	0.00370788666381432
OK	40023	35.5	36.857100010112	16	140247	0.00370788666381432
OK	40023	35.8	36.9654181057967	17	140639	0.00370788666381432
OK	40025	0	1.65731205032618	0	132	0.000540059555655071
OK	40025	0	2.61611782956666	1	4675	0.000540059555655071
OK	40025	9.4	4.06167742136209	2	22742	0.000540059555655071
OK	40025	15	6.15335605949271	3	46321	0.000540059555655071
OK	40025	17.9	9.00675117261028	4	84278	0.000540059555655071
OK	40025	19.9	12.6015900564263	5	92501	0.000540059555655071
OK	40025	20.7	16.7027093937862	6	99730	0.000540059555655071
OK	40025	21.1	20.8838147080275	7	103201	0.000540059555655071
OK	40025	22.7	24.6852326734419	8	110699	0.000540059555655071
OK	40025	25.1	27.7980556837189	9	117451	0.000540059555655071
OK	40025	28.9	30.135841632845	10	121437	0.000540059555655071
OK	40025	29.6	31.7800191054052	11	124362	0.000540059555655071
OK	40025	30.4	32.8837177164763	12	127443	0.000540059555655071
OK	40025	31.3	33.6016122966821	13	137683	0.000540059555655071
OK	40025	32	34.0590335073686	14	138718	0.000540059555655071
OK	40025	32.8	34.3466707023345	15	139561	0.000540059555655071
OK	40025	33	34.5260464779239	16	140247	0.000540059555655071
OK	40025	33.1	34.6373292047547	17	140639	0.000540059555655071
OK	40027	0	0.584915880286345	0	132	0.0717756081608887
OK	40027	2.3	1.05072074997385	1	4675	0.0717756081608887
OK	40027	10.2	1.87474490363382	2	22742	0.0717756081608887
OK	40027	18	3.30556762117711	3	46321	0.0717756081608887
OK	40027	30.1	5.71147662225821	4	84278	0.0717756081608887
OK	40027	33.8	9.54644775816041	5	92501	0.0717756081608887
OK	40027	38.1	15.1674429603475	6	99730	0.0717756081608887
OK	40027	39.6	22.4696681288353	7	103201	0.0717756081608887
OK	40027	43	30.6011002243993	8	110699	0.0717756081608887
OK	40027	45.8	38.238782454896	9	117451	0.0717756081608887
OK	40027	47.7	44.3480022969147	10	121437	0.0717756081608887
OK	40027	49.2	48.6367813486397	11	124362	0.0717756081608887
OK	40027	51.3	51.3792022923516	12	127443	0.0717756081608887
OK	40027	53.8	53.0295457870234	13	137683	0.0717756081608887
OK	40027	54.5	53.986652889765	14	138718	0.0717756081608887
OK	40027	55.3	54.5298583788388	15	139561	0.0717756081608887
OK	40027	56.3	54.8343797882319	16	140247	0.0717756081608887
OK	40027	56.8	55.0039166832838	17	140639	0.0717756081608887
OK	40029	0	4.41639818972868	0	132	0.00138868846903351
OK	40029	1.6	6.60594671473726	1	4675	0.00138868846903351
OK	40029	12.1	9.57614569938186	2	22742	0.00138868846903351
OK	40029	19.4	13.3241303136708	3	46321	0.00138868846903351
OK	40029	24.5	17.6445520221836	4	84278	0.00138868846903351
OK	40029	26.9	22.1348128810376	5	92501	0.00138868846903351
OK	40029	28.5	26.326197543623	6	99730	0.00138868846903351
OK	40029	29.3	29.8640416897675	7	103201	0.00138868846903351
OK	40029	31.3	32.6052810426818	8	110699	0.00138868846903351
OK	40029	34.6	34.5917382291758	9	117451	0.00138868846903351
OK	40029	35.9	35.9624593152806	10	121437	0.00138868846903351
OK	40029	37.1	36.8766496253017	11	124362	0.00138868846903351
OK	40029	38.2	37.4725991758547	12	127443	0.00138868846903351
OK	40029	39.1	37.8553300750313	13	137683	0.00138868846903351
OK	40029	40.1	38.0987741218307	14	138718	0.00138868846903351
OK	40029	40.6	38.2526754564685	15	139561	0.00138868846903351
OK	40029	40.8	38.3495925959869	16	140247	0.00138868846903351
OK	40029	41.1	38.41047571689	17	140639	0.00138868846903351
OK	40031	0	2.08641548566299	0	132	0.0305155130022434
OK	40031	3.3	3.21705168960491	1	4675	0.0305155130022434
OK	40031	9.9	4.90434312913572	2	22742	0.0305155130022434
OK	40031	19	7.35262693632764	3	46321	0.0305155130022434
OK	40031	27.3	10.7641443298777	4	84278	0.0305155130022434
OK	40031	31.5	15.2590373528303	5	92501	0.0305155130022434
OK	40031	36	20.763718107623	6	99730	0.0305155130022434
OK	40031	38.9	26.9319366066753	7	103201	0.0305155130022434
OK	40031	43.9	33.1919374863012	8	110699	0.0305155130022434
OK	40031	49	38.937957626969	9	117451	0.0305155130022434
OK	40031	53.6	43.7458976032491	10	121437	0.0305155130022434
OK	40031	56	47.4669367569937	11	124362	0.0305155130022434
OK	40031	58.5	50.1765998851683	12	127443	0.0305155130022434
OK	40031	57.9	52.0634806626905	13	137683	0.0305155130022434
OK	40031	59.7	53.336860127916	14	138718	0.0305155130022434
OK	40031	60.4	54.1781309500875	15	139561	0.0305155130022434
OK	40031	60.9	54.7261433552631	16	140247	0.0305155130022434
OK	40031	61.3	55.0798525135323	17	140639	0.0305155130022434
OK	40033	0	2.52240073437407	0	132	0.00143190334222818
OK	40033	2.7	3.82094035059424	1	4675	0.00143190334222818
OK	40033	11.2	5.70007254327498	2	22742	0.00143190334222818
OK	40033	19	8.32050166401458	3	46321	0.00143190334222818
OK	40033	26.6	11.791981576696	4	84278	0.00143190334222818
OK	40033	29	16.0911986197146	5	92501	0.00143190334222818
OK	40033	30.9	20.9923698921489	6	99730	0.00143190334222818
OK	40033	31.8	26.0791177282951	7	103201	0.00143190334222818
OK	40033	34.7	30.8691604565234	8	110699	0.00143190334222818
OK	40033	38.4	34.983988001015	9	117451	0.00143190334222818
OK	40033	44.4	38.2489831833759	10	121437	0.00143190334222818
OK	40033	45.7	40.6802503000183	11	124362	0.00143190334222818
OK	40033	47.4	42.4064064664419	12	127443	0.00143190334222818
OK	40033	48.8	43.5908872147679	13	137683	0.00143190334222818
OK	40033	49.4	44.3847885274937	14	138718	0.00143190334222818
OK	40033	49.8	44.9085525942377	15	139561	0.00143190334222818
OK	40033	50.2	45.2505011459819	16	140247	0.00143190334222818
OK	40033	50.5	45.4722256810065	17	140639	0.00143190334222818
OK	40035	0	4.49335243754976	0	132	0.0035739458287665
OK	40035	4	6.80814638735155	1	4675	0.0035739458287665
OK	40035	13.5	10.0263849522388	2	22742	0.0035739458287665
OK	40035	23.9	14.2122359353985	3	46321	0.0035739458287665
OK	40035	32	19.2088026173822	4	84278	0.0035739458287665
OK	40035	34.4	24.5966811439682	5	92501	0.0035739458287665
OK	40035	36.9	29.8055968574776	6	99730	0.0035739458287665
OK	40035	38.7	34.3361883692233	7	103201	0.0035739458287665
OK	40035	42	37.9283241395136	8	110699	0.0035739458287665
OK	40035	45.3	40.5729826421828	9	117451	0.0035739458287665
OK	40035	47.4	42.4157260118305	10	121437	0.0035739458287665
OK	40035	48.9	43.6509731536574	11	124362	0.0035739458287665
OK	40035	50.7	44.4576611021673	12	127443	0.0035739458287665
OK	40035	51.9	44.9755301263902	13	137683	0.0035739458287665
OK	40035	52.6	45.3043402189103	14	138718	0.0035739458287665
OK	40035	53	45.5116517461898	15	139561	0.0035739458287665
OK	40035	53.6	45.641781988542	16	140247	0.0035739458287665
OK	40035	54	45.7232382788304	17	140639	0.0035739458287665
OK	40037	0	0.897016618442688	0	132	0.018074936611868
OK	40037	1.5	1.53555808569186	1	4675	0.018074936611868
OK	40037	7.3	2.60148732057968	2	22742	0.018074936611868
OK	40037	14.9	4.33262274179719	3	46321	0.018074936611868
OK	40037	23.2	7.02236605596723	4	84278	0.018074936611868
OK	40037	26.2	10.9269807308167	5	92501	0.018074936611868
OK	40037	29.3	16.0701826369212	6	99730	0.018074936611868
OK	40037	30.4	22.0419230618639	7	103201	0.018074936611868
OK	40037	33.6	28.0393698214499	8	110699	0.018074936611868
OK	40037	37	33.2462506400118	9	117451	0.018074936611868
OK	40037	39	37.2251595770849	10	121437	0.018074936611868
OK	40037	40.1	39.9792215043509	11	124362	0.018074936611868
OK	40037	41.4	41.7574567610699	12	127443	0.018074936611868
OK	40037	42.6	42.8546182562943	13	137683	0.018074936611868
OK	40037	43.1	43.5126857691346	14	138718	0.018074936611868
OK	40037	43.4	43.9007132100673	15	139561	0.018074936611868
OK	40037	43.8	44.1272147235815	16	140247	0.018074936611868
OK	40037	44	44.258651152156	17	140639	0.018074936611868
OK	40039	0	4.01894083146523	0	132	0.00732959629979598
OK	40039	3	6.14435550005599	1	4675	0.00732959629979598
OK	40039	11.7	9.13809871651043	2	22742	0.00732959629979598
OK	40039	21	13.0886760887869	3	46321	0.00732959629979598
OK	40039	28.3	17.8761339903622	4	84278	0.00732959629979598
OK	40039	31.2	23.1133234471924	5	92501	0.00732959629979598
OK	40039	33.6	28.2382710050254	6	99730	0.00732959629979598
OK	40039	34.9	32.734631523974	7	103201	0.00732959629979598
OK	40039	37.7	36.3169027726782	8	110699	0.00732959629979598
OK	40039	41.4	38.9579342098602	9	117451	0.00732959629979598
OK	40039	43.7	40.795769280136	10	121437	0.00732959629979598
OK	40039	44.7	42.0238679999409	11	124362	0.00732959629979598
OK	40039	46.1	42.8224439774355	12	127443	0.00732959629979598
OK	40039	47.2	43.3325507773791	13	137683	0.00732959629979598
OK	40039	48	43.654692694265	14	138718	0.00732959629979598
OK	40039	48.4	43.8566665904894	15	139561	0.00732959629979598
OK	40039	48.7	43.9827253662051	16	140247	0.00732959629979598
OK	40039	49	44.0611802950069	17	140639	0.00732959629979598
OK	40041	0	3.97812691482162	0	132	0.0108691724048521
OK	40041	1.4	5.69198748080361	1	4675	0.0108691724048521
OK	40041	7.9	7.98535275238053	2	22742	0.0108691724048521
OK	40041	15	10.9177676479273	3	46321	0.0108691724048521
OK	40041	20	14.4568132203078	4	84278	0.0108691724048521
OK	40041	22.2	18.441928811287	5	92501	0.0108691724048521
OK	40041	24.7	22.593753570573	6	99730	0.0108691724048521
OK	40041	26	26.5833034154208	7	103201	0.0108691724048521
OK	40041	28.8	30.1299340672775	8	110699	0.0108691724048521
OK	40041	31.4	33.0712367959051	9	117451	0.0108691724048521
OK	40041	33.2	35.3731988137568	10	121437	0.0108691724048521
OK	40041	34.8	37.0944278651333	11	124362	0.0108691724048521
OK	40041	36.5	38.3380150266411	12	127443	0.0108691724048521
OK	40041	40.9	39.2144009883119	13	137683	0.0108691724048521
OK	40041	41.4	39.8212248887245	14	138718	0.0108691724048521
OK	40041	41.9	40.2362910293873	15	139561	0.0108691724048521
OK	40041	42.4	40.5178251861499	16	140247	0.0108691724048521
OK	40041	42.7	40.7077020337536	17	140639	0.0108691724048521
OK	40043	0	2.0996372715537	0	132	0.00123604646079034
OK	40043	1.2	3.87782788367256	1	4675	0.00123604646079034
OK	40043	9.2	6.81535502742557	2	22742	0.00123604646079034
OK	40043	13.4	11.0913491674925	3	46321	0.00123604646079034
OK	40043	17.2	16.2941938364288	4	84278	0.00123604646079034
OK	40043	18.8	21.404098355677	5	92501	0.00123604646079034
OK	40043	19.6	25.4690125087414	6	99730	0.00123604646079034
OK	40043	20.4	28.1940415862714	7	103201	0.00123604646079034
OK	40043	21.8	29.817691587107	8	110699	0.00123604646079034
OK	40043	22.8	30.7179916141887	9	117451	0.00123604646079034
OK	40043	23.6	31.1973836145026	10	121437	0.00123604646079034
OK	40043	24.1	31.447152685805	11	124362	0.00123604646079034
OK	40043	24.5	31.575809961211	12	127443	0.00123604646079034
OK	40043	24.8	31.6416927682513	13	137683	0.00123604646079034
OK	40043	25	31.6753282834585	14	138718	0.00123604646079034
OK	40043	25.2	31.6924739305866	15	139561	0.00123604646079034
OK	40043	25.4	31.7012070202593	16	140247	0.00123604646079034
OK	40043	25.5	31.7056534133063	17	140639	0.00123604646079034
OK	40045	0	1.65286453312085	0	132	0.000975240910282132
OK	40045	1.2	3.02551077921249	1	4675	0.000975240910282132
OK	40045	12	5.35877873266399	2	22742	0.000975240910282132
OK	40045	18.1	8.99632425642077	3	46321	0.000975240910282132
OK	40045	23.6	13.9671374837164	4	84278	0.000975240910282132
OK	40045	25.9	19.6635548912016	5	92501	0.000975240910282132
OK	40045	27	25.0118856313311	6	99730	0.000975240910282132
OK	40045	27.6	29.1719394583099	7	103201	0.000975240910282132
OK	40045	28.9	31.9588363336129	8	110699	0.000975240910282132
OK	40045	30.9	33.6439941085073	9	117451	0.000975240910282132
OK	40045	32.3	34.6005492916796	10	121437	0.000975240910282132
OK	40045	32.8	35.1241322589227	11	124362	0.000975240910282132
OK	40045	33.6	35.4050278236177	12	127443	0.000975240910282132
OK	40045	34.2	35.554103378314	13	137683	0.000975240910282132
OK	40045	34.6	35.6327660069673	14	138718	0.000975240910282132
OK	40045	34.8	35.674147843151	15	139561	0.000975240910282132
OK	40045	35.1	35.6958826493227	16	140247	0.000975240910282132
OK	40045	35.2	35.7072887306584	17	140639	0.000975240910282132
OK	40047	0	2.8518080353206	0	132	0.0154299841975086
OK	40047	3.4	4.5659442334425	1	4675	0.0154299841975086
OK	40047	9.6	7.14254227411818	2	22742	0.0154299841975086
OK	40047	16.6	10.8003734455945	3	46321	0.0154299841975086
OK	40047	25.6	15.5929321471095	4	84278	0.0154299841975086
OK	40047	28.8	21.2529305130143	5	92501	0.0154299841975086
OK	40047	32.3	27.17244434195	6	99730	0.0154299841975086
OK	40047	34	32.6263032809763	7	103201	0.0154299841975086
OK	40047	37.8	37.0947485102514	8	110699	0.0154299841975086
OK	40047	41.8	40.4169079388244	9	117451	0.0154299841975086
OK	40047	44.6	42.7127074278365	10	121437	0.0154299841975086
OK	40047	46	44.2202187093307	11	124362	0.0154299841975086
OK	40047	47.6	45.1771733195236	12	127443	0.0154299841975086
OK	40047	48.8	45.7716514046298	13	137683	0.0154299841975086
OK	40047	49.6	46.1360071446633	14	138718	0.0154299841975086
OK	40047	50	46.3574785466726	15	139561	0.0154299841975086
OK	40047	50.4	46.4914213202311	16	140247	0.0154299841975086
OK	40047	50.7	46.5721810530863	17	140639	0.0154299841975086
OK	40049	0	3.18268881476465	0	132	0.00700308392454734
OK	40049	2	5.32468484401036	1	4675	0.00700308392454734
OK	40049	10.8	8.59582555299229	2	22742	0.00700308392454734
OK	40049	19.8	13.1710574452077	3	46321	0.00700308392454734
OK	40049	27.8	18.8417089415581	4	84278	0.00700308392454734
OK	40049	31.5	24.9045865074227	5	92501	0.00700308392454734
OK	40049	33.9	30.4437440686073	6	99730	0.00700308392454734
OK	40049	35.3	34.8232005645856	7	103201	0.00700308392454734
OK	40049	37.8	37.9065563138171	8	110699	0.00700308392454734
OK	40049	40.9	39.9044066826077	9	117451	0.00700308392454734
OK	40049	42.4	41.1301399183534	10	121437	0.00700308392454734
OK	40049	43.4	41.8571354760074	11	124362	0.00700308392454734
OK	40049	44.5	42.2796976244066	12	127443	0.00700308392454734
OK	40049	45.4	42.5224292163087	13	137683	0.00700308392454734
OK	40049	45.9	42.6609170965922	14	138718	0.00700308392454734
OK	40049	46.2	42.7396237678088	15	139561	0.00700308392454734
OK	40049	46.5	42.7842563994799	16	140247	0.00700308392454734
OK	40049	46.8	42.8095347922523	17	140639	0.00700308392454734
OK	40051	0	0.93821625972034	0	132	0.0141102878944526
OK	40051	1.5	1.62218961261875	1	4675	0.0141102878944526
OK	40051	7.3	2.76990009584098	2	22742	0.0141102878944526
OK	40051	13.5	4.63292039225057	3	46321	0.0141102878944526
OK	40051	21	7.50007490463754	4	84278	0.0141102878944526
OK	40051	24.1	11.5696417680229	5	92501	0.0141102878944526
OK	40051	26.4	16.7288093581619	6	99730	0.0141102878944526
OK	40051	27.3	22.4081469297911	7	103201	0.0141102878944526
OK	40051	29.9	27.7658041378776	8	110699	0.0141102878944526
OK	40051	32.5	32.1324135170653	9	117451	0.0141102878944526
OK	40051	34	35.2865086939123	10	121437	0.0141102878944526
OK	40051	34.8	37.3714987005517	11	124362	0.0141102878944526
OK	40051	35.8	38.6701828156114	12	127443	0.0141102878944526
OK	40051	36.9	39.449357739109	13	137683	0.0141102878944526
OK	40051	37.4	39.9063754621919	14	138718	0.0141102878944526
OK	40051	37.7	40.1708820476705	15	139561	0.0141102878944526
OK	40051	38.1	40.3227886958157	16	140247	0.0141102878944526
OK	40051	38.5	40.4096412158139	17	140639	0.0141102878944526
OK	40053	0	2.39496371869781	0	132	0.00109502950615509
OK	40053	4.6	4.08690373049369	1	4675	0.00109502950615509
OK	40053	12.4	6.76630272081425	2	22742	0.00109502950615509
OK	40053	19.4	10.6975054573003	3	46321	0.00109502950615509
OK	40053	26.3	15.8638357019198	4	84278	0.00109502950615509
OK	40053	28.3	21.7523507236341	5	92501	0.00109502950615509
OK	40053	30	27.467318575231	6	99730	0.00109502950615509
OK	40053	30.9	32.2109517176203	7	103201	0.00109502950615509
OK	40053	33.9	35.6633149445146	8	110699	0.00109502950615509
OK	40053	36.8	37.9428306890388	9	117451	0.00109502950615509
OK	40053	38.7	39.3527555831395	10	121437	0.00109502950615509
OK	40053	39.9	40.1898660114343	11	124362	0.00109502950615509
OK	40053	41	40.6748569012802	12	127443	0.00109502950615509
OK	40053	41.7	40.9518638338315	13	137683	0.00109502950615509
OK	40053	42.2	41.108791406172	14	138718	0.00109502950615509
OK	40053	42.5	41.197281383679	15	139561	0.00109502950615509
OK	40053	42.6	41.247049615141	16	140247	0.00109502950615509
OK	40053	42.8	41.2749988976686	17	140639	0.00109502950615509
OK	40055	0	4.12395529049359	0	132	0.00144352839583611
OK	40055	3.1	6.33397881883679	1	4675	0.00144352839583611
OK	40055	12.2	9.39038628173581	2	22742	0.00144352839583611
OK	40055	18.8	13.2834355804908	3	46321	0.00144352839583611
OK	40055	23.3	17.7537956756514	4	84278	0.00144352839583611
OK	40055	25.7	22.3149247857731	5	92501	0.00144352839583611
OK	40055	27.2	26.4406254753718	6	99730	0.00144352839583611
OK	40055	28.3	29.7852588035722	7	103201	0.00144352839583611
OK	40055	29.8	32.2640535252758	8	110699	0.00144352839583611
OK	40055	31.8	33.9816806238373	9	117451	0.00144352839583611
OK	40055	33.1	35.1171463130382	10	121437	0.00144352839583611
OK	40055	33.9	35.8445869982365	11	124362	0.00144352839583611
OK	40055	35	36.3013021486432	12	127443	0.00144352839583611
OK	40055	36	36.5844171112038	13	137683	0.00144352839583611
OK	40055	36.4	36.758535106781	14	138718	0.00144352839583611
OK	40055	36.7	36.8650984314433	15	139561	0.00144352839583611
OK	40055	36.9	36.9301226528426	16	140247	0.00144352839583611
OK	40055	37.1	36.9697277296319	17	140639	0.00144352839583611
OK	40057	0	4.62580156064953	0	132	0.000670462330909173
OK	40057	3.2	6.93698976758441	1	4675	0.000670462330909173
OK	40057	17.5	10.1000217557902	2	22742	0.000670462330909173
OK	40057	23.8	14.141770022249	3	46321	0.000670462330909173
OK	40057	29.6	18.8765897578389	4	84278	0.000670462330909173
OK	40057	32.5	23.8902271125441	5	92501	0.000670462330909173
OK	40057	34.9	28.6618558793281	6	99730	0.000670462330909173
OK	40057	35.9	32.7636257046761	7	103201	0.000670462330909173
OK	40057	38.9	35.992179966477	8	110699	0.000670462330909173
OK	40057	41.7	38.3616218108109	9	117451	0.000670462330909173
OK	40057	44.4	40.012704282307	10	121437	0.000670462330909173
OK	40057	45.2	41.1220831121635	11	124362	0.000670462330909173
OK	40057	46.7	41.8493667560782	12	127443	0.000670462330909173
OK	40057	47.6	42.3184953366295	13	137683	0.000670462330909173
OK	40057	48.5	42.6179482198215	14	138718	0.000670462330909173
OK	40057	48.9	42.8078173349047	15	139561	0.000670462330909173
OK	40057	49.5	42.9276933512185	16	140247	0.000670462330909173
OK	40057	49.6	43.0031752299991	17	140639	0.000670462330909173
OK	40059	0	1.83388528595888	0	132	0.000932026037087459
OK	40059	1.8	3.29955673780739	1	4675	0.000932026037087459
OK	40059	14.4	5.76131032757672	2	22742	0.000932026037087459
OK	40059	23.7	9.58437471331191	3	46321	0.000932026037087459
OK	40059	30.3	14.8542421602294	4	84278	0.000932026037087459
OK	40059	32.3	21.0389424959188	5	92501	0.000932026037087459
OK	40059	33.6	27.0632469317264	6	99730	0.000932026037087459
OK	40059	34.5	31.9552147703584	7	103201	0.000932026037087459
OK	40059	36.1	35.373781226602	8	110699	0.000932026037087459
OK	40059	38.6	37.5197378004832	9	117451	0.000932026037087459
OK	40059	41	38.77743882118	10	121437	0.000932026037087459
OK	40059	41.6	39.4850740137991	11	124362	0.000932026037087459
OK	40059	42.7	39.874101295187	12	127443	0.000932026037087459
OK	40059	44.1	40.0852510385638	13	137683	0.000932026037087459
OK	40059	44.5	40.199059457612	14	138718	0.000932026037087459
OK	40059	45	40.2601711411033	15	139561	0.000932026037087459
OK	40059	45.1	40.2929199829194	16	140247	0.000932026037087459
OK	40059	45.5	40.3104505849123	17	140639	0.000932026037087459
OK	40061	0	4.42727935720615	0	132	0.00319107721537509
OK	40061	1.4	6.58341802565732	1	4675	0.00319107721537509
OK	40061	10.7	9.5000668970391	2	22742	0.00319107721537509
OK	40061	18.1	13.1814807146194	3	46321	0.00319107721537509
OK	40061	24.5	17.4425120680615	4	84278	0.00319107721537509
OK	40061	26.6	21.9067354532219	5	92501	0.00319107721537509
OK	40061	28.1	26.1212616602375	6	99730	0.00319107721537509
OK	40061	29	29.7264869216408	7	103201	0.00319107721537509
OK	40061	31.5	32.5593937329475	8	110699	0.00319107721537509
OK	40061	35.1	34.6404812356223	9	117451	0.00319107721537509
OK	40061	36.9	36.0948585753668	10	121437	0.00319107721537509
OK	40061	37.9	37.0761674829121	11	124362	0.00319107721537509
OK	40061	39.2	37.7226856367134	12	127443	0.00319107721537509
OK	40061	40.1	38.1419681120424	13	137683	0.00319107721537509
OK	40061	40.7	38.4111083726102	14	138718	0.00319107721537509
OK	40061	41.1	38.5827356489043	15	139561	0.00319107721537509
OK	40061	41.4	38.6917202737759	16	140247	0.00319107721537509
OK	40061	41.7	38.7607413957797	17	140639	0.00319107721537509
OK	40063	0	4.26955000574914	0	132	0.00335584971433958
OK	40063	1.4	6.41241259485836	1	4675	0.00335584971433958
OK	40063	10.7	9.36324570995374	2	22742	0.00335584971433958
OK	40063	17.4	13.1682760281074	3	46321	0.00335584971433958
OK	40063	26.2	17.6796854909875	4	84278	0.00335584971433958
OK	40063	28.5	22.5254571884927	5	92501	0.00335584971433958
OK	40063	30.8	27.2081209388766	6	99730	0.00335584971433958
OK	40063	31.9	31.2929282335253	7	103201	0.00335584971433958
OK	40063	34.7	34.5499979911145	8	110699	0.00335584971433958
OK	40063	38.9	36.9659525864005	9	117451	0.00335584971433958
OK	40063	41.1	38.6636063145548	10	121437	0.00335584971433958
OK	40063	42.2	39.811663562281	11	124362	0.00335584971433958
OK	40063	43.6	40.5680634777599	12	127443	0.00335584971433958
OK	40063	44.6	41.0578916965971	13	137683	0.00335584971433958
OK	40063	45.1	41.3715576683972	14	138718	0.00335584971433958
OK	40063	45.6	41.57097688321	15	139561	0.00335584971433958
OK	40063	46	41.6971822569064	16	140247	0.00335584971433958
OK	40063	46.5	41.7768218486494	17	140639	0.00335584971433958
OK	40065	0	4.5489083988431	0	132	0.00619918619570373
OK	40065	7	6.66864692462243	1	4675	0.00619918619570373
OK	40065	14	9.55125108841409	2	22742	0.00619918619570373
OK	40065	21.3	13.2649008150715	3	46321	0.00619918619570373
OK	40065	29	17.7295595572671	4	84278	0.00619918619570373
OK	40065	32.5	22.6717423659369	5	92501	0.00619918619570373
OK	40065	35.2	27.66664465383	6	99730	0.00619918619570373
OK	40065	36.9	32.2714369863013	7	103201	0.00619918619570373
OK	40065	40.1	36.1704744524535	8	110699	0.00619918619570373
OK	40065	43.4	39.2411235039629	9	117451	0.00619918619570373
OK	40065	47.3	41.5242357952923	10	121437	0.00619918619570373
OK	40065	49.6	43.1502284690637	11	124362	0.00619918619570373
OK	40065	51.5	44.2730375105807	12	127443	0.00619918619570373
OK	40065	52.3	45.0319526677428	13	137683	0.00619918619570373
OK	40065	53.1	45.5375128480299	14	138718	0.00619918619570373
OK	40065	53.6	45.8710470541109	15	139561	0.00619918619570373
OK	40065	54	46.0896844541064	16	140247	0.00619918619570373
OK	40065	54.3	46.2324034949644	17	140639	0.00619918619570373
OK	40067	0	4.62917683723879	0	132	0.00151681677727737
OK	40067	1.4	7.102981196235	1	4675	0.00151681677727737
OK	40067	9.2	10.4892474830507	2	22742	0.00151681677727737
OK	40067	22	14.7321323794378	3	46321	0.00151681677727737
OK	40067	26.5	19.4962605016783	4	84278	0.00151681677727737
OK	40067	28.8	24.2297571873623	5	92501	0.00151681677727737
OK	40067	30.4	28.3944100075229	6	99730	0.00151681677727737
OK	40067	31.1	31.684364894193	7	103201	0.00151681677727737
OK	40067	33.1	34.0690575195613	8	110699	0.00151681677727737
OK	40067	35.5	35.6918839418841	9	117451	0.00151681677727737
OK	40067	38	36.7493760023834	10	121437	0.00151681677727737
OK	40067	38.8	37.4191319003964	11	124362	0.00151681677727737
OK	40067	39.6	37.8356976115857	12	127443	0.00151681677727737
OK	40067	40.9	38.0918729589826	13	137683	0.00151681677727737
OK	40067	41.4	38.248318478724	14	138718	0.00151681677727737
OK	40067	41.9	38.3434527984254	15	139561	0.00151681677727737
OK	40067	42.1	38.4011539313616	16	140247	0.00151681677727737
OK	40067	42.2	38.4360959174347	17	140639	0.00151681677727737
OK	40069	0	4.23441180009361	0	132	0.00280138520095295
OK	40069	1.7	6.34050976170724	1	4675	0.00280138520095295
OK	40069	9.4	9.22369466339454	2	22742	0.00280138520095295
OK	40069	17.5	12.9143438525748	3	46321	0.00280138520095295
OK	40069	23.6	17.2528577118063	4	84278	0.00280138520095295
OK	40069	27.1	21.8703540253388	5	92501	0.00280138520095295
OK	40069	28.9	26.2928234942073	6	99730	0.00280138520095295
OK	40069	30	30.1206825638043	7	103201	0.00280138520095295
OK	40069	32.1	33.1541451981424	8	110699	0.00280138520095295
OK	40069	35.3	35.3943618866529	9	117451	0.00280138520095295
OK	40069	37.2	36.9640517860783	10	121437	0.00280138520095295
OK	40069	38.4	38.0238369019763	11	124362	0.00280138520095295
OK	40069	39.9	38.7215437896207	12	127443	0.00280138520095295
OK	40069	41.4	39.173284424939	13	137683	0.00280138520095295
OK	40069	41.9	39.4626217954906	14	138718	0.00280138520095295
OK	40069	42.2	39.6466579836868	15	139561	0.00280138520095295
OK	40069	42.6	39.7631995141518	16	140247	0.00280138520095295
OK	40069	42.8	39.8367932084816	17	140639	0.00280138520095295
OK	40071	0	3.70331613467698	0	132	0.0110028605213432
OK	40071	1.2	5.68308033309565	1	4675	0.0110028605213432
OK	40071	11.3	8.48508461743633	2	22742	0.0110028605213432
OK	40071	19	12.2010559749489	3	46321	0.0110028605213432
OK	40071	25.6	16.7257857551073	4	84278	0.0110028605213432
OK	40071	27.7	21.6958475314359	5	92501	0.0110028605213432
OK	40071	29.6	26.5735426609954	6	99730	0.0110028605213432
OK	40071	30.6	30.8591448737633	7	103201	0.0110028605213432
OK	40071	32.8	34.2735183913785	8	110699	0.0110028605213432
OK	40071	36	36.7878433646675	9	117451	0.0110028605213432
OK	40071	37.9	38.5340570754219	10	121437	0.0110028605213432
OK	40071	39	39.6980550735232	11	124362	0.0110028605213432
OK	40071	40.3	40.4528811480598	12	127443	0.0110028605213432
OK	40071	41.3	40.9336631636745	13	137683	0.0110028605213432
OK	40071	42	41.2364029277877	14	138718	0.0110028605213432
OK	40071	42.6	41.4256582988348	15	139561	0.0110028605213432
OK	40071	43	41.5434351073134	16	140247	0.0110028605213432
OK	40071	43.3	41.6165231102335	17	140639	0.0110028605213432
OK	40073	0	1.65077198482038	0	132	0.00398410804628086
OK	40073	2.9	2.72074046945357	1	4675	0.00398410804628086
OK	40073	10.7	4.41116808913057	2	22742	0.00398410804628086
OK	40073	16.6	6.97241799438847	3	46321	0.00398410804628086
OK	40073	24.2	10.6171471609059	4	84278	0.00398410804628086
OK	40073	28.1	15.3662063909544	5	92501	0.00398410804628086
OK	40073	31.3	20.8910345283484	6	99730	0.00398410804628086
OK	40073	32.5	26.5308080644099	7	103201	0.00398410804628086
OK	40073	35.3	31.5696476156655	8	110699	0.00398410804628086
OK	40073	38.8	35.562998790864	9	117451	0.00398410804628086
OK	40073	41.3	38.4376393860163	10	121437	0.00398410804628086
OK	40073	44.2	40.3668008974064	11	124362	0.00398410804628086
OK	40073	45.5	41.6012621552645	12	127443	0.00398410804628086
OK	40073	46.6	42.3672870147247	13	137683	0.00398410804628086
OK	40073	47.1	42.8336027150374	14	138718	0.00398410804628086
OK	40073	47.5	43.1141644469315	15	139561	0.00398410804628086
OK	40073	47.8	43.2817775610887	16	140247	0.00398410804628086
OK	40073	48	43.3814905116843	17	140639	0.00398410804628086
OK	40075	0	3.26727815186805	0	132	0.00220067319169132
OK	40075	4.8	5.4676254240546	1	4675	0.00220067319169132
OK	40075	17.4	8.84395246134828	2	22742	0.00220067319169132
OK	40075	27.2	13.607273494991	3	46321	0.00220067319169132
OK	40075	33.2	19.5878531515907	4	84278	0.00220067319169132
OK	40075	36	26.0876565413034	5	92501	0.00220067319169132
OK	40075	38.2	32.131914135288	6	99730	0.00220067319169132
OK	40075	39.3	36.9902579170785	7	103201	0.00220067319169132
OK	40075	41.9	40.4580196734607	8	110699	0.00220067319169132
OK	40075	45.1	42.7288025019378	9	117451	0.00220067319169132
OK	40075	47	44.1329974020338	10	121437	0.00220067319169132
OK	40075	48.2	44.9707775260197	11	124362	0.00220067319169132
OK	40075	49.2	45.4599802393818	12	127443	0.00220067319169132
OK	40075	50.1	45.7420568892447	13	137683	0.00220067319169132
OK	40075	50.7	45.903521326432	14	138718	0.00220067319169132
OK	40075	51.1	45.9955599447102	15	139561	0.00220067319169132
OK	40075	51.3	46.047899122443	16	140247	0.00220067319169132
OK	40075	51.5	46.0776222175701	17	140639	0.00220067319169132
OK	40077	0	3.92171793965544	0	132	0.00254563402157863
OK	40077	1.6	5.88388949457453	1	4675	0.00254563402157863
OK	40077	9.9	8.56757003575033	2	22742	0.00254563402157863
OK	40077	16.6	11.9918032687432	3	46321	0.00254563402157863
OK	40077	20.7	15.9937156802969	4	84278	0.00254563402157863
OK	40077	22.6	20.2177623096048	5	92501	0.00254563402157863
OK	40077	24.1	24.2229060866298	6	99730	0.00254563402157863
OK	40077	24.8	27.6524031718695	7	103201	0.00254563402157863
OK	40077	26.6	30.3418216003132	8	110699	0.00254563402157863
OK	40077	29.3	32.3090858496297	9	117451	0.00254563402157863
OK	40077	30.9	33.6760421361896	10	121437	0.00254563402157863
OK	40077	31.6	34.592309130801	11	124362	0.00254563402157863
OK	40077	32.6	35.1917612985784	12	127443	0.00254563402157863
OK	40077	33.3	35.57774227437	13	137683	0.00254563402157863
OK	40077	33.8	35.8237270318544	14	138718	0.00254563402157863
OK	40077	34.2	35.9794659155894	15	139561	0.00254563402157863
OK	40077	34.6	36.0776581545712	16	140247	0.00254563402157863
OK	40077	34.8	36.1394051718957	17	140639	0.00254563402157863
OK	40079	0	3.02942132877331	0	132	0.0125987782068658
OK	40079	1	4.55130710745632	1	4675	0.0125987782068658
OK	40079	10.4	6.69599577890901	2	22742	0.0125987782068658
OK	40079	15.4	9.57169703259805	3	46321	0.0125987782068658
OK	40079	22.2	13.1807748211562	4	84278	0.0125987782068658
OK	40079	24.6	17.3522517442381	5	92501	0.0125987782068658
OK	40079	26.6	21.7386515361709	6	99730	0.0125987782068658
OK	40079	27.8	25.9153847976663	7	103201	0.0125987782068658
OK	40079	30.7	29.5331522824213	8	110699	0.0125987782068658
OK	40079	33.8	32.4185324831646	9	117451	0.0125987782068658
OK	40079	35	34.5720324062403	10	121437	0.0125987782068658
OK	40079	35.9	36.1009969380846	11	124362	0.0125987782068658
OK	40079	37	37.148463236321	12	127443	0.0125987782068658
OK	40079	37.9	37.848623828334	13	137683	0.0125987782068658
OK	40079	38.4	38.308969417263	14	138718	0.0125987782068658
OK	40079	38.8	38.6083626525563	15	139561	0.0125987782068658
OK	40079	39.2	38.8017014401134	16	140247	0.0125987782068658
OK	40079	39.4	38.9259821980193	17	140639	0.0125987782068658
OK	40081	0	0.989798070638368	0	132	0.00881406510181652
OK	40081	1.8	1.67101442785493	1	4675	0.00881406510181652
OK	40081	8.5	2.78897888453724	2	22742	0.00881406510181652
OK	40081	16.2	4.56959172803137	3	46321	0.00881406510181652
OK	40081	22.6	7.27469024856495	4	84278	0.00881406510181652
OK	40081	25.2	11.1027748291372	5	92501	0.00881406510181652
OK	40081	27.3	16.0094569770923	6	99730	0.00881406510181652
OK	40081	28.4	21.5585197344881	7	103201	0.00881406510181652
OK	40081	31.6	27.0115332985493	8	110699	0.00881406510181652
OK	40081	34.1	31.6783973224542	9	117451	0.00881406510181652
OK	40081	35.6	35.2228094015588	10	121437	0.00881406510181652
OK	40081	36.8	37.6781689758483	11	124362	0.00881406510181652
OK	40081	38	39.2726739787649	12	127443	0.00881406510181652
OK	40081	39.2	40.2651258689004	13	137683	0.00881406510181652
OK	40081	39.6	40.8666208737972	14	138718	0.00881406510181652
OK	40081	40	41.2253041583116	15	139561	0.00881406510181652
OK	40081	40.4	41.4371287457943	16	140247	0.00881406510181652
OK	40081	40.7	41.5615080444423	17	140639	0.00881406510181652
OK	40083	0	0.738015169695859	0	132	0.0121332706254355
OK	40083	1.6	1.26701207449761	1	4675	0.0121332706254355
OK	40083	6.2	2.15499067707009	2	22742	0.0121332706254355
OK	40083	11.8	3.60906000091707	3	46321	0.0121332706254355
OK	40083	18.7	5.89610051661662	4	84278	0.0121332706254355
OK	40083	21.7	9.27484903635221	5	92501	0.0121332706254355
OK	40083	23.6	13.8312460702231	6	99730	0.0121332706254355
OK	40083	24.6	19.2746484636532	7	103201	0.0121332706254355
OK	40083	26.7	24.9105217288817	8	110699	0.0121332706254355
OK	40083	29	29.9437998217663	9	117451	0.0121332706254355
OK	40083	30.4	33.8790114740308	10	121437	0.0121332706254355
OK	40083	31.3	36.6477211736054	11	124362	0.0121332706254355
OK	40083	32.4	38.454317238559	12	127443	0.0121332706254355
OK	40083	34.2	39.5758543459252	13	137683	0.0121332706254355
OK	40083	34.6	40.250710727063	14	138718	0.0121332706254355
OK	40083	34.9	40.6491867404994	15	139561	0.0121332706254355
OK	40083	35.2	40.8818503371677	16	140247	0.0121332706254355
OK	40083	35.4	41.0168111646749	17	140639	0.0121332706254355
OK	40085	0	3.04358774728866	0	132	0.00259112336178355
OK	40085	1.1	4.98143363164453	1	4675	0.00259112336178355
OK	40085	8.7	7.89625250092884	2	22742	0.00259112336178355
OK	40085	20.1	11.9503612559354	3	46321	0.00259112336178355
OK	40085	24.8	17.0152488173705	4	84278	0.00259112336178355
OK	40085	28	22.5583573768849	5	92501	0.00259112336178355
OK	40085	30	27.8111635525406	6	99730	0.00259112336178355
OK	40085	30.8	32.1517181856224	7	103201	0.00259112336178355
OK	40085	32.7	35.3504526042484	8	110699	0.00259112336178355
OK	40085	34.9	37.5143071478495	9	117451	0.00259112336178355
OK	40085	37.9	38.8946273258911	10	121437	0.00259112336178355
OK	40085	39.1	39.7424293611554	11	124362	0.00259112336178355
OK	40085	40.1	40.251103630386	12	127443	0.00259112336178355
OK	40085	41.1	40.5520264045375	13	137683	0.00259112336178355
OK	40085	41.6	40.728562486302	14	138718	0.00259112336178355
OK	40085	41.9	40.8316188127403	15	139561	0.00259112336178355
OK	40085	42.3	40.8916071593931	16	140247	0.00259112336178355
OK	40085	42.5	40.9264675052903	17	140639	0.00259112336178355
OK	40087	0	1.51751351379082	0	132	0.0102285308636328
OK	40087	2.3	2.72313900499783	1	4675	0.0102285308636328
OK	40087	10.8	4.78344159171436	2	22742	0.0102285308636328
OK	40087	19.9	8.10996851621651	3	46321	0.0102285308636328
OK	40087	28.9	13.0179668492678	4	84278	0.0102285308636328
OK	40087	32.2	19.374632949922	5	92501	0.0102285308636328
OK	40087	34.8	26.3502287139695	6	99730	0.0102285308636328
OK	40087	36.1	32.7409481465054	7	103201	0.0102285308636328
OK	40087	38.9	37.6976174257398	8	110699	0.0102285308636328
OK	40087	41.7	41.0682851056911	9	117451	0.0102285308636328
OK	40087	43.5	43.1604640006179	10	121437	0.0102285308636328
OK	40087	44.6	44.3863566026149	11	124362	0.0102285308636328
OK	40087	45.9	45.0805268245581	12	127443	0.0102285308636328
OK	40087	46.7	45.466017676113	13	137683	0.0102285308636328
OK	40087	47.3	45.6777761129459	14	138718	0.0102285308636328
OK	40087	47.8	45.7934052869893	15	139561	0.0102285308636328
OK	40087	48.3	45.856337429012	16	140247	0.0102285308636328
OK	40087	48.6	45.8905277599443	17	140639	0.0102285308636328
OK	40089	0	4.04461245683546	0	132	0.00829725565337729
OK	40089	1.1	5.83833103565592	1	4675	0.00829725565337729
OK	40089	7.8	8.22999787279445	2	22742	0.00829725565337729
OK	40089	12.7	11.2498175630514	3	46321	0.00829725565337729
OK	40089	17.6	14.8109461947062	4	84278	0.00829725565337729
OK	40089	19.9	18.6871749651012	5	92501	0.00829725565337729
OK	40089	21.6	22.5552813769281	6	99730	0.00829725565337729
OK	40089	22.5	26.0946877914937	7	103201	0.00829725565337729
OK	40089	24.7	29.085447350866	8	110699	0.00829725565337729
OK	40089	29	31.4472031356067	9	117451	0.00829725565337729
OK	40089	32.1	33.2145043813448	10	121437	0.00829725565337729
OK	40089	33	34.484420565163	11	124362	0.00829725565337729
OK	40089	33.9	35.370582437022	12	127443	0.00829725565337729
OK	40089	34.7	35.9763851562923	13	137683	0.00829725565337729
OK	40089	35.3	36.3847344265311	14	138718	0.00829725565337729
OK	40089	35.8	36.6573805044192	15	139561	0.00829725565337729
OK	40089	36.1	36.8382656015231	16	140247	0.00829725565337729
OK	40089	36.3	36.9577663547445	17	140639	0.00829725565337729
OK	40091	0	4.23806103714625	0	132	0.00495227283697556
OK	40091	3.5	6.65725559326883	1	4675	0.00495227283697556
OK	40091	18.6	10.1300587708254	2	22742	0.00495227283697556
OK	40091	27.8	14.751628680094	3	46321	0.00495227283697556
OK	40091	35	20.318899710964	4	84278	0.00495227283697556
OK	40091	37.6	26.2740731260596	5	92501	0.00495227283697556
OK	40091	39.7	31.8867352305674	6	99730	0.00495227283697556
OK	40091	41	36.5796870394052	7	103201	0.00495227283697556
OK	40091	43.9	40.1264430983995	8	110699	0.00495227283697556
OK	40091	48	42.6075320149832	9	117451	0.00495227283697556
OK	40091	50.2	44.2507568227418	10	121437	0.00495227283697556
OK	40091	51.1	45.2999932427369	11	124362	0.00495227283697556
OK	40091	52.3	45.9543947951563	12	127443	0.00495227283697556
OK	40091	53.3	46.3565763542944	13	137683	0.00495227283697556
OK	40091	53.7	46.6015163844202	14	138718	0.00495227283697556
OK	40091	54	46.7498683898627	15	139561	0.00495227283697556
OK	40091	54.3	46.8394191940015	16	140247	0.00495227283697556
OK	40091	54.5	46.8933659234016	17	140639	0.00495227283697556
OK	40093	0	1.89449471313887	0	132	0.0019279898690185
OK	40093	3	3.1663998477107	1	4675	0.0019279898690185
OK	40093	13.6	5.18509049043128	2	22742	0.0019279898690185
OK	40093	22.2	8.2264591501785	3	46321	0.0019279898690185
OK	40093	29.8	12.4670820005234	4	84278	0.0019279898690185
OK	40093	32.5	17.7829225847273	5	92501	0.0019279898690185
OK	40093	34.8	23.6243521979918	6	99730	0.0019279898690185
OK	40093	36	29.1834568664251	7	103201	0.0019279898690185
OK	40093	38.7	33.7950396578722	8	110699	0.0019279898690185
OK	40093	42.4	37.204285773797	9	117451	0.0019279898690185
OK	40093	44.7	39.5159792625931	10	121437	0.0019279898690185
OK	40093	46.4	40.9930440832543	11	124362	0.0019279898690185
OK	40093	47.5	41.9012960972665	12	127443	0.0019279898690185
OK	40093	48.7	42.4466669209953	13	137683	0.0019279898690185
OK	40093	49.2	42.7694795493556	14	138718	0.0019279898690185
OK	40093	49.8	42.9589373797672	15	139561	0.0019279898690185
OK	40093	50.2	43.0695746070957	16	140247	0.0019279898690185
OK	40093	50.3	43.1339944317008	17	140639	0.0019279898690185
OK	40095	0	4.29334453471611	0	132	0.00427877788338605
OK	40095	1.4	6.52050204983105	1	4675	0.00427877788338605
OK	40095	9.9	9.6011552598024	2	22742	0.00427877788338605
OK	40095	17.7	13.5653748491739	3	46321	0.00427877788338605
OK	40095	25.4	18.218013983121	4	84278	0.00427877788338605
OK	40095	28.8	23.1235462477948	5	92501	0.00427877788338605
OK	40095	31	27.7444299585523	6	99730	0.00427877788338605
OK	40095	32.2	31.657435458123	7	103201	0.00427877788338605
OK	40095	34.6	34.6830687983186	8	110699	0.00427877788338605
OK	40095	37.4	36.8622136872944	9	117451	0.00427877788338605
OK	40095	40.1	38.3527023864683	10	121437	0.00427877788338605
OK	40095	41.2	39.3365031450992	11	124362	0.00427877788338605
OK	40095	42.6	39.9706895842385	12	127443	0.00427877788338605
OK	40095	43.5	40.37329491668	13	137683	0.00427877788338605
OK	40095	44.1	40.6264055608494	14	138718	0.00427877788338605
OK	40095	44.5	40.7845580761256	15	139561	0.00427877788338605
OK	40095	44.9	40.8829987493106	16	140247	0.00427877788338605
OK	40095	45.2	40.9441259554171	17	140639	0.00427877788338605
OK	40097	0	3.8639679149531	0	132	0.0103867326801233
OK	40097	1.8	5.80882695666675	1	4675	0.0103867326801233
OK	40097	8.9	8.51282772858364	2	22742	0.0103867326801233
OK	40097	17	12.0537789323632	3	46321	0.0103867326801233
OK	40097	23.2	16.3440418893818	4	84278	0.0103867326801233
OK	40097	25.6	21.0786189563694	5	92501	0.0103867326801233
OK	40097	28.3	25.7940262196598	6	99730	0.0103867326801233
OK	40097	30	30.0340614795847	7	103201	0.0103867326801233
OK	40097	32.7	33.5102770218514	8	110699	0.0103867326801233
OK	40097	36.5	36.1507930512449	9	117451	0.0103867326801233
OK	40097	38.5	38.042519838735	10	121437	0.0103867326801233
OK	40097	39.7	39.3417082740148	11	124362	0.0103867326801233
OK	40097	41.1	40.2082640905705	12	127443	0.0103867326801233
OK	40097	42.3	40.7750462056804	13	137683	0.0103867326801233
OK	40097	42.8	41.1410235946084	14	138718	0.0103867326801233
OK	40097	43.3	41.3753817950149	15	139561	0.0103867326801233
OK	40097	43.7	41.5246576164252	16	140247	0.0103867326801233
OK	40097	44	41.6194169056352	17	140639	0.0103867326801233
OK	40099	0	2.92912268221923	0	132	0.00355650824835461
OK	40099	1.7	4.96449996180934	1	4675	0.00355650824835461
OK	40099	10.7	8.12679425866605	2	22742	0.00355650824835461
OK	40099	20.3	12.6329663220588	3	46321	0.00355650824835461
OK	40099	27.1	18.3219722441503	4	84278	0.00355650824835461
OK	40099	30.9	24.5004363118119	5	92501	0.00355650824835461
OK	40099	33	30.2040344830097	6	99730	0.00355650824835461
OK	40099	34.1	34.7317295781877	7	103201	0.00355650824835461
OK	40099	36.3	37.9144031543183	8	110699	0.00355650824835461
OK	40099	39.3	39.9652034678546	9	117451	0.00355650824835461
OK	40099	40.7	41.2135490407826	10	121437	0.00355650824835461
OK	40099	42	41.9472721196325	11	124362	0.00355650824835461
OK	40099	43.1	42.3696711549273	12	127443	0.00355650824835461
OK	40099	43.8	42.6099446265345	13	137683	0.00355650824835461
OK	40099	44.3	42.7456880197182	14	138718	0.00355650824835461
OK	40099	44.6	42.8220805957449	15	139561	0.00355650824835461
OK	40099	44.9	42.8649786025635	16	140247	0.00355650824835461
OK	40099	45	42.8890383640388	17	140639	0.00355650824835461
OK	40101	0	3.22821354376176	0	132	0.0171841036995217
OK	40101	2.5	4.95768245208915	1	4675	0.0171841036995217
OK	40101	10.6	7.46074040956149	2	22742	0.0171841036995217
OK	40101	18	10.910343130562	3	46321	0.0171841036995217
OK	40101	27.2	15.3569768174819	4	84278	0.0171841036995217
OK	40101	29.6	20.6197525971446	5	92501	0.0171841036995217
OK	40101	33	26.2541185875483	6	99730	0.0171841036995217
OK	40101	34.5	31.6741988141482	7	103201	0.0171841036995217
OK	40101	38.2	36.3772114991597	8	110699	0.0171841036995217
OK	40101	42.6	40.1064788519183	9	117451	0.0171841036995217
OK	40101	45.1	42.8579433486462	10	121437	0.0171841036995217
OK	40101	46.7	44.7818772458232	11	124362	0.0171841036995217
OK	40101	48.5	46.077216505322	12	127443	0.0171841036995217
OK	40101	49.9	46.9272674856615	13	137683	0.0171841036995217
OK	40101	50.9	47.4757579945228	14	138718	0.0171841036995217
OK	40101	51.4	47.8258198145109	15	139561	0.0171841036995217
OK	40101	51.9	48.0476822388949	16	140247	0.0171841036995217
OK	40101	52.2	48.1876718309182	17	140639	0.0171841036995217
OK	40103	0	1.55790879263165	0	132	0.00281301025456087
OK	40103	1.4	2.73305670604245	1	4675	0.00281301025456087
OK	40103	15.5	4.71184089759668	2	22742	0.00281301025456087
OK	40103	22.5	7.89378311355526	3	46321	0.00281301025456087
OK	40103	34.3	12.6497868687734	4	84278	0.00281301025456087
OK	40103	40.5	19.0348184006598	5	92501	0.00281301025456087
OK	40103	42.9	26.4747517240731	6	99730	0.00281301025456087
OK	40103	44.6	33.8382786093751	7	103201	0.00281301025456087
OK	40103	48.8	40.0381941166809	8	110699	0.00281301025456087
OK	40103	53.5	44.5863663042713	9	117451	0.00281301025456087
OK	40103	55.8	47.5965662921856	10	121437	0.00281301025456087
OK	40103	57.2	49.4555056653142	11	124362	0.00281301025456087
OK	40103	59.1	50.5547878886282	12	127443	0.00281301025456087
OK	40103	61.1	51.1882522241315	13	137683	0.00281301025456087
OK	40103	61.7	51.5478589593171	14	138718	0.00281301025456087
OK	40103	62.2	51.7502668405587	15	139561	0.00281301025456087
OK	40103	62.7	51.8636470224675	16	140247	0.00281301025456087
OK	40103	63	51.9269865742312	17	140639	0.00281301025456087
OK	40105	0	3.06356573512423	0	132	0.00254639217724871
OK	40105	1	4.7797734669194	1	4675	0.00254639217724871
OK	40105	6	7.27743923920663	2	22742	0.00254639217724871
OK	40105	13.1	10.7043221132158	3	46321	0.00254639217724871
OK	40105	21.2	15.0445559758976	4	84278	0.00254639217724871
OK	40105	24.1	20.0169410681478	5	92501	0.00254639217724871
OK	40105	26.9	25.0992228336117	6	99730	0.00254639217724871
OK	40105	28.2	29.7226199815888	7	103201	0.00254639217724871
OK	40105	30.3	33.5036108215375	8	110699	0.00254639217724871
OK	40105	34.8	36.3354045793864	9	117451	0.00254639217724871
OK	40105	37.1	38.3196945001969	10	121437	0.00254639217724871
OK	40105	38.8	39.646139081152	11	124362	0.00254639217724871
OK	40105	40.8	40.5051332596306	12	127443	0.00254639217724871
OK	40105	42.2	41.0500321270808	13	137683	0.00254639217724871
OK	40105	42.8	41.3911673775778	14	138718	0.00254639217724871
OK	40105	43.4	41.6029794037167	15	139561	0.00254639217724871
OK	40105	44	41.7338204976858	16	140247	0.00254639217724871
OK	40105	44.3	41.8143877510956	17	140639	0.00254639217724871
OK	40107	0	4.08418846325499	0	132	0.0030308536504311
OK	40107	4.2	6.25481131386961	1	4675	0.0030308536504311
OK	40107	15.5	9.30408071298297	2	22742	0.0030308536504311
OK	40107	22.6	13.3034248074466	3	46321	0.0030308536504311
OK	40107	29.5	18.1015984189057	4	84278	0.0030308536504311
OK	40107	31.6	23.2791333334413	5	92501	0.0030308536504311
OK	40107	33.4	28.2644169570513	6	99730	0.0030308536504311
OK	40107	34.6	32.5648920440086	7	103201	0.0030308536504311
OK	40107	37.2	35.9366614264451	8	110699	0.0030308536504311
OK	40107	40.4	38.3876632000685	9	117451	0.0030308536504311
OK	40107	41.9	40.0730598743916	10	121437	0.0030308536504311
OK	40107	43	41.1881935509674	11	124362	0.0030308536504311
OK	40107	44.7	41.9073246873746	12	127443	0.0030308536504311
OK	40107	45.7	42.3634353751109	13	137683	0.0030308536504311
OK	40107	46.3	42.6496816446854	14	138718	0.0030308536504311
OK	40107	46.6	42.8281336957802	15	139561	0.0030308536504311
OK	40107	46.8	42.9389237141778	16	140247	0.0030308536504311
OK	40107	47.1	43.0075293366002	17	140639	0.0030308536504311
OK	40109	0	1.16294370814693	0	132	0.20152636953872
OK	40109	2.9	2.02244137375027	1	4675	0.20152636953872
OK	40109	10.5	3.4799969745412	2	22742	0.20152636953872
OK	40109	20.1	5.88256955613649	3	46321	0.20152636953872
OK	40109	33.9	9.66340946410366	4	84278	0.20152636953872
OK	40109	38.9	15.1996522112511	5	92501	0.20152636953872
OK	40109	43.9	22.5070705458107	6	99730	0.20152636953872
OK	40109	46.1	30.9355282611489	7	103201	0.20152636953872
OK	40109	50.3	39.269323263747	8	110699	0.20152636953872
OK	40109	54.2	46.344623839471	9	117451	0.20152636953872
OK	40109	56.9	51.614811490886	10	121437	0.20152636953872
OK	40109	58.7	55.170239093596	11	124362	0.20152636953872
OK	40109	61.1	57.4114153022598	12	127443	0.20152636953872
OK	40109	62.7	58.764249546202	13	137683	0.20152636953872
OK	40109	63.8	59.5595996844936	14	138718	0.20152636953872
OK	40109	64.4	60.0199634667228	15	139561	0.20152636953872
OK	40109	65.3	60.284029113747	16	140247	0.20152636953872
OK	40109	65.9	60.4347116390657	17	140639	0.20152636953872
OK	40111	0	2.31525454293768	0	132	0.00972081928323458
OK	40111	1.9	3.56052807699651	1	4675	0.00972081928323458
OK	40111	11.8	5.38973056194474	2	22742	0.00972081928323458
OK	40111	18.1	7.9750084750256	3	46321	0.00972081928323458
OK	40111	24.3	11.4364857970066	4	84278	0.00972081928323458
OK	40111	26.5	15.750114598046	5	92501	0.00972081928323458
OK	40111	29	20.6694704627939	6	99730	0.00972081928323458
OK	40111	30	25.7430320194693	7	103201	0.00972081928323458
OK	40111	32.9	30.4610188414381	8	110699	0.00972081928323458
OK	40111	36.8	34.4443222203774	9	117451	0.00972081928323458
OK	40111	38.7	37.5420687167593	10	121437	0.00972081928323458
OK	40111	39.7	39.8007127758753	11	124362	0.00972081928323458
OK	40111	40.9	41.3712827740023	12	127443	0.00972081928323458
OK	40111	41.7	42.4277228936835	13	137683	0.00972081928323458
OK	40111	42.1	43.1225537323308	14	138718	0.00972081928323458
OK	40111	42.4	43.5728245384075	15	139561	0.00972081928323458
OK	40111	42.7	43.8618157519866	16	140247	0.00972081928323458
OK	40111	43	44.0461498133442	17	140639	0.00972081928323458
OK	40113	0	1.48550179773801	0	132	0.0118684215780202
OK	40113	1.2	2.38135275287208	1	4675	0.0118684215780202
OK	40113	7.1	3.7670289918755	2	22742	0.0118684215780202
OK	40113	11.8	5.83968837954992	3	46321	0.0118684215780202
OK	40113	17.6	8.78949071152639	4	84278	0.0118684215780202
OK	40113	19.3	12.7035652568099	5	92501	0.0118684215780202
OK	40113	21.2	17.4409064068486	6	99730	0.0118684215780202
OK	40113	22.2	22.5761208931993	7	103201	0.0118684215780202
OK	40113	26.3	27.5182013064257	8	110699	0.0118684215780202
OK	40113	29.1	31.7587732093473	9	117451	0.0118684215780202
OK	40113	30.7	35.0536389715572	10	121437	0.0118684215780202
OK	40113	31.9	37.4217282767365	11	124362	0.0118684215780202
OK	40113	33.2	39.0300166854952	12	127443	0.0118684215780202
OK	40113	33.8	40.0807093941125	13	137683	0.0118684215780202
OK	40113	34.3	40.749827816941	14	138718	0.0118684215780202
OK	40113	34.6	41.1690445447919	15	139561	0.0118684215780202
OK	40113	34.9	41.4290111850778	16	140247	0.0118684215780202
OK	40113	35.1	41.589198311375	17	140639	0.0118684215780202
OK	40115	0	3.43140786653047	0	132	0.00786637051421403
OK	40115	1.6	5.1607956492681	1	4675	0.00786637051421403
OK	40115	7	7.58331407414539	2	22742	0.00786637051421403
OK	40115	13.2	10.7952948386641	3	46321	0.00786637051421403
OK	40115	18.8	14.7572222204817	4	84278	0.00786637051421403
OK	40115	20.9	19.2308317207251	5	92501	0.00786637051421403
OK	40115	23.5	23.8049674630245	6	99730	0.00786637051421403
OK	40115	24.8	28.0310542838426	7	103201	0.00786637051421403
OK	40115	30.6	31.5852666346837	8	110699	0.00786637051421403
OK	40115	32.9	34.3456104604019	9	117451	0.00786637051421403
OK	40115	34.5	36.3597400238722	10	121437	0.00786637051421403
OK	40115	35.7	37.7634447732686	11	124362	0.00786637051421403
OK	40115	37	38.7107156866684	12	127443	0.00786637051421403
OK	40115	37.9	39.336151093228	13	137683	0.00786637051421403
OK	40115	38.4	39.7431578659968	14	138718	0.00786637051421403
OK	40115	38.7	40.0055300577385	15	139561	0.00786637051421403
OK	40115	39.1	40.1736365861184	16	140247	0.00786637051421403
OK	40115	39.4	40.2809247924616	17	140639	0.00786637051421403
OK	40117	0	2.17942499121502	0	132	0.00413851908442089
OK	40117	1.4	3.56059922997905	1	4675	0.00413851908442089
OK	40117	10.6	5.7030496306694	2	22742	0.00413851908442089
OK	40117	17.9	8.8650957072891	3	46321	0.00413851908442089
OK	40117	28.1	13.2052438116773	4	84278	0.00413851908442089
OK	40117	31.1	18.6045397916612	5	92501	0.00413851908442089
OK	40117	34	24.5563958491382	6	99730	0.00413851908442089
OK	40117	35.5	30.3030802401857	7	103201	0.00413851908442089
OK	40117	38.8	35.1839131885	8	110699	0.00413851908442089
OK	40117	42.5	38.8978059177421	9	117451	0.00413851908442089
OK	40117	44.4	41.494194151902	10	121437	0.00413851908442089
OK	40117	45.6	43.2036670523048	11	124362	0.00413851908442089
OK	40117	47.2	44.2851765783124	12	127443	0.00413851908442089
OK	40117	48.2	44.9522260182352	13	137683	0.00413851908442089
OK	40117	48.7	45.3572149043191	14	138718	0.00413851908442089
OK	40117	49.2	45.6007496700764	15	139561	0.00413851908442089
OK	40117	49.4	45.7463519372788	16	140247	0.00413851908442089
OK	40117	49.7	45.8331025386726	17	140639	0.00413851908442089
OK	40119	0	1.88330187784256	0	132	0.0206683344406618
OK	40119	1.7	3.34293597082487	1	4675	0.0206683344406618
OK	40119	9.1	5.79640111467408	2	22742	0.0206683344406618
OK	40119	16	9.67388730301214	3	46321	0.0206683344406618
OK	40119	26.1	15.2424680880564	4	84278	0.0206683344406618
OK	40119	32.2	22.2313273777955	5	92501	0.0206683344406618
OK	40119	34.9	29.6579084020877	6	99730	0.0206683344406618
OK	40119	36.1	36.2761407417934	7	103201	0.0206683344406618
OK	40119	38.8	41.3106998517067	8	110699	0.0206683344406618
OK	40119	41.6	44.6986091734691	9	117451	0.0206683344406618
OK	40119	43.5	46.7944635306694	10	121437	0.0206683344406618
OK	40119	44.6	48.0242365517737	11	124362	0.0206683344406618
OK	40119	46.6	48.7235417233793	12	127443	0.0206683344406618
OK	40119	47.7	49.1141217718139	13	137683	0.0206683344406618
OK	40119	48.3	49.3300853297413	14	138718	0.0206683344406618
OK	40119	48.6	49.4488336692194	15	139561	0.0206683344406618
OK	40119	49.1	49.5139275939986	16	140247	0.0206683344406618
OK	40119	49.5	49.549549858204	17	140639	0.0206683344406618
OK	40121	0	4.0684541442822	0	132	0.0110321758739197
OK	40121	1.6	6.11110573023856	1	4675	0.0110321758739197
OK	40121	11.9	8.93964716186221	2	22742	0.0110321758739197
OK	40121	19.7	12.6210761817631	3	46321	0.0110321758739197
OK	40121	26	17.0444871177928	4	84278	0.0110321758739197
OK	40121	28.5	21.8763279678947	5	92501	0.0110321758739197
OK	40121	30.6	26.634638574931	6	99730	0.0110321758739197
OK	40121	31.6	30.8655019684011	7	103201	0.0110321758739197
OK	40121	34.2	34.2990364328147	8	110699	0.0110321758739197
OK	40121	37.9	36.8848255085913	9	117451	0.0110321758739197
OK	40121	40.2	38.7246481258495	10	121437	0.0110321758739197
OK	40121	41.7	39.9814417459154	11	124362	0.0110321758739197
OK	40121	43.5	40.8162502952479	12	127443	0.0110321758739197
OK	40121	44	41.360491506608	13	137683	0.0110321758739197
OK	40121	44.6	41.7109899665004	14	138718	0.0110321758739197
OK	40121	45.2	41.934941354957	15	139561	0.0110321758739197
OK	40121	45.4	42.0773146623354	16	140247	0.0110321758739197
OK	40121	45.6	42.1675357486855	17	140639	0.0110321758739197
OK	40123	0	2.62276538914779	0	132	0.00967507722447296
OK	40123	3.8	4.45868938067024	1	4675	0.00967507722447296
OK	40123	13	7.37017290910315	2	22742	0.00967507722447296
OK	40123	23.8	11.6710723484787	3	46321	0.00967507722447296
OK	40123	30.2	17.4019460373667	4	84278	0.00967507722447296
OK	40123	34.5	24.0727289698528	5	92501	0.00967507722447296
OK	40123	37.1	30.718012423795	6	99730	0.00967507722447296
OK	40123	38.5	36.3865413663449	7	103201	0.00967507722447296
OK	40123	41.2	40.6163373630492	8	110699	0.00967507722447296
OK	40123	44.6	43.467940729316	9	117451	0.00967507722447296
OK	40123	46.3	45.2612548100349	10	121437	0.00967507722447296
OK	40123	47.4	46.3401674942379	11	124362	0.00967507722447296
OK	40123	49	46.9720563403375	12	127443	0.00967507722447296
OK	40123	49.8	47.3363226568788	13	137683	0.00967507722447296
OK	40123	50.4	47.544397798764	14	138718	0.00967507722447296
OK	40123	50.8	47.6626325430211	15	139561	0.00967507722447296
OK	40123	51.2	47.7296171669952	16	140247	0.00967507722447296
OK	40123	51.5	47.7675024939957	17	140639	0.00967507722447296
OK	40125	0	3.67363423714925	0	132	0.0183453454675306
OK	40125	1.9	5.59337630381976	1	4675	0.0183453454675306
OK	40125	11.4	8.31691023184402	2	22742	0.0183453454675306
OK	40125	19.4	11.9689876903436	3	46321	0.0183453454675306
OK	40125	26.5	16.5128304767458	4	84278	0.0183453454675306
OK	40125	29.3	21.6674636004589	5	92501	0.0183453454675306
OK	40125	32.5	26.9366510128073	6	99730	0.0183453454675306
OK	40125	33.9	31.7795725074609	7	103201	0.0183453454675306
OK	40125	37.4	35.8146130306714	8	110699	0.0183453454675306
OK	40125	40.6	38.9105416146083	9	117451	0.0183453454675306
OK	40125	42.7	41.139019971867	10	121437	0.0183453454675306
OK	40125	44.2	42.6704317757419	11	124362	0.0183453454675306
OK	40125	45.8	43.689585705243	12	127443	0.0183453454675306
OK	40125	46.9	44.3534261791895	13	137683	0.0183453454675306
OK	40125	47.6	44.7798012167126	14	138718	0.0183453454675306
OK	40125	48.6	45.0511917467624	15	139561	0.0183453454675306
OK	40125	49.6	45.2229411116238	16	140247	0.0183453454675306
OK	40125	50	45.331236566557	17	140639	0.0183453454675306
OK	40127	0	4.34748277716571	0	132	0.00280416510507658
OK	40127	1.2	6.3274188268292	1	4675	0.00280416510507658
OK	40127	9.9	8.95647541509169	2	22742	0.00280416510507658
OK	40127	15.5	12.2324065252735	3	46321	0.00280416510507658
OK	40127	20.4	16.0057137918199	4	84278	0.00280416510507658
OK	40127	22.5	19.9776717408696	5	92501	0.00280416510507658
OK	40127	23.6	23.7814733257018	6	99730	0.00280416510507658
OK	40127	24.5	27.1082527906141	7	103201	0.00280416510507658
OK	40127	26.3	29.7946691632133	8	110699	0.00280416510507658
OK	40127	29.9	31.8276129485624	9	117451	0.00280416510507658
OK	40127	32.4	33.2917189645183	10	121437	0.00280416510507658
OK	40127	33.2	34.3089639644693	11	124362	0.00280416510507658
OK	40127	34	34.9982268418417	12	127443	0.00280416510507658
OK	40127	35.1	35.4573541375486	13	137683	0.00280416510507658
OK	40127	35.5	35.7597185441699	14	138718	0.00280416510507658
OK	40127	36	35.9573524945626	15	139561	0.00280416510507658
OK	40127	36.2	36.08589728223	16	140247	0.00280416510507658
OK	40127	36.3	36.1692376902266	17	140639	0.00280416510507658
OK	40129	0	1.64920490118054	0	132	0.000905490588634589
OK	40129	1.1	2.80765628682296	1	4675	0.000905490588634589
OK	40129	12.4	4.67211859826737	2	22742	0.000905490588634589
OK	40129	18.2	7.50257602733597	3	46321	0.000905490588634589
OK	40129	23.2	11.4399055263607	4	84278	0.000905490588634589
OK	40129	24.9	16.2995344719026	5	92501	0.000905490588634589
OK	40129	26.1	21.4844465537998	6	99730	0.000905490588634589
OK	40129	26.7	26.223523957835	7	103201	0.000905490588634589
OK	40129	28.2	29.9805655847939	8	110699	0.000905490588634589
OK	40129	31.5	32.637017590429	9	117451	0.000905490588634589
OK	40129	32.8	34.3669943028328	10	121437	0.000905490588634589
OK	40129	33.8	35.4340501268087	11	124362	0.000905490588634589
OK	40129	34.6	36.0703062472627	12	127443	0.000905490588634589
OK	40129	35.4	36.442055926054	13	137683	0.000905490588634589
OK	40129	35.8	36.6566859753132	14	138718	0.000905490588634589
OK	40129	36.3	36.7797505309762	15	139561	0.000905490588634589
OK	40129	36.8	36.8500341696845	16	140247	0.000905490588634589
OK	40129	37.1	36.8900831669254	17	140639	0.000905490588634589
OK	40131	0	0.931838975391333	0	132	0.0233661050333702
OK	40131	1.7	1.60734389905364	1	4675	0.0233661050333702
OK	40131	8.8	2.74250381500321	2	22742	0.0233661050333702
OK	40131	16.6	4.59570481819173	3	46321	0.0233661050333702
OK	40131	25.6	7.48280520884797	4	84278	0.0233661050333702
OK	40131	28.7	11.6681902882736	5	92501	0.0233661050333702
OK	40131	31.8	17.1432025778632	6	99730	0.0233661050333702
OK	40131	33.2	23.4170891749893	7	103201	0.0233661050333702
OK	40131	36.7	29.6029808553114	8	110699	0.0233661050333702
OK	40131	39.7	34.8611317160068	9	117451	0.0233661050333702
OK	40131	41.6	38.7957631431562	10	121437	0.0233661050333702
OK	40131	42.7	41.4681504455103	11	124362	0.0233661050333702
OK	40131	44.2	43.165918046616	12	127443	0.0233661050333702
OK	40131	45.4	44.1991544442433	13	137683	0.0233661050333702
OK	40131	46	44.8116054863448	14	138718	0.0233661050333702
OK	40131	46.5	45.1689769163979	15	139561	0.0233661050333702
OK	40131	46.9	45.3755976235228	16	140247	0.0233661050333702
OK	40131	47.2	45.4944242924398	17	140639	0.0233661050333702
OK	40133	0	3.80742130251888	0	132	0.00613044674828297
OK	40133	2.2	5.86365970769509	1	4675	0.00613044674828297
OK	40133	11.7	8.80364361355433	2	22742	0.00613044674828297
OK	40133	19.9	12.7596228172813	3	46321	0.00613044674828297
OK	40133	29.6	17.6692674735939	4	84278	0.00613044674828297
OK	40133	32.4	23.1859349279711	5	92501	0.00613044674828297
OK	40133	35.2	28.7332523334641	6	99730	0.00613044674828297
OK	40133	36.8	33.7222717740375	7	103201	0.00613044674828297
OK	40133	40.4	37.778423677889	8	110699	0.00613044674828297
OK	40133	44.9	40.8140404697836	9	117451	0.00613044674828297
OK	40133	47.1	42.9479992141151	10	121437	0.00613044674828297
OK	40133	48.2	44.3829348249339	11	124362	0.00613044674828297
OK	40133	49.6	45.3192282012475	12	127443	0.00613044674828297
OK	40133	50.8	45.9182200999769	13	137683	0.00613044674828297
OK	40133	51.6	46.2965995186756	14	138718	0.00613044674828297
OK	40133	52.2	46.5337096465412	15	139561	0.00613044674828297
OK	40133	52.8	46.6815476969095	16	140247	0.00613044674828297
OK	40133	53.1	46.7734354833349	17	140639	0.00613044674828297
OK	40135	0	2.88384667794962	0	132	0.0105052576832127
OK	40135	1.4	4.30061811627716	1	4675	0.0105052576832127
OK	40135	7.9	6.29624185799098	2	22742	0.0105052576832127
OK	40135	14.5	8.98662413642414	3	46321	0.0105052576832127
OK	40135	21.8	12.4069475293187	4	84278	0.0105052576832127
OK	40135	24	16.4450264556545	5	92501	0.0105052576832127
OK	40135	26.3	20.8159820727026	6	99730	0.0105052576832127
OK	40135	27.5	25.1242722268282	7	103201	0.0105052576832127
OK	40135	30.1	28.996112667212	8	110699	0.0105052576832127
OK	40135	33.5	32.1973160377136	9	117451	0.0105052576832127
OK	40135	35.1	34.6664979789103	10	121437	0.0105052576832127
OK	40135	36.1	36.4709709482596	11	124362	0.0105052576832127
OK	40135	37.6	37.7383090142674	12	127443	0.0105052576832127
OK	40135	38.9	38.6037639097711	13	137683	0.0105052576832127
OK	40135	39.6	39.1835061312794	14	138718	0.0105052576832127
OK	40135	40	39.5668659266824	15	139561	0.0105052576832127
OK	40135	40.6	39.8182018393664	16	140247	0.0105052576832127
OK	40135	41	39.982056068234	17	140639	0.0105052576832127
OK	40137	0	3.32012050825396	0	132	0.0109030366914491
OK	40137	3.3	5.36349195897196	1	4675	0.0109030366914491
OK	40137	12.8	8.40052254496836	2	22742	0.0109030366914491
OK	40137	21.4	12.5873524089744	3	46321	0.0109030366914491
OK	40137	28.5	17.7981340617557	4	84278	0.0109030366914491
OK	40137	31.5	23.5168238744602	5	92501	0.0109030366914491
OK	40137	33.7	28.9881399783696	6	99730	0.0109030366914491
OK	40137	35	33.5769952353001	7	103201	0.0109030366914491
OK	40137	37.5	37.0194073486492	8	110699	0.0109030366914491
OK	40137	40.7	39.3917400046084	9	117451	0.0109030366914491
OK	40137	42.5	40.9326061456548	10	121437	0.0109030366914491
OK	40137	43.6	41.8952687874473	11	124362	0.0109030366914491
OK	40137	45	42.4821642412387	12	127443	0.0109030366914491
OK	40137	46.2	42.8346490194777	13	137683	0.0109030366914491
OK	40137	46.8	43.0444464916388	14	138718	0.0109030366914491
OK	40137	47.3	43.1686468543383	15	139561	0.0109030366914491
OK	40137	47.7	43.2419394818391	16	140247	0.0109030366914491
OK	40137	48	43.2851092547017	17	140639	0.0109030366914491
OK	40139	0	4.19616040695955	0	132	0.00505007491841613
OK	40139	0.6	6.33245589652502	1	4675	0.00505007491841613
OK	40139	6.5	9.28152112858457	2	22742	0.00505007491841613
OK	40139	12.2	13.0845173294165	3	46321	0.00505007491841613
OK	40139	20.8	17.5800731035408	4	84278	0.00505007491841613
OK	40139	27	22.3786934363235	5	92501	0.00505007491841613
OK	40139	29.3	26.9737775335129	6	99730	0.00505007491841613
OK	40139	30.5	30.9385123419829	7	103201	0.00505007491841613
OK	40139	33.1	34.0632569115975	8	110699	0.00505007491841613
OK	40139	36	36.3548270671133	9	117451	0.00505007491841613
OK	40139	38.8	37.948110818499	10	121437	0.00505007491841613
OK	40139	40.1	39.0152508885469	11	124362	0.00505007491841613
OK	40139	41.6	39.7122165392044	12	127443	0.00505007491841613
OK	40139	42.9	40.1599568410765	13	137683	0.00505007491841613
OK	40139	43.8	40.4445457702906	14	138718	0.00505007491841613
OK	40139	44.3	40.6242116839433	15	139561	0.00505007491841613
OK	40139	44.7	40.7371528794188	16	140247	0.00505007491841613
OK	40139	45	40.8079585896129	17	140639	0.00505007491841613
OK	40141	0	4.192816209034	0	132	0.00183220953603147
OK	40141	2.2	6.25188530867874	1	4675	0.00183220953603147
OK	40141	11.4	9.09552110821368	2	22742	0.00183220953603147
OK	40141	20.1	12.8027274861991	3	46321	0.00183220953603147
OK	40141	28	17.2887864691068	4	84278	0.00183220953603147
OK	40141	30.9	22.2527334660948	5	92501	0.00183220953603147
OK	40141	32.7	27.2300092560406	6	99730	0.00183220953603147
OK	40141	34.2	31.7511629112638	7	103201	0.00183220953603147
OK	40141	36.8	35.5040033091593	8	110699	0.00183220953603147
OK	40141	40.3	38.3929047215819	9	117451	0.00183220953603147
OK	40141	44.2	40.490337669264	10	121437	0.00183220953603147
OK	40141	45.7	41.9492966780201	11	124362	0.00183220953603147
OK	40141	47	42.9341599754421	12	127443	0.00183220953603147
OK	40141	48.5	43.5856017532042	13	137683	0.00183220953603147
OK	40141	49.2	44.0107226249775	14	138718	0.00183220953603147
OK	40141	49.8	44.2857109743086	15	139561	0.00183220953603147
OK	40141	50.1	44.4625718071024	16	140247	0.00183220953603147
OK	40141	50.4	44.5759030066373	17	140639	0.00183220953603147
OK	40143	0	1.38280338973239	0	132	0.164659281051087
OK	40143	2.3	2.38515337537998	1	4675	0.164659281051087
OK	40143	10.4	4.06121956733321	2	22742	0.164659281051087
OK	40143	20	6.76964093918853	3	46321	0.164659281051087
OK	40143	32.9	10.9134166592749	4	84278	0.164659281051087
OK	40143	37.1	16.7512887412081	5	92501	0.164659281051087
OK	40143	42.2	24.0872444695192	6	99730	0.164659281051087
OK	40143	44.1	32.0878986123157	7	103201	0.164659281051087
OK	40143	48.5	39.571202193333	8	110699	0.164659281051087
OK	40143	52.4	45.6298687230396	9	117451	0.164659281051087
OK	40143	54.6	49.9873294690313	10	121437	0.164659281051087
OK	40143	56.1	52.8614087226335	11	124362	0.164659281051087
OK	40143	58.3	54.6503985909052	12	127443	0.164659281051087
OK	40143	59.8	55.7241111705353	13	137683	0.164659281051087
OK	40143	60.7	56.3544861171994	14	138718	0.164659281051087
OK	40143	61.2	56.7198000435846	15	139561	0.164659281051087
OK	40143	62	56.9299135653187	16	140247	0.164659281051087
OK	40143	62.5	57.0502376347697	17	140639	0.164659281051087
OK	40145	0	0.88058025233928	0	132	0.0205432387550983
OK	40145	1.9	1.52623968755864	1	4675	0.0205432387550983
OK	40145	8.4	2.61816860605494	2	22742	0.0205432387550983
OK	40145	16.5	4.41470145101991	3	46321	0.0205432387550983
OK	40145	26.1	7.24078929771795	4	84278	0.0205432387550983
OK	40145	28.8	11.3870670731383	5	92501	0.0205432387550983
OK	40145	32.2	16.8875595347828	6	99730	0.0205432387550983
OK	40145	33.5	23.2854444484526	7	103201	0.0205432387550983
OK	40145	36.8	29.6816003472894	8	110699	0.0205432387550983
OK	40145	40.2	35.1778432105634	9	117451	0.0205432387550983
OK	40145	42.1	39.319230095474	10	121437	0.0205432387550983
OK	40145	43.3	42.1411534259667	11	124362	0.0205432387550983
OK	40145	44.7	43.9346888407204	12	127443	0.0205432387550983
OK	40145	45.8	45.0246630105597	13	137683	0.0205432387550983
OK	40145	46.5	45.6691193274941	14	138718	0.0205432387550983
OK	40145	46.8	46.043987125102	15	139561	0.0205432387550983
OK	40145	47.3	46.2599718606328	16	140247	0.0205432387550983
OK	40145	47.6	46.3837312088219	17	140639	0.0205432387550983
OK	40147	0	1.13199357863738	0	132	0.0130218290707716
OK	40147	1.3	1.9912509769569	1	4675	0.0130218290707716
OK	40147	7.6	3.45096877501153	2	22742	0.0130218290707716
OK	40147	15.2	5.83426114524341	3	46321	0.0130218290707716
OK	40147	23.6	9.48419951179824	4	84278	0.0130218290707716
OK	40147	26.1	14.560090698934	5	92501	0.0130218290707716
OK	40147	29.3	20.7478472943575	6	99730	0.0130218290707716
OK	40147	30.9	27.186033745139	7	103201	0.0130218290707716
OK	40147	33.6	32.8697986693013	8	110699	0.0130218290707716
OK	40147	36.4	37.2042187743247	9	117451	0.0130218290707716
OK	40147	38.2	40.1548909815137	10	121437	0.0130218290707716
OK	40147	39.5	42.0116121133472	11	124362	0.0130218290707716
OK	40147	41.3	43.1227376004032	12	127443	0.0130218290707716
OK	40147	42.4	43.7677929277099	13	137683	0.0130218290707716
OK	40147	43	44.1356923816465	14	138718	0.0130218290707716
OK	40147	43.3	44.3433998155602	15	139561	0.0130218290707716
OK	40147	44	44.4599948516327	16	140247	0.0130218290707716
OK	40147	44.4	44.5252336325956	17	140639	0.0130218290707716
OK	40149	0	1.55042615804138	0	132	0.00275867576487167
OK	40149	2.8	2.62272339402124	1	4675	0.00275867576487167
OK	40149	10.4	4.35101457947412	2	22742	0.00275867576487167
OK	40149	17.6	7.00044334256707	3	46321	0.00275867576487167
OK	40149	22.9	10.7653223504836	4	84278	0.00275867576487167
OK	40149	25.7	15.5766000532799	5	92501	0.00275867576487167
OK	40149	27.4	20.9555037422098	6	99730	0.00275867576487167
OK	40149	28.4	26.1397378322664	7	103201	0.00275867576487167
OK	40149	30.6	30.4689197084406	8	110699	0.00275867576487167
OK	40149	33.1	33.6717389321807	9	117451	0.00275867576487167
OK	40149	35.4	35.8351914929957	10	121437	0.00275867576487167
OK	40149	36.4	37.2082313190761	11	124362	0.00275867576487167
OK	40149	37.4	38.0454490082554	12	127443	0.00275867576487167
OK	40149	38.2	38.5435452965174	13	137683	0.00275867576487167
OK	40149	38.6	38.8355584558929	14	138718	0.00275867576487167
OK	40149	39	39.005279790513	15	139561	0.00275867576487167
OK	40149	39.3	39.1034283649253	16	140247	0.00275867576487167
OK	40149	39.5	39.1600217667159	17	140639	0.00275867576487167
OK	40151	0	1.43805348841932	0	132	0.00222215426901031
OK	40151	1.5	2.48072411510602	1	4675	0.00222215426901031
OK	40151	12.1	4.19975260765727	2	22742	0.00222215426901031
OK	40151	18.4	6.89833982489468	3	46321	0.00222215426901031
OK	40151	25.6	10.8250653394182	4	84278	0.00222215426901031
OK	40151	27.4	15.950792627706	5	92501	0.00222215426901031
OK	40151	29.2	21.7701249471331	6	99730	0.00222215426901031
OK	40151	30.3	27.4168347964669	7	103201	0.00222215426901031
OK	40151	32.4	32.120090345337	8	110699	0.00222215426901031
OK	40151	35.2	35.564240414036	9	117451	0.00222215426901031
OK	40151	37.4	37.8557654571703	10	121437	0.00222215426901031
OK	40151	38.3	39.2847322462641	11	124362	0.00222215426901031
OK	40151	39.7	40.1401059304766	12	127443	0.00222215426901031
OK	40151	40.6	40.6396447671141	13	137683	0.00222215426901031
OK	40151	41	40.9271791763383	14	138718	0.00222215426901031
OK	40151	41.4	41.0913050773897	15	139561	0.00222215426901031
OK	40151	41.6	41.1845417607432	16	140247	0.00222215426901031
OK	40151	41.9	41.2373637853139	17	140639	0.00222215426901031
OK	40153	0	3.19352028906286	0	132	0.00510769474934236
OK	40153	2.1	5.17267137526144	1	4675	0.00510769474934236
OK	40153	9.5	8.09434246372197	2	22742	0.00510769474934236
OK	40153	16.7	12.06257263645	3	46321	0.00510769474934236
OK	40153	22.8	16.8833081636587	4	84278	0.00510769474934236
OK	40153	25.1	22.0053346626482	5	92501	0.00510769474934236
OK	40153	27.3	26.7280534069074	6	99730	0.00510769474934236
OK	40153	28.3	30.546292193463	7	103201	0.00510769474934236
OK	40153	30.2	33.3184713996184	8	110699	0.00510769474934236
OK	40153	32.7	35.1778714392466	9	117451	0.00510769474934236
OK	40153	34.5	36.3596832818666	10	121437	0.00510769474934236
OK	40153	35.3	37.0853234750831	11	124362	0.00510769474934236
OK	40153	36.4	37.5214589711321	12	127443	0.00510769474934236
OK	40153	37.1	37.7802352714609	13	137683	0.00510769474934236
OK	40153	37.5	37.9326047308777	14	138718	0.00510769474934236
OK	40153	37.9	38.0219163060025	15	139561	0.00510769474934236
OK	40153	38.1	38.0741277283338	16	140247	0.00510769474934236
OK	40153	38.4	38.1046031304029	17	140639	0.00510769474934236
