1206	7
PA	42001	0	1.0253397598388	0	599	0.00804632780109403
PA	42001	1.1	2.07114697171071	1	17519	0.00804632780109403
PA	42001	4.2	4.09854515649299	2	55857	0.00804632780109403
PA	42001	12.6	7.80285274234773	3	134163	0.00804632780109403
PA	42001	25.4	13.8922773210348	4	299643	0.00804632780109403
PA	42001	35.9	22.3522696090844	5	358361	0.00804632780109403
PA	42001	40.7	31.7206371294046	6	383623	0.00804632780109403
PA	42001	43	39.8134056043926	7	394854	0.00804632780109403
PA	42001	45.6	45.4351733349067	8	407155	0.00804632780109403
PA	42001	48	48.775350179485	9	417690	0.00804632780109403
PA	42001	50.1	50.5786588727933	10	427407	0.00804632780109403
PA	42001	48.3	51.5021236006742	11	424185	0.00804632780109403
PA	42001	51.7	51.962238556333	12	444032	0.00804632780109403
PA	42001	53.8	52.1883592721187	13	456095	0.00804632780109403
PA	42001	54.8	52.2987338788352	14	452696	0.00804632780109403
PA	42001	55.2	52.3524318504235	15	455223	0.00804632780109403
PA	42001	55.7	52.3785141197371	16	458525	0.00804632780109403
PA	42001	56.1	52.3911729078664	17	461144	0.00804632780109403
PA	42003	0	0.387360554635666	0	599	0.0949887552629517
PA	42003	2.1	0.808896271381673	1	17519	0.0949887552629517
PA	42003	6.6	1.67724898368451	2	55857	0.0949887552629517
PA	42003	18.8	3.4279950656159	3	134163	0.0949887552629517
PA	42003	35.8	6.80966190923416	4	299643	0.0949887552629517
PA	42003	45.8	12.8319867429198	5	358361	0.0949887552629517
PA	42003	52.2	22.1525439665477	6	383623	0.0949887552629517
PA	42003	54.2	33.8497888587195	7	394854	0.0949887552629517
PA	42003	56.3	45.2060782463377	8	407155	0.0949887552629517
PA	42003	59.6	53.7917858275813	9	417690	0.0949887552629517
PA	42003	61.5	59.1350124781619	10	427407	0.0949887552629517
PA	42003	58.8	62.0681758939096	11	424185	0.0949887552629517
PA	42003	66.3	63.5682455830952	12	444032	0.0949887552629517
PA	42003	67.9	64.3076546429591	13	456095	0.0949887552629517
PA	42003	68.8	64.6655011920214	14	452696	0.0949887552629517
PA	42003	69.2	64.8371487837378	15	455223	0.0949887552629517
PA	42003	70	64.919130575311	16	458525	0.0949887552629517
PA	42003	70.5	64.958206311058	17	461144	0.0949887552629517
PA	42005	0	1.37319199234546	0	599	0.00505663612115274
PA	42005	1.4	2.7433697009857	1	17519	0.00505663612115274
PA	42005	5.9	5.3365152384272	2	55857	0.00505663612115274
PA	42005	16.4	9.88841599539991	3	134163	0.00505663612115274
PA	42005	32.6	16.9146206472465	4	299643	0.00505663612115274
PA	42005	41.4	25.8646410342472	5	358361	0.00505663612115274
PA	42005	46	34.8431069641228	6	383623	0.00505663612115274
PA	42005	47.6	41.9317316683228	7	394854	0.00505663612115274
PA	42005	49.5	46.5430305287879	8	407155	0.00505663612115274
PA	42005	51.8	49.1767133713605	9	417690	0.00505663612115274
PA	42005	53.8	50.5702798000837	10	427407	0.00505663612115274
PA	42005	53.6	51.2779358310689	11	424185	0.00505663612115274
PA	42005	56.7	51.6297802240346	12	444032	0.00505663612115274
PA	42005	58.4	51.8028804005691	13	456095	0.00505663612115274
PA	42005	59.3	51.8876000833287	14	452696	0.00505663612115274
PA	42005	59.7	51.9289584640467	15	455223	0.00505663612115274
PA	42005	60.1	51.9491236239628	16	458525	0.00505663612115274
PA	42005	60.5	51.9589496050433	17	461144	0.00505663612115274
PA	42007	0	0.806655106912748	0	599	0.0128049633537414
PA	42007	1	1.60830315018506	1	17519	0.0128049633537414
PA	42007	3.3	3.15867677639037	2	55857	0.0128049633537414
PA	42007	11.4	6.02923053511414	3	134163	0.0128049633537414
PA	42007	21.9	10.9392534128164	4	299643	0.0128049633537414
PA	42007	30.6	18.2996083021111	5	358361	0.0128049633537414
PA	42007	35.4	27.4074363082031	6	383623	0.0128049633537414
PA	42007	38.3	36.3404680923708	7	394854	0.0128049633537414
PA	42007	41.5	43.3128766960286	8	407155	0.0128049633537414
PA	42007	47.3	47.8468735382798	9	417690	0.0128049633537414
PA	42007	49.2	50.4554755407905	10	427407	0.0128049633537414
PA	42007	45	51.851691250248	11	424185	0.0128049633537414
PA	42007	48.4	52.570178395733	12	444032	0.0128049633537414
PA	42007	49.9	52.9324324573726	13	456095	0.0128049633537414
PA	42007	50.8	53.1131963087057	14	452696	0.0128049633537414
PA	42007	51.1	53.2029310527088	15	455223	0.0128049633537414
PA	42007	51.7	53.2473626194505	16	458525	0.0128049633537414
PA	42007	52.1	53.2693345731687	17	461144	0.0128049633537414
PA	42009	0	1.30185543615313	0	599	0.00374066873514733
PA	42009	0.8	2.48817773802833	1	17519	0.00374066873514733
PA	42009	5	4.62366017193735	2	55857	0.00374066873514733
PA	42009	9.9	8.18340417455391	3	134163	0.00374066873514733
PA	42009	20.8	13.4201281961115	4	299643	0.00374066873514733
PA	42009	26.5	19.8621481344025	5	358361	0.00374066873514733
PA	42009	29.7	26.2482514511441	6	383623	0.00374066873514733
PA	42009	30.7	31.3584036107191	7	394854	0.00374066873514733
PA	42009	31.8	34.7914190738343	8	407155	0.00374066873514733
PA	42009	33.5	36.8353029743865	9	417690	0.00374066873514733
PA	42009	34.8	37.965739296167	10	427407	0.00374066873514733
PA	42009	35.1	38.5656023839337	11	424185	0.00374066873514733
PA	42009	37	38.8769334372234	12	444032	0.00374066873514733
PA	42009	38	39.0366555648908	13	456095	0.00374066873514733
PA	42009	38.5	39.1181111982964	14	452696	0.00374066873514733
PA	42009	38.8	39.1595260501051	15	455223	0.00374066873514733
PA	42009	39	39.1805502234109	16	458525	0.00374066873514733
PA	42009	39.2	39.1912147206943	17	461144	0.00374066873514733
PA	42011	0	1.12529723706044	0	599	0.0328983254086533
PA	42011	1.6	2.15264883264868	1	17519	0.0328983254086533
PA	42011	5.6	4.04989490911817	2	55857	0.0328983254086533
PA	42011	12.3	7.39369168024793	3	134163	0.0328983254086533
PA	42011	24.5	12.8288437174595	4	299643	0.0328983254086533
PA	42011	36.9	20.5988508093458	5	358361	0.0328983254086533
PA	42011	43.8	29.8874686925421	6	383623	0.0328983254086533
PA	42011	47.4	38.8848626442787	7	394854	0.0328983254086533
PA	42011	50.6	45.9889667456536	8	407155	0.0328983254086533
PA	42011	53.4	50.746271201146	9	417690	0.0328983254086533
PA	42011	55.9	53.5909055633494	10	427407	0.0328983254086533
PA	42011	51.3	55.1780510359402	11	424185	0.0328983254086533
PA	42011	56.1	56.0295235447682	12	444032	0.0328983254086533
PA	42011	58.1	56.4767235811162	13	456095	0.0328983254086533
PA	42011	59.5	56.7089784285216	14	452696	0.0328983254086533
PA	42011	60.1	56.8288986978713	15	455223	0.0328983254086533
PA	42011	60.8	56.8906305889697	16	458525	0.0328983254086533
PA	42011	61.3	56.9223592171633	17	461144	0.0328983254086533
PA	42013	0	0.817940064988804	0	599	0.00951641186381273
PA	42013	2.5	1.55329351563139	1	17519	0.00951641186381273
PA	42013	6.8	2.90989541959953	2	55857	0.00951641186381273
PA	42013	16.1	5.31873251991694	3	134163	0.00951641186381273
PA	42013	28.9	9.31917299452628	4	299643	0.00951641186381273
PA	42013	35.1	15.2781299988818	5	358361	0.00951641186381273
PA	42013	39.6	22.8572098314598	6	383623	0.00951641186381273
PA	42013	41	30.7735455825511	7	394854	0.00951641186381273
PA	42013	43.2	37.5103226953488	8	407155	0.00951641186381273
PA	42013	44.8	42.3138164273637	9	417690	0.00951641186381273
PA	42013	46.2	45.3235699130473	10	427407	0.00951641186381273
PA	42013	46.1	47.0593514080156	11	424185	0.00951641186381273
PA	42013	49.5	48.0128696284947	12	444032	0.00951641186381273
PA	42013	51	48.5227032062503	13	456095	0.00951641186381273
PA	42013	51.8	48.7913701118042	14	452696	0.00951641186381273
PA	42013	52.1	48.9318652660129	15	455223	0.00951641186381273
PA	42013	52.5	49.0050397157784	16	458525	0.00951641186381273
PA	42013	52.9	49.0430714161997	17	461144	0.00951641186381273
PA	42015	0	1.07275900749757	0	599	0.00471200217403718
PA	42015	1.6	2.0130210225148	1	17519	0.00471200217403718
PA	42015	7	3.70671467490783	2	55857	0.00471200217403718
PA	42015	14.6	6.60282755522324	3	134163	0.00471200217403718
PA	42015	22.7	11.1404444422741	4	299643	0.00471200217403718
PA	42015	28	17.3597148107155	5	358361	0.00471200217403718
PA	42015	31.6	24.4857812213381	6	383623	0.00471200217403718
PA	42015	33.3	31.1522466741744	7	394854	0.00471200217403718
PA	42015	35	36.3051069878408	8	407155	0.00471200217403718
PA	42015	36.8	39.7311180722374	9	417690	0.00471200217403718
PA	42015	38.6	41.7868160302188	10	427407	0.00471200217403718
PA	42015	38.6	42.9451714616742	11	424185	0.00471200217403718
PA	42015	40.5	43.57487728802	12	444032	0.00471200217403718
PA	42015	41.5	43.9105306773593	13	456095	0.00471200217403718
PA	42015	42.3	44.0875701095588	14	452696	0.00471200217403718
PA	42015	42.6	44.1804304444755	15	455223	0.00471200217403718
PA	42015	43.2	44.228995080132	16	458525	0.00471200217403718
PA	42015	43.6	44.2543548428947	17	461144	0.00471200217403718
PA	42017	0	0.706362530881349	0	599	0.0490759678046903
PA	42017	1.8	1.49761103224493	1	17519	0.0490759678046903
PA	42017	6.5	3.13210863014748	2	55857	0.0490759678046903
PA	42017	16.3	6.37189069979315	3	134163	0.0490759678046903
PA	42017	33.3	12.2981589876941	4	299643	0.0490759678046903
PA	42017	46.4	21.7008421800669	5	358361	0.0490759678046903
PA	42017	53.6	33.7065696444632	6	383623	0.0490759678046903
PA	42017	56.6	45.4104517420573	7	394854	0.0490759678046903
PA	42017	59.9	54.1737238125014	8	407155	0.0490759678046903
PA	42017	62.6	59.5251994990711	9	417690	0.0490759678046903
PA	42017	65	62.3966987282852	10	427407	0.0490759678046903
PA	42017	63	63.8312072306475	11	424185	0.0490759678046903
PA	42017	67.9	64.5222633730097	12	444032	0.0490759678046903
PA	42017	70	64.8493389003656	13	456095	0.0490759678046903
PA	42017	71.1	65.002847624878	14	452696	0.0490759678046903
PA	42017	71.6	65.0746107450593	15	455223	0.0490759678046903
PA	42017	73	65.1080969673746	16	458525	0.0490759678046903
PA	42017	74.3	65.1237088733624	17	461144	0.0490759678046903
PA	42019	0	1.14904582246189	0	599	0.0146737354640752
PA	42019	2.3	2.32815666225723	1	17519	0.0146737354640752
PA	42019	8.3	4.61648868669762	2	55857	0.0146737354640752
PA	42019	22.6	8.78970902271016	3	134163	0.0146737354640752
PA	42019	35.7	15.6030192176254	4	299643	0.0146737354640752
PA	42019	44.8	24.9421868551589	5	358361	0.0146737354640752
PA	42019	49.7	35.0867269774401	6	383623	0.0146737354640752
PA	42019	51.5	43.6655264229898	7	394854	0.0146737354640752
PA	42019	53.5	49.513375738604	8	407155	0.0146737354640752
PA	42019	56.2	52.9380173061468	9	417690	0.0146737354640752
PA	42019	57.9	54.767836379922	10	427407	0.0146737354640752
PA	42019	57.6	55.6978055307232	11	424185	0.0146737354640752
PA	42019	61.3	56.1584309517943	12	444032	0.0146737354640752
PA	42019	62.9	56.3836749227918	13	456095	0.0146737354640752
PA	42019	63.6	56.4931269483157	14	452696	0.0146737354640752
PA	42019	63.9	56.5461498441923	15	455223	0.0146737354640752
PA	42019	64.4	56.5717980973123	16	458525	0.0146737354640752
PA	42019	64.7	56.5841957617684	17	461144	0.0146737354640752
PA	42021	0	0.778207878944674	0	599	0.0101696697286648
PA	42021	2.6	1.52928041319932	1	17519	0.0101696697286648
PA	42021	7.9	2.96298610362637	2	55857	0.0101696697286648
PA	42021	18.5	5.59075857342641	3	134163	0.0101696697286648
PA	42021	32.7	10.0667930214565	4	299643	0.0101696697286648
PA	42021	39.5	16.8169546518573	5	358361	0.0101696697286648
PA	42021	43.5	25.3334675415951	6	383623	0.0101696697286648
PA	42021	45.1	33.9544109106822	7	394854	0.0101696697286648
PA	42021	47	40.9390127972927	8	407155	0.0101696697286648
PA	42021	49.4	45.6465958290605	9	417690	0.0101696697286648
PA	42021	51.2	48.439147729166	10	427407	0.0101696697286648
PA	42021	50.3	49.9718668296767	11	424185	0.0101696697286648
PA	42021	53.1	50.777394806532	12	444032	0.0101696697286648
PA	42021	54.7	51.191102574392	13	456095	0.0101696697286648
PA	42021	55.5	51.401063996817	14	452696	0.0101696697286648
PA	42021	55.8	51.5069784512373	15	455223	0.0101696697286648
PA	42021	56.2	51.5602434867888	16	458525	0.0101696697286648
PA	42021	56.5	51.5869895871315	17	461144	0.0101696697286648
PA	42023	0	1.20752924687959	0	599	0.000347367897285336
PA	42023	0	2.6064274370913	1	17519	0.000347367897285336
PA	42023	10.3	5.44370975760963	2	55857	0.000347367897285336
PA	42023	24.6	10.6687488713509	3	134163	0.000347367897285336
PA	42023	35.7	18.7774186127955	4	299643	0.000347367897285336
PA	42023	43.9	28.5346911655882	5	358361	0.000347367897285336
PA	42023	46.6	37.2409726286408	6	383623	0.000347367897285336
PA	42023	47.8	43.1664762009783	7	394854	0.000347367897285336
PA	42023	49.7	46.4948181840652	8	407155	0.000347367897285336
PA	42023	51.8	48.165670624236	9	417690	0.000347367897285336
PA	42023	54.8	48.9572041081356	10	427407	0.000347367897285336
PA	42023	51.7	49.3218659476993	11	424185	0.000347367897285336
PA	42023	52.8	49.4877062863351	12	444032	0.000347367897285336
PA	42023	53.9	49.5626826930892	13	456095	0.000347367897285336
PA	42023	54.5	49.5964889720688	14	452696	0.000347367897285336
PA	42023	54.7	49.611713573549	15	455223	0.000347367897285336
PA	42023	54.9	49.618566220399	16	458525	0.000347367897285336
PA	42023	55.1	49.6216498660291	17	461144	0.000347367897285336
PA	42025	0	0.719067575077645	0	599	0.0050134397084703
PA	42025	2.1	1.45853376772106	1	17519	0.0050134397084703
PA	42025	7.9	2.91739731683366	2	55857	0.0050134397084703
PA	42025	16.3	5.67998225888064	3	134163	0.0050134397084703
PA	42025	29.6	10.527425113457	4	299643	0.0050134397084703
PA	42025	42.1	17.9952486414621	5	358361	0.0050134397084703
PA	42025	47.8	27.4711057347223	6	383623	0.0050134397084703
PA	42025	50.3	36.9261965301424	7	394854	0.0050134397084703
PA	42025	53	44.34850549118	8	407155	0.0050134397084703
PA	42025	55.8	49.1527211391421	9	417690	0.0050134397084703
PA	42025	58	51.8858686551238	10	427407	0.0050134397084703
PA	42025	53.4	53.327783168921	11	424185	0.0050134397084703
PA	42025	57	54.0582881581635	12	444032	0.0050134397084703
PA	42025	58.8	54.4207855939815	13	456095	0.0050134397084703
PA	42025	59.9	54.5988168919167	14	452696	0.0050134397084703
PA	42025	60.3	54.6858083606999	15	455223	0.0050134397084703
PA	42025	60.8	54.7282092676099	16	458525	0.0050134397084703
PA	42025	61.2	54.7488509929419	17	461144	0.0050134397084703
PA	42027	0	0.436652019441803	0	599	0.0126843570948233
PA	42027	1.5	0.964424442167242	1	17519	0.0126843570948233
PA	42027	7	2.10706468294657	2	55857	0.0126843570948233
PA	42027	16.8	4.49815697743409	3	134163	0.0126843570948233
PA	42027	32.2	9.16386551573625	4	299643	0.0126843570948233
PA	42027	43.2	17.140748007518	5	358361	0.0126843570948233
PA	42027	47.7	28.1248737233874	6	383623	0.0126843570948233
PA	42027	49.4	39.4741782330674	7	394854	0.0126843570948233
PA	42027	51.5	48.2009763431352	8	407155	0.0126843570948233
PA	42027	53.4	53.5084063292003	9	417690	0.0126843570948233
PA	42027	55	56.2892348571073	10	427407	0.0126843570948233
PA	42027	52.9	57.6330648677222	11	424185	0.0126843570948233
PA	42027	57	58.2570698448672	12	444032	0.0126843570948233
PA	42027	58.3	58.5414506269471	13	456095	0.0126843570948233
PA	42027	59.1	58.6699460688758	14	452696	0.0126843570948233
PA	42027	59.4	58.7277807384174	15	455223	0.0126843570948233
PA	42027	59.9	58.7537660964888	16	458525	0.0126843570948233
PA	42027	60.3	58.7654322443685	17	461144	0.0126843570948233
PA	42029	0	0.636903923294698	0	599	0.0410083933051341
PA	42029	1.5	1.20678025541082	1	17519	0.0410083933051341
PA	42029	6.8	2.26973471886636	2	55857	0.0410083933051341
PA	42029	16.7	4.21116322266672	3	134163	0.0410083933051341
PA	42029	33.2	7.62466211556898	4	299643	0.0410083933051341
PA	42029	44.3	13.2432040138149	5	358361	0.0410083933051341
PA	42029	51.3	21.5577741626473	6	383623	0.0410083933051341
PA	42029	54	32.1091250766606	7	394854	0.0410083933051341
PA	42029	57	43.1675889778616	8	407155	0.0410083933051341
PA	42029	59.3	52.6600937307768	9	417690	0.0410083933051341
PA	42029	61.5	59.5093087223186	10	427407	0.0410083933051341
PA	42029	58.2	63.8563753515632	11	424185	0.0410083933051341
PA	42029	73	66.3948853574941	12	444032	0.0410083933051341
PA	42029	75.2	67.8057123561559	13	456095	0.0410083933051341
PA	42029	76.5	68.5683099750186	14	452696	0.0410083933051341
PA	42029	77.1	68.9743319388689	15	455223	0.0410083933051341
PA	42029	78.3	69.1887663759583	16	458525	0.0410083933051341
PA	42029	79.4	69.3015335604376	17	461144	0.0410083933051341
PA	42031	0	1.19892008407908	0	599	0.00300250218930824
PA	42031	2	2.36501473332605	1	17519	0.00300250218930824
PA	42031	7.7	4.54454866438678	2	55857	0.00300250218930824
PA	42031	20.6	8.32978315705962	3	134163	0.00300250218930824
PA	42031	27.8	14.1351974782211	4	299643	0.00300250218930824
PA	42031	31.7	21.5363910129579	5	358361	0.00300250218930824
PA	42031	34.2	29.0319818892559	6	383623	0.00300250218930824
PA	42031	35.5	35.0466014970777	7	394854	0.00300250218930824
PA	42031	38.8	39.0341452817197	8	407155	0.00300250218930824
PA	42031	40.2	41.3542580658212	9	417690	0.00300250218930824
PA	42031	41.4	42.6028851272549	10	427407	0.00300250218930824
PA	42031	39.9	43.2467508463997	11	424185	0.00300250218930824
PA	42031	41.9	43.571454864028	12	444032	0.00300250218930824
PA	42031	42.9	43.7333658772821	13	456095	0.00300250218930824
PA	42031	43.4	43.8136469270043	14	452696	0.00300250218930824
PA	42031	43.7	43.8533415919034	15	455223	0.00300250218930824
PA	42031	44	43.8729412635483	16	458525	0.00300250218930824
PA	42031	44.2	43.8826121856398	17	461144	0.00300250218930824
PA	42033	0	2.61082694681925	0	599	0.00619083487729914
PA	42033	2.7	4.81997600314338	1	17519	0.00619083487729914
PA	42033	7.7	8.53253961535244	2	55857	0.00619083487729914
PA	42033	18.7	14.1284809998272	3	134163	0.00619083487729914
PA	42033	29.3	21.3177532856759	4	299643	0.00619083487729914
PA	42033	36	28.8725612375633	5	358361	0.00619083487729914
PA	42033	39.5	35.3066521486721	6	383623	0.00619083487729914
PA	42033	41.1	39.8760939416192	7	394854	0.00619083487729914
PA	42033	43.2	42.7190970348974	8	407155	0.00619083487729914
PA	42033	45	44.3448578277084	9	417690	0.00619083487729914
PA	42033	46.4	45.2299933340853	10	427407	0.00619083487729914
PA	42033	45.3	45.6990467398833	11	424185	0.00619083487729914
PA	42033	47.5	45.944051043453	12	444032	0.00619083487729914
PA	42033	48.7	46.0710626644648	13	456095	0.00619083487729914
PA	42033	49.4	46.1366483211723	14	452696	0.00619083487729914
PA	42033	49.7	46.1704465057601	15	455223	0.00619083487729914
PA	42033	50	46.1878454819465	16	458525	0.00619083487729914
PA	42033	50.2	46.1967974834443	17	461144	0.00619083487729914
PA	42035	0	0.968672597371339	0	599	0.00301765608453499
PA	42035	1.3	1.89781154639977	1	17519	0.00301765608453499
PA	42035	5.2	3.64593255762155	2	55857	0.00301765608453499
PA	42035	14.6	6.75729357426582	3	134163	0.00301765608453499
PA	42035	24.7	11.7842058356376	4	299643	0.00301765608453499
PA	42035	29.1	18.7606880182237	5	358361	0.00301765608453499
PA	42035	33.3	26.6462197870007	6	383623	0.00301765608453499
PA	42035	34.8	33.7339800271022	7	394854	0.00301765608453499
PA	42035	36.6	38.9072227295142	8	407155	0.00301765608453499
PA	42035	38.5	42.1373666405599	9	417690	0.00301765608453499
PA	42035	40.2	43.9617926032856	10	427407	0.00301765608453499
PA	42035	38.6	44.934307165144	11	424185	0.00301765608453499
PA	42035	42	45.4367506228785	12	444032	0.00301765608453499
PA	42035	43.4	45.6921441550161	13	456095	0.00301765608453499
PA	42035	44.2	45.8208876627067	14	452696	0.00301765608453499
PA	42035	44.6	45.8855153512446	15	455223	0.00301765608453499
PA	42035	45	45.917889343049	16	458525	0.00301765608453499
PA	42035	45.4	45.9340893410057	17	461144	0.00301765608453499
PA	42037	0	0.747124790770955	0	599	0.00507452396654926
PA	42037	3	1.47089040638475	1	17519	0.00507452396654926
PA	42037	9.3	2.8590987796702	2	55857	0.00507452396654926
PA	42037	20.6	5.42561504195459	3	134163	0.00507452396654926
PA	42037	33.2	9.86332480513851	4	299643	0.00507452396654926
PA	42037	42.5	16.716075763325	5	358361	0.00507452396654926
PA	42037	48.1	25.6470782617088	6	383623	0.00507452396654926
PA	42037	50.5	35.0267140967292	7	394854	0.00507452396654926
PA	42037	52.6	42.8882434274981	8	407155	0.00507452396654926
PA	42037	55.4	48.3244402664734	9	417690	0.00507452396654926
PA	42037	57.8	51.602753849628	10	427407	0.00507452396654926
PA	42037	55.6	53.4191099989461	11	424185	0.00507452396654926
PA	42037	58.2	54.3784569714199	12	444032	0.00507452396654926
PA	42037	60.1	54.8723734393697	13	456095	0.00507452396654926
PA	42037	61.1	55.1233208387843	14	452696	0.00507452396654926
PA	42037	61.5	55.2499639737952	15	455223	0.00507452396654926
PA	42037	62.1	55.3136580964995	16	458525	0.00507452396654926
PA	42037	62.5	55.345637580768	17	461144	0.00507452396654926
PA	42039	0	2.32027407859817	0	599	0.00661061339765251
PA	42039	4	4.27683387728457	1	17519	0.00661061339765251
PA	42039	9.1	7.60546539663322	2	55857	0.00661061339765251
PA	42039	21.1	12.7598136935935	3	134163	0.00661061339765251
PA	42039	29.3	19.6834753533155	4	299643	0.00661061339765251
PA	42039	35.3	27.4001584884799	5	358361	0.00661061339765251
PA	42039	38.8	34.3997007538604	6	383623	0.00661061339765251
PA	42039	40.4	39.6578348033971	7	394854	0.00661061339765251
PA	42039	42	43.0751913544882	8	407155	0.00661061339765251
PA	42039	44.2	45.0919134073506	9	417690	0.00661061339765251
PA	42039	45.9	46.2149327758339	10	427407	0.00661061339765251
PA	42039	44.4	46.8201446245923	11	424185	0.00661061339765251
PA	42039	46.7	47.1405544843218	12	444032	0.00661061339765251
PA	42039	47.8	47.3085892743474	13	456095	0.00661061339765251
PA	42039	48.6	47.3962761975534	14	452696	0.00661061339765251
PA	42039	48.9	47.4419159355377	15	455223	0.00661061339765251
PA	42039	49.4	47.4656386476484	16	458525	0.00661061339765251
PA	42039	49.7	47.4779606209558	17	461144	0.00661061339765251
PA	42041	0	0.822415893035554	0	599	0.0197914558433068
PA	42041	1.2	1.73006449374166	1	17519	0.0197914558433068
PA	42041	4.8	3.58053100171652	2	55857	0.0197914558433068
PA	42041	14.5	7.17356814596889	3	134163	0.0197914558433068
PA	42041	29.1	13.5329330141616	4	299643	0.0197914558433068
PA	42041	44	23.1384339820855	5	358361	0.0197914558433068
PA	42041	50.6	34.6581195891523	6	383623	0.0197914558433068
PA	42041	53.7	45.1947641888585	7	394854	0.0197914558433068
PA	42041	57.2	52.6970011953517	8	407155	0.0197914558433068
PA	42041	60.3	57.1386051627639	9	417690	0.0197914558433068
PA	42041	62.9	59.4865070332724	10	427407	0.0197914558433068
PA	42041	56.9	60.6536246088113	11	424185	0.0197914558433068
PA	42041	64.7	61.2160553161563	12	444032	0.0197914558433068
PA	42041	66.6	61.4830330803067	13	456095	0.0197914558433068
PA	42041	68.2	61.6088561972478	14	452696	0.0197914558433068
PA	42041	69	61.6679541231059	15	455223	0.0197914558433068
PA	42041	70.1	61.695667618413	16	458525	0.0197914558433068
PA	42041	71	61.7086539168391	17	461144	0.0197914558433068
PA	42043	0	0.401311080595439	0	599	0.0217387313799442
PA	42043	1.2	0.872492639516067	1	17519	0.0217387313799442
PA	42043	4.2	1.87966711649655	2	55857	0.0217387313799442
PA	42043	11.8	3.97238725934025	3	134163	0.0217387313799442
PA	42043	26.4	8.07555409281796	4	299643	0.0217387313799442
PA	42043	40.7	15.2770817299529	5	358361	0.0217387313799442
PA	42043	47.3	25.761326737506	6	383623	0.0217387313799442
PA	42043	50.6	37.5088826598567	7	394854	0.0217387313799442
PA	42043	53.5	47.3663644016601	8	407155	0.0217387313799442
PA	42043	56.4	53.8214816949767	9	417690	0.0217387313799442
PA	42043	58.8	57.390867656834	10	427407	0.0217387313799442
PA	42043	54.1	59.1820699941768	11	424185	0.0217387313799442
PA	42043	58.6	60.0372135325239	12	444032	0.0217387313799442
PA	42043	60.6	60.4357420100968	13	456095	0.0217387313799442
PA	42043	62.1	60.619381877598	14	452696	0.0217387313799442
PA	42043	62.8	60.7035609070693	15	455223	0.0217387313799442
PA	42043	63.7	60.7420553933786	16	458525	0.0217387313799442
PA	42043	64.3	60.7596393329408	17	461144	0.0217387313799442
PA	42045	0	0.362935648667084	0	599	0.0442702301962609
PA	42045	2	0.765220873387576	1	17519	0.0442702301962609
PA	42045	7.6	1.60283086716801	2	55857	0.0442702301962609
PA	42045	17.5	3.31208155657773	3	134163	0.0442702301962609
PA	42045	33.4	6.66104075218898	4	299643	0.0442702301962609
PA	42045	48	12.7292713841661	5	358361	0.0442702301962609
PA	42045	54.9	22.3127348440058	6	383623	0.0442702301962609
PA	42045	57.8	34.5907700798344	7	394854	0.0442702301962609
PA	42045	60.8	46.7085158927481	8	407155	0.0442702301962609
PA	42045	63.2	55.9492271095882	9	417690	0.0442702301962609
PA	42045	65.8	61.7046453597838	10	427407	0.0442702301962609
PA	42045	64.9	64.8497934133571	11	424185	0.0442702301962609
PA	42045	69.3	66.4465750630702	12	444032	0.0442702301962609
PA	42045	71.4	67.2269985974254	13	456095	0.0442702301962609
PA	42045	73.1	67.6013355773909	14	452696	0.0442702301962609
PA	42045	73.8	67.7792723097694	15	455223	0.0442702301962609
PA	42045	75	67.8634886210543	16	458525	0.0442702301962609
PA	42045	76	67.9032663219556	17	461144	0.0442702301962609
PA	42047	0	1.839874424225	0	599	0.00233635570222721
PA	42047	3.2	3.88129254816026	1	17519	0.00233635570222721
PA	42047	13.4	7.82568371592477	2	55857	0.00233635570222721
PA	42047	26.5	14.5365575397673	3	134163	0.00233635570222721
PA	42047	37.1	23.8131169169022	4	299643	0.00233635570222721
PA	42047	43.5	33.5345957515003	5	358361	0.00233635570222721
PA	42047	46.4	41.1695429697719	6	383623	0.00233635570222721
PA	42047	47.8	45.9186990327111	7	394854	0.00233635570222721
PA	42047	49.3	48.4580345871432	8	407155	0.00233635570222721
PA	42047	51.2	49.7067391374367	9	417690	0.00233635570222721
PA	42047	53.1	50.2954972541484	10	427407	0.00233635570222721
PA	42047	51.4	50.5675842232803	11	424185	0.00233635570222721
PA	42047	53.5	50.6921599230822	12	444032	0.00233635570222721
PA	42047	54.8	50.7489538797548	13	456095	0.00233635570222721
PA	42047	55.5	50.7747957187761	14	452696	0.00233635570222721
PA	42047	55.7	50.7865435820039	15	455223	0.00233635570222721
PA	42047	56.1	50.7918820778012	16	458525	0.00233635570222721
PA	42047	56.3	50.7943075661641	17	461144	0.00233635570222721
PA	42049	0	1.03312445453455	0	599	0.0210692260397974
PA	42049	1.8	2.0602329553631	1	17519	0.0210692260397974
PA	42049	5.5	4.03562894043834	2	55857	0.0210692260397974
PA	42049	19	7.64441835836138	3	134163	0.0210692260397974
PA	42049	33.9	13.6575909932249	4	299643	0.0210692260397974
PA	42049	40.8	22.2905366416187	5	358361	0.0210692260397974
PA	42049	46.3	32.3622335757614	6	383623	0.0210692260397974
PA	42049	48.2	41.6215693427181	7	394854	0.0210692260397974
PA	42049	50.3	48.4462213421342	8	407155	0.0210692260397974
PA	42049	52.9	52.7008209636213	9	417690	0.0210692260397974
PA	42049	54.6	55.0825484580973	10	427407	0.0210692260397974
PA	42049	53	56.3360956593728	11	424185	0.0210692260397974
PA	42049	56.4	56.9744860475766	12	444032	0.0210692260397974
PA	42049	57.8	57.2941466448412	13	456095	0.0210692260397974
PA	42049	58.6	57.4528549162708	14	452696	0.0210692260397974
PA	42049	59	57.5313193594111	15	455223	0.0210692260397974
PA	42049	59.8	57.5700305920031	16	458525	0.0210692260397974
PA	42049	60.3	57.5891094460466	17	461144	0.0210692260397974
PA	42051	0	1.60359315778896	0	599	0.0100979621213547
PA	42051	2.1	3.08396624684114	1	17519	0.0100979621213547
PA	42051	5.9	5.77406461355177	2	55857	0.0100979621213547
PA	42051	18.8	10.3148503643923	3	134163	0.0100979621213547
PA	42051	34.6	17.102476364936	4	299643	0.0100979621213547
PA	42051	41	25.6062147301951	5	358361	0.0100979621213547
PA	42051	44.8	34.1842144931867	6	383623	0.0100979621213547
PA	42051	46.1	41.1393887547917	7	394854	0.0100979621213547
PA	42051	48.2	45.8470274980414	8	407155	0.0100979621213547
PA	42051	51.6	48.6569868599636	9	417690	0.0100979621213547
PA	42051	53.7	50.210049746924	10	427407	0.0100979621213547
PA	42051	51.1	51.0320969937768	11	424185	0.0100979621213547
PA	42051	54.1	51.4572667615633	12	444032	0.0100979621213547
PA	42051	55.5	51.6745394359448	13	456095	0.0100979621213547
PA	42051	56.4	51.7848890911447	14	452696	0.0100979621213547
PA	42051	56.8	51.8407586508283	15	455223	0.0100979621213547
PA	42051	57.3	51.8690002711313	16	458525	0.0100979621213547
PA	42051	57.8	51.8832647231173	17	461144	0.0100979621213547
PA	42053	0	2.62485258176845	0	599	0.000566083910867288
PA	42053	1.3	5.5464719347841	1	17519	0.000566083910867288
PA	42053	7.4	11.0629153346042	2	55857	0.000566083910867288
PA	42053	19	19.9535728329771	3	134163	0.000566083910867288
PA	42053	50.1	31.1787762226582	4	299643	0.000566083910867288
PA	42053	54.9	41.6842745641829	5	358361	0.000566083910867288
PA	42053	58.1	49.0951004344982	6	383623	0.000566083910867288
PA	42053	59.6	53.3437272007332	7	394854	0.000566083910867288
PA	42053	65.7	55.4952043896199	8	407155	0.000566083910867288
PA	42053	67.6	56.5163755798325	9	417690	0.000566083910867288
PA	42053	68.6	56.9861433608324	10	427407	0.000566083910867288
PA	42053	67.8	57.1991382946048	11	424185	0.000566083910867288
PA	42053	69.4	57.295075743921	12	444032	0.000566083910867288
PA	42053	70.7	57.3381594735956	13	456095	0.000566083910867288
PA	42053	71.3	57.357481689568	14	452696	0.000566083910867288
PA	42053	71.5	57.3661421242589	15	455223	0.000566083910867288
PA	42053	72.1	57.3700227834244	16	458525	0.000566083910867288
PA	42053	72.6	57.3717614603991	17	461144	0.000566083910867288
PA	42055	0	0.778619604757087	0	599	0.0121096026562747
PA	42055	1.2	1.46762103885146	1	17519	0.0121096026562747
PA	42055	5.7	2.73110188965638	2	55857	0.0121096026562747
PA	42055	14.1	4.96637145090727	3	134163	0.0121096026562747
PA	42055	24.9	8.68073591789453	4	299643	0.0121096026562747
PA	42055	31.8	14.2541774281626	5	358361	0.0121096026562747
PA	42055	36	21.456230056471	6	383623	0.0121096026562747
PA	42055	38.2	29.1584167015733	7	394854	0.0121096026562747
PA	42055	40.6	35.8948255684711	8	407155	0.0121096026562747
PA	42055	43.3	40.8258313019751	9	417690	0.0121096026562747
PA	42055	45.7	43.9847759375482	10	427407	0.0121096026562747
PA	42055	43.5	45.8390706147002	11	424185	0.0121096026562747
PA	42055	46.2	46.8721342315976	12	444032	0.0121096026562747
PA	42055	47.6	47.4309765677637	13	456095	0.0121096026562747
PA	42055	48.7	47.7284773558706	14	452696	0.0121096026562747
PA	42055	49.1	47.8855013655419	15	455223	0.0121096026562747
PA	42055	49.6	47.9680055765039	16	458525	0.0121096026562747
PA	42055	50	48.0112520878002	17	461144	0.0121096026562747
PA	42057	0	1.96361179224237	0	599	0.00113497988476634
PA	42057	1.3	3.57792794508117	1	17519	0.00113497988476634
PA	42057	3	6.28774236408628	2	55857	0.00113497988476634
PA	42057	8.9	10.4278966777712	3	134163	0.00113497988476634
PA	42057	17.8	15.9245975938734	4	299643	0.00113497988476634
PA	42057	23.2	22.0051216583252	5	358361	0.00113497988476634
PA	42057	25.5	27.5120170516692	6	383623	0.00113497988476634
PA	42057	26.4	31.6662576320565	7	394854	0.00113497988476634
PA	42057	27.5	34.3882788187868	8	407155	0.00113497988476634
PA	42057	29.3	36.0109917325105	9	417690	0.00113497988476634
PA	42057	31.4	36.9243819108281	10	427407	0.00113497988476634
PA	42057	32.1	37.421958127949	11	424185	0.00113497988476634
PA	42057	33.9	37.6881921389394	12	444032	0.00113497988476634
PA	42057	34.8	37.8292758597024	13	456095	0.00113497988476634
PA	42057	35.6	37.9036572970094	14	452696	0.00113497988476634
PA	42057	35.8	37.9427663572045	15	455223	0.00113497988476634
PA	42057	36.1	37.9633002870217	16	458525	0.00113497988476634
PA	42057	36.3	37.9740734224062	17	461144	0.00113497988476634
PA	42059	0	1.10169011001906	0	599	0.00283026332861245
PA	42059	1.2	2.1458124627403	1	17519	0.00283026332861245
PA	42059	5.8	4.09210031767254	2	55857	0.00283026332861245
PA	42059	13.5	7.5109360120204	3	134163	0.00283026332861245
PA	42059	27.8	12.9337622626375	4	299643	0.00283026332861245
PA	42059	33.9	20.2827447122198	5	358361	0.00283026332861245
PA	42059	37.2	28.3733707411615	6	383623	0.00283026332861245
PA	42059	38.3	35.4747683433415	7	394854	0.00283026332861245
PA	42059	40.4	40.5705746734603	8	407155	0.00283026332861245
PA	42059	42	43.722431723956	9	417690	0.00283026332861245
PA	42059	43.5	45.4962104214327	10	427407	0.00283026332861245
PA	42059	43.2	46.4417341069209	11	424185	0.00283026332861245
PA	42059	47.8	46.931206003257	12	444032	0.00283026332861245
PA	42059	49	47.1807534113518	13	456095	0.00283026332861245
PA	42059	49.8	47.3069900796547	14	452696	0.00283026332861245
PA	42059	50.1	47.3705961200041	15	455223	0.00283026332861245
PA	42059	50.6	47.4025809384714	16	458525	0.00283026332861245
PA	42059	51	47.4186486146738	17	461144	0.00283026332861245
PA	42061	0	1.24035199912606	0	599	0.00352632704183701
PA	42061	1.8	2.38855686943676	1	17519	0.00352632704183701
PA	42061	7.3	4.49538030416173	2	55857	0.00352632704183701
PA	42061	15.8	8.12261552353256	3	134163	0.00352632704183701
PA	42061	28.8	13.732330520038	4	299643	0.00352632704183701
PA	42061	34.7	21.1152569185196	5	358361	0.00352632704183701
PA	42061	38.3	29.0120304695999	6	383623	0.00352632704183701
PA	42061	40.1	35.7881263880846	7	394854	0.00352632704183701
PA	42061	42.8	40.5874552663876	8	407155	0.00352632704183701
PA	42061	44.9	43.5438005033489	9	417690	0.00352632704183701
PA	42061	47	45.2110284463832	10	427407	0.00352632704183701
PA	42061	46.3	46.1047486503757	11	424185	0.00352632704183701
PA	42061	48.5	46.5708264348354	12	444032	0.00352632704183701
PA	42061	49.8	46.8104019234183	13	456095	0.00352632704183701
PA	42061	50.6	46.9326355364347	14	452696	0.00352632704183701
PA	42061	51	46.9947631987632	15	455223	0.00352632704183701
PA	42061	51.4	47.0262796972254	16	458525	0.00352632704183701
PA	42061	51.7	47.0422518650994	17	461144	0.00352632704183701
PA	42063	0	2.08753106823436	0	599	0.00656718264638409
PA	42063	1.4	4.00409981367228	1	17519	0.00656718264638409
PA	42063	5.5	7.38370462307777	2	55857	0.00656718264638409
PA	42063	14.2	12.7477984035111	3	134163	0.00656718264638409
PA	42063	25.1	19.986454838197	4	299643	0.00656718264638409
PA	42063	32.4	27.8785701962453	5	358361	0.00656718264638409
PA	42063	36.1	34.7119746960053	6	383623	0.00656718264638409
PA	42063	37.5	39.544230451373	7	394854	0.00656718264638409
PA	42063	39.5	42.4933451449241	8	407155	0.00656718264638409
PA	42063	41.3	44.1342540655858	9	417690	0.00656718264638409
PA	42063	42.9	45.0005810201427	10	427407	0.00656718264638409
PA	42063	41.4	45.4453098210743	11	424185	0.00656718264638409
PA	42063	43.5	45.6703247770423	12	444032	0.00656718264638409
PA	42063	44.6	45.7833381721949	13	456095	0.00656718264638409
PA	42063	45.1	45.8398890734765	14	452696	0.00656718264638409
PA	42063	45.5	45.8681341854652	15	455223	0.00656718264638409
PA	42063	45.8	45.8822285142166	16	458525	0.00656718264638409
PA	42063	46.1	45.889258339191	17	461144	0.00656718264638409
PA	42065	0	1.38732335237738	0	599	0.00339205103207009
PA	42065	3.1	2.76277848969686	1	17519	0.00339205103207009
PA	42065	8.6	5.33446705229555	2	55857	0.00339205103207009
PA	42065	24.4	9.74540230138765	3	134163	0.00339205103207009
PA	42065	31.1	16.2984808882406	4	299643	0.00339205103207009
PA	42065	36.1	24.2164739046881	5	358361	0.00339205103207009
PA	42065	39	31.7063094955978	6	383623	0.00339205103207009
PA	42065	40.2	37.3186788018041	7	394854	0.00339205103207009
PA	42065	42.3	40.8332566536197	8	407155	0.00339205103207009
PA	42065	44.1	42.792900911204	9	417690	0.00339205103207009
PA	42065	45.7	43.8153654684377	10	427407	0.00339205103207009
PA	42065	43.8	44.3304005272884	11	424185	0.00339205103207009
PA	42065	46.2	44.5852360863339	12	444032	0.00339205103207009
PA	42065	47.3	44.710211245337	13	456095	0.00339205103207009
PA	42065	48	44.7712337870855	14	452696	0.00339205103207009
PA	42065	48.3	44.8009661588527	15	455223	0.00339205103207009
PA	42065	48.6	44.8154377651212	16	458525	0.00339205103207009
PA	42065	48.8	44.8224779461014	17	461144	0.00339205103207009
PA	42067	0	1.24422148510786	0	599	0.00193430880154638
PA	42067	1.1	2.47195215691361	1	17519	0.00193430880154638
PA	42067	5.8	4.76622669505085	2	55857	0.00193430880154638
PA	42067	14.1	8.70961532157318	3	134163	0.00193430880154638
PA	42067	22.7	14.60385241946	4	299643	0.00193430880154638
PA	42067	29	21.8012453099573	5	358361	0.00193430880154638
PA	42067	32.2	28.7017620956084	6	383623	0.00193430880154638
PA	42067	34.3	33.9427423541591	7	394854	0.00193430880154638
PA	42067	36.3	37.2619533669039	8	407155	0.00193430880154638
PA	42067	38.3	39.1285341706376	9	417690	0.00193430880154638
PA	42067	40.2	40.1086664238603	10	427407	0.00193430880154638
PA	42067	36.4	40.6048406416578	11	424185	0.00193430880154638
PA	42067	38.2	40.8513695619706	12	444032	0.00193430880154638
PA	42067	39.4	40.9727224640052	13	456095	0.00193430880154638
PA	42067	40.1	41.0321836348262	14	452696	0.00193430880154638
PA	42067	40.5	41.0612530379152	15	455223	0.00193430880154638
PA	42067	40.9	41.0754488121255	16	458525	0.00193430880154638
PA	42067	41.1	41.082377447941	17	461144	0.00193430880154638
PA	42069	0	1.03216156739725	0	599	0.0163782362256365
PA	42069	2.6	2.08942452573482	1	17519	0.0163782362256365
PA	42069	10.6	4.15784538137041	2	55857	0.0163782362256365
PA	42069	23	8.00788652289911	3	134163	0.0163782362256365
PA	42069	38.8	14.5521133659392	4	299643	0.0163782362256365
PA	42069	50.1	24.1286582005442	5	358361	0.0163782362256365
PA	42069	56.5	35.4628919862665	6	383623	0.0163782362256365
PA	42069	59.4	45.9444953316044	7	394854	0.0163782362256365
PA	42069	62.2	53.6449766638084	8	407155	0.0163782362256365
PA	42069	64.6	58.3985677861617	9	417690	0.0163782362256365
PA	42069	66.9	61.0248078578079	10	427407	0.0163782362256365
PA	42069	62.4	62.3873951059552	11	424185	0.0163782362256365
PA	42069	66.4	63.0713465055854	12	444032	0.0163782362256365
PA	42069	68.2	63.4089556728466	13	456095	0.0163782362256365
PA	42069	69.3	63.5742273593632	14	452696	0.0163782362256365
PA	42069	69.8	63.6548049524061	15	455223	0.0163782362256365
PA	42069	70.4	63.6940122624451	16	458525	0.0163782362256365
PA	42069	70.9	63.7130712416363	17	461144	0.0163782362256365
PA	42071	0	0.547358495930837	0	599	0.0426280634985704
PA	42071	1.6	1.18787980514537	1	17519	0.0426280634985704
PA	42071	5.4	2.54374428593123	2	55857	0.0426280634985704
PA	42071	14	5.29843056273428	3	134163	0.0426280634985704
PA	42071	30.2	10.4560070059597	4	299643	0.0426280634985704
PA	42071	41.5	18.7849394499918	5	358361	0.0426280634985704
PA	42071	47.6	29.4818869405869	6	383623	0.0426280634985704
PA	42071	50.2	39.8068655290888	7	394854	0.0426280634985704
PA	42071	53	47.3620586124502	8	407155	0.0426280634985704
PA	42071	55.5	51.8440116224372	9	417690	0.0426280634985704
PA	42071	57.9	54.1793602034498	10	427407	0.0426280634985704
PA	42071	51.8	55.3142968626413	11	424185	0.0426280634985704
PA	42071	55.6	55.8471653031786	12	444032	0.0426280634985704
PA	42071	57.4	56.0933010636274	13	456095	0.0426280634985704
PA	42071	58.5	56.2061346558836	14	452696	0.0426280634985704
PA	42071	59.1	56.2576801074841	15	455223	0.0426280634985704
PA	42071	59.7	56.2811900200863	16	458525	0.0426280634985704
PA	42071	60.2	56.291905120764	17	461144	0.0426280634985704
PA	42073	0	0.963485537242188	0	599	0.00667958705479281
PA	42073	1.2	1.84632601404726	1	17519	0.00667958705479281
PA	42073	5.3	3.48229896208431	2	55857	0.00667958705479281
PA	42073	16.3	6.38131894304249	3	134163	0.00667958705479281
PA	42073	27.2	11.1334411580453	4	299643	0.00667958705479281
PA	42073	33.5	18.0098137136135	5	358361	0.00667958705479281
PA	42073	37.6	26.355843437574	6	383623	0.00667958705479281
PA	42073	41.1	34.5695072605265	7	394854	0.00667958705479281
PA	42073	43.2	41.143590907332	8	407155	0.00667958705479281
PA	42073	48.1	45.5885848708875	9	417690	0.00667958705479281
PA	42073	50	48.2618756905022	10	427407	0.00667958705479281
PA	42073	48.2	49.7578521118139	11	424185	0.00667958705479281
PA	42073	51.2	50.5614017039512	12	444032	0.00667958705479281
PA	42073	52.7	50.983539335643	13	456095	0.00667958705479281
PA	42073	53.4	51.2027193842556	14	452696	0.00667958705479281
PA	42073	53.7	51.3158279266038	15	455223	0.00667958705479281
PA	42073	54.2	51.3740139806486	16	458525	0.00667958705479281
PA	42073	54.8	51.4038978373687	17	461144	0.00667958705479281
PA	42075	0	1.54070714472503	0	599	0.011075857040652
PA	42075	2	2.81941587895051	1	17519	0.011075857040652
PA	42075	6.3	5.05261641651809	2	55857	0.011075857040652
PA	42075	14.9	8.73884817338515	3	134163	0.011075857040652
PA	42075	26.6	14.2915739891719	4	299643	0.011075857040652
PA	42075	36.5	21.6010630258422	5	358361	0.011075857040652
PA	42075	41.6	29.6870710680631	6	383623	0.011075857040652
PA	42075	44	37.0787690261354	7	394854	0.011075857040652
PA	42075	46.3	42.7469220915721	8	407155	0.011075857040652
PA	42075	48.8	46.5353507518319	9	417690	0.011075857040652
PA	42075	50.9	48.8404731252221	10	427407	0.011075857040652
PA	42075	48.4	50.1637816896623	11	424185	0.011075857040652
PA	42075	51.4	50.8982000832908	12	444032	0.011075857040652
PA	42075	53.9	51.2981585654876	13	456095	0.011075857040652
PA	42075	55.1	51.5137320598432	14	452696	0.011075857040652
PA	42075	55.7	51.6292766152364	15	455223	0.011075857040652
PA	42075	56.3	51.6910215656288	16	458525	0.011075857040652
PA	42075	56.7	51.7239641045216	17	461144	0.011075857040652
PA	42077	0	1.04360515788727	0	599	0.0288484859657355
PA	42077	2.6	1.99239876702316	1	17519	0.0288484859657355
PA	42077	9.3	3.75296530216627	2	55857	0.0288484859657355
PA	42077	17.9	6.89821679090285	3	134163	0.0288484859657355
PA	42077	32.4	12.1541060974299	4	299643	0.0288484859657355
PA	42077	46	20.02799267601	5	358361	0.0288484859657355
PA	42077	53.6	30.0846431235905	6	383623	0.0288484859657355
PA	42077	57	40.6052397572062	7	394854	0.0288484859657355
PA	42077	60.5	49.5452970447804	8	407155	0.0288484859657355
PA	42077	63.6	55.8953321019259	9	417690	0.0288484859657355
PA	42077	66.4	59.8536111129351	10	427407	0.0288484859657355
PA	42077	62.2	62.123633124507	11	424185	0.0288484859657355
PA	42077	68.5	63.3636344522325	12	444032	0.0288484859657355
PA	42077	70.5	64.0230267430304	13	456095	0.0288484859657355
PA	42077	71.8	64.3686640723345	14	452696	0.0288484859657355
PA	42077	72.3	64.5484736311025	15	455223	0.0288484859657355
PA	42077	72.9	64.6416472693505	16	458525	0.0288484859657355
PA	42077	73.4	64.6898293379984	17	461144	0.0288484859657355
PA	42079	0	1.35726316736607	0	599	0.024794350315408
PA	42079	2.1	2.5061568251757	1	17519	0.024794350315408
PA	42079	9	4.54920763838859	2	55857	0.024794350315408
PA	42079	19.4	8.01640009262799	3	134163	0.024794350315408
PA	42079	32.2	13.4584995307243	4	299643	0.024794350315408
PA	42079	42	21.0346889129381	5	358361	0.024794350315408
PA	42079	47.9	29.9922819832909	6	383623	0.024794350315408
PA	42079	50.4	38.7464478178763	7	394854	0.024794350315408
PA	42079	53	45.8460656370834	8	407155	0.024794350315408
PA	42079	55.6	50.7828957058525	9	417690	0.024794350315408
PA	42079	57.8	53.8599840662565	10	427407	0.024794350315408
PA	42079	56.7	55.6489714933979	11	424185	0.024794350315408
PA	42079	60.4	56.6472402163961	12	444032	0.024794350315408
PA	42079	62.2	57.1915546676096	13	456095	0.024794350315408
PA	42079	63.3	57.4846104812402	14	452696	0.024794350315408
PA	42079	63.8	57.6413144352423	15	455223	0.024794350315408
PA	42079	64.3	57.7248013571289	16	458525	0.024794350315408
PA	42079	64.8	57.7691937463781	17	461144	0.024794350315408
PA	42081	0	0.784516675395819	0	599	0.00885010915100771
PA	42081	2.2	1.52240864628594	1	17519	0.00885010915100771
PA	42081	6.8	2.91284824492994	2	55857	0.00885010915100771
PA	42081	16.1	5.42951363879092	3	134163	0.00885010915100771
PA	42081	28.9	9.66934072761753	4	299643	0.00885010915100771
PA	42081	34.8	16.0169624413211	5	358361	0.00885010915100771
PA	42081	40	24.0193363472707	6	383623	0.00885010915100771
PA	42081	42.2	32.1785628470511	7	394854	0.00885010915100771
PA	42081	44.5	38.8816773977137	8	407155	0.00885010915100771
PA	42081	47	43.4781504864421	9	417690	0.00885010915100771
PA	42081	49.1	46.2531622076189	10	427407	0.00885010915100771
PA	42081	45.3	47.8015487618651	11	424185	0.00885010915100771
PA	42081	49.2	48.6277112150636	12	444032	0.00885010915100771
PA	42081	50.8	49.0580169534223	13	456095	0.00885010915100771
PA	42081	51.7	49.2793273124085	14	452696	0.00885010915100771
PA	42081	52.2	49.3924098726981	15	455223	0.00885010915100771
PA	42081	52.6	49.4499990417794	16	458525	0.00885010915100771
PA	42081	53	49.4792774598881	17	461144	0.00885010915100771
PA	42083	0	2.55481529349222	0	599	0.00317333501848814
PA	42083	1.8	3.93290073072736	1	17519	0.00317333501848814
PA	42083	5.7	5.95608435580237	2	55857	0.00317333501848814
PA	42083	12.6	8.81014501103223	3	134163	0.00317333501848814
PA	42083	21.2	12.6176271365005	4	299643	0.00317333501848814
PA	42083	24.9	17.3355414999351	5	358361	0.00317333501848814
PA	42083	29.6	22.6746827211063	6	383623	0.00317333501848814
PA	42083	30.8	28.130647374883	7	394854	0.00317333501848814
PA	42083	32.2	33.1544147393096	8	407155	0.00317333501848814
PA	42083	34.3	37.3555073775903	9	417690	0.00317333501848814
PA	42083	36	40.5947914221539	10	427407	0.00317333501848814
PA	42083	36.5	42.9396160923416	11	424185	0.00317333501848814
PA	42083	46.2	44.5604846249781	12	444032	0.00317333501848814
PA	42083	47.8	45.6455244027241	13	456095	0.00317333501848814
PA	42083	48.7	46.3563495912668	14	452696	0.00317333501848814
PA	42083	49	46.8154542234529	15	455223	0.00317333501848814
PA	42083	49.6	47.1092642360502	16	458525	0.00317333501848814
PA	42083	50.1	47.2961866157996	17	461144	0.00317333501848814
PA	42085	0	1.47495850827047	0	599	0.00854742181078268
PA	42085	1.7	2.73610305053172	1	17519	0.00854742181078268
PA	42085	7.7	4.9690713251625	2	55857	0.00854742181078268
PA	42085	21.8	8.70112334374675	3	134163	0.00854742181078268
PA	42085	30.8	14.3754895856636	4	299643	0.00854742181078268
PA	42085	36	21.8718331678186	5	358361	0.00854742181078268
PA	42085	41.1	30.129072234432	6	383623	0.00854742181078268
PA	42085	44.3	37.5868163251955	7	394854	0.00854742181078268
PA	42085	46.3	43.2077078884309	8	407155	0.00854742181078268
PA	42085	49.6	46.8932581189724	9	417690	0.00854742181078268
PA	42085	51.3	49.0941203110183	10	427407	0.00854742181078268
PA	42085	48	50.33571821902	11	424185	0.00854742181078268
PA	42085	50.5	51.0137673246983	12	444032	0.00854742181078268
PA	42085	52	51.3774981355592	13	456095	0.00854742181078268
PA	42085	52.7	51.5707476370152	14	452696	0.00854742181078268
PA	42085	53	51.672895783663	15	455223	0.00854742181078268
PA	42085	53.5	51.7267431490925	16	458525	0.00854742181078268
PA	42085	53.9	51.7550881824862	17	461144	0.00854742181078268
PA	42087	0	1.28975479322226	0	599	0.00360397122665861
PA	42087	1.6	2.53660935790845	1	17519	0.00360397122665861
PA	42087	6.5	4.85798896041319	2	55857	0.00360397122665861
PA	42087	16.7	8.87059152671432	3	134163	0.00360397122665861
PA	42087	27.2	14.9910193140442	4	299643	0.00360397122665861
PA	42087	34.4	22.7496453410281	5	358361	0.00360397122665861
PA	42087	38.6	30.570087991332	6	383623	0.00360397122665861
PA	42087	41.1	36.8277635516271	7	394854	0.00360397122665861
PA	42087	44	40.9734863956087	8	407155	0.00360397122665861
PA	42087	46.6	43.3876814323392	9	417690	0.00360397122665861
PA	42087	49	44.6892081399408	10	427407	0.00360397122665861
PA	42087	44.3	45.3618099124138	11	424185	0.00360397122665861
PA	42087	46.9	45.7018026735205	12	444032	0.00360397122665861
PA	42087	48.5	45.8717465669682	13	456095	0.00360397122665861
PA	42087	49.3	45.9562155922307	14	452696	0.00360397122665861
PA	42087	49.7	45.9980826968458	15	455223	0.00360397122665861
PA	42087	50	46.0188053329625	16	458525	0.00360397122665861
PA	42087	50.3	46.029055202164	17	461144	0.00360397122665861
PA	42089	0	0.411502540134656	0	599	0.0133003551245045
PA	42089	1.1	0.864983794238222	1	17519	0.0133003551245045
PA	42089	4.7	1.80292121303597	2	55857	0.0133003551245045
PA	42089	10.5	3.69367399639352	3	134163	0.0133003551245045
PA	42089	24.9	7.31524774900711	4	299643	0.0133003551245045
PA	42089	36.9	13.6188689581675	5	358361	0.0133003551245045
PA	42089	43.7	22.9579618007083	6	383623	0.0133003551245045
PA	42089	47.1	33.947586091291	7	394854	0.0133003551245045
PA	42089	50.2	43.858496519305	8	407155	0.0133003551245045
PA	42089	53.2	50.8693545907831	9	417690	0.0133003551245045
PA	42089	55.6	55.0213717961366	10	427407	0.0133003551245045
PA	42089	53.5	57.2263761807541	11	424185	0.0133003551245045
PA	42089	56.8	58.3298944537029	12	444032	0.0133003551245045
PA	42089	57.6	58.8657606216635	13	456095	0.0133003551245045
PA	42089	58.7	59.1221651988352	14	452696	0.0133003551245045
PA	42089	59.3	59.2439849116433	15	455223	0.0133003551245045
PA	42089	60	59.3016674602714	16	458525	0.0133003551245045
PA	42089	60.5	59.3289369517946	17	461144	0.0133003551245045
PA	42091	0	0.551659450568928	0	599	0.0649051487233742
PA	42091	2.3	1.09431323941301	1	17519	0.0649051487233742
PA	42091	7	2.1541187408016	2	55857	0.0649051487233742
PA	42091	16	4.1777530543355	3	134163	0.0649051487233742
PA	42091	30.9	7.8804499870357	4	299643	0.0649051487233742
PA	42091	44.8	14.1551931516598	5	358361	0.0649051487233742
PA	42091	51.9	23.5231602795498	6	383623	0.0649051487233742
PA	42091	54.6	35.1619276450179	7	394854	0.0649051487233742
PA	42091	57.6	46.7247219175735	8	407155	0.0649051487233742
PA	42091	60	55.9224626710885	9	417690	0.0649051487233742
PA	42091	62.4	62.0296075988867	10	427407	0.0649051487233742
PA	42091	61.3	65.6134557775554	11	424185	0.0649051487233742
PA	42091	71.7	67.5659196910426	12	444032	0.0649051487233742
PA	42091	73.7	68.5867059190993	13	456095	0.0649051487233742
PA	42091	74.8	69.1089168390332	14	452696	0.0649051487233742
PA	42091	75.8	69.3730980014	15	455223	0.0649051487233742
PA	42091	77.2	69.5059887474578	16	458525	0.0649051487233742
PA	42091	78.4	69.5726459255641	17	461144	0.0649051487233742
PA	42093	0	0.827563963432175	0	599	0.00142399747414249
PA	42093	10.5	1.56445834108593	1	17519	0.00142399747414249
PA	42093	21.4	2.92755046122577	2	55857	0.00142399747414249
PA	42093	35.5	5.3775168835384	3	134163	0.00142399747414249
PA	42093	47.3	9.56165407183353	4	299643	0.00142399747414249
PA	42093	56	16.120305408636	5	358361	0.00142399747414249
PA	42093	61.7	25.1358588182232	6	383623	0.00142399747414249
PA	42093	64.2	35.5246858873061	7	394854	0.00142399747414249
PA	42093	66.4	45.3188913766458	8	407155	0.00142399747414249
PA	42093	69.3	52.9527606219557	9	417690	0.00142399747414249
PA	42093	72	58.0673993276075	10	427407	0.00142399747414249
PA	42093	71.1	61.1561558745307	11	424185	0.00142399747414249
PA	42093	74.7	62.9058390188113	12	444032	0.00142399747414249
PA	42093	76.6	63.861213287194	13	456095	0.00142399747414249
PA	42093	77.8	64.3724235767693	14	452696	0.00142399747414249
PA	42093	78.3	64.6430069563886	15	455223	0.00142399747414249
PA	42093	79	64.7854022257805	16	458525	0.00142399747414249
PA	42093	79.6	64.8601105236091	17	461144	0.00142399747414249
PA	42095	0	0.505911186522571	0	599	0.0238466850737022
PA	42095	2.4	0.996521146026508	1	17519	0.0238466850737022
PA	42095	9	1.94784740086094	2	55857	0.0238466850737022
PA	42095	17.1	3.75155997033813	3	134163	0.0238466850737022
PA	42095	31.3	7.0301833005303	4	299643	0.0238466850737022
PA	42095	43.2	12.5570668164587	5	358361	0.0238466850737022
PA	42095	49.5	20.7876790212905	6	383623	0.0238466850737022
PA	42095	52.2	31.031401350279	7	394854	0.0238466850737022
PA	42095	55.3	41.2749622846067	8	407155	0.0238466850737022
PA	42095	58	49.5052109489218	9	417690	0.0238466850737022
PA	42095	60.4	55.0317334056965	10	427407	0.0238466850737022
PA	42095	56.5	58.3100981509662	11	424185	0.0238466850737022
PA	42095	64.3	60.1136543636905	12	444032	0.0238466850737022
PA	42095	66.2	61.0648941210965	13	456095	0.0238466850737022
PA	42095	67.3	61.5554583849406	14	452696	0.0238466850737022
PA	42095	67.7	61.8055182697368	15	455223	0.0238466850737022
PA	42095	68.3	61.9322270262384	16	458525	0.0238466850737022
PA	42095	68.8	61.9962384063187	17	461144	0.0238466850737022
PA	42097	0	2.42109251401417	0	599	0.00709600672208045
PA	42097	2	4.52346930110522	1	17519	0.00709600672208045
PA	42097	8.3	8.14777440363617	2	55857	0.00709600672208045
PA	42097	19.1	13.8198723504616	3	134163	0.00709600672208045
PA	42097	31.2	21.4797144320399	4	299643	0.00709600672208045
PA	42097	39.4	29.9964244851257	5	358361	0.00709600672208045
PA	42097	44.7	37.6418332994493	6	383623	0.00709600672208045
PA	42097	47.4	43.2944574645497	7	394854	0.00709600672208045
PA	42097	50	46.9024124649915	8	407155	0.00709600672208045
PA	42097	53.2	48.9939107063682	9	417690	0.00709600672208045
PA	42097	55.7	50.1392299795434	10	427407	0.00709600672208045
PA	42097	51.9	50.7469180651425	11	424185	0.00709600672208045
PA	42097	54.7	51.0639507665311	12	444032	0.00709600672208045
PA	42097	56.2	51.2278917209227	13	456095	0.00709600672208045
PA	42097	57.1	51.3122797694076	14	452696	0.00709600672208045
PA	42097	57.5	51.3556157859926	15	455223	0.00709600672208045
PA	42097	57.9	51.3778432612102	16	458525	0.00709600672208045
PA	42097	58.3	51.3892368606991	17	461144	0.00709600672208045
PA	42099	0	1.12045446525359	0	599	0.00361443835016574
PA	42099	0.7	2.32906666087237	1	17519	0.00361443835016574
PA	42099	3.2	4.70924777854426	2	55857	0.00361443835016574
PA	42099	10.3	9.03615268801164	3	134163	0.00361443835016574
PA	42099	21.4	15.867324717825	4	299643	0.00361443835016574
PA	42099	32.1	24.5709229424375	5	358361	0.00361443835016574
PA	42099	37.6	33.0706125946214	6	383623	0.00361443835016574
PA	42099	40	39.4678201713715	7	394854	0.00361443835016574
PA	42099	42.3	43.4016955999568	8	407155	0.00361443835016574
PA	42099	45	45.5279810010023	9	417690	0.00361443835016574
PA	42099	47.2	46.5976378237909	10	427407	0.00361443835016574
PA	42099	41.5	47.1163221931634	11	424185	0.00361443835016574
PA	42099	45.5	47.3633508761451	12	444032	0.00361443835016574
PA	42099	47.2	47.4799921736843	13	456095	0.00361443835016574
PA	42099	48.1	47.534843570844	14	452696	0.00361443835016574
PA	42099	48.5	47.56058839785	15	455223	0.00361443835016574
PA	42099	49.2	47.5726610046734	16	458525	0.00361443835016574
PA	42099	49.6	47.5783198606799	17	461144	0.00361443835016574
PA	42101	0	0.691239274683435	0	599	0.123735772620958
PA	42101	1.5	1.16990535478933	1	17519	0.123735772620958
PA	42101	4.7	1.97049240759548	2	55857	0.123735772620958
PA	42101	13.9	3.29239429864272	3	134163	0.123735772620958
PA	42101	28	5.42940133989905	4	299643	0.123735772620958
PA	42101	37	8.76874483321461	5	358361	0.123735772620958
PA	42101	42	13.719598671113	6	383623	0.123735772620958
PA	42101	45	20.5156699574578	7	394854	0.123735772620958
PA	42101	48.2	28.9211255579931	8	407155	0.123735772620958
PA	42101	50.9	38.073337053375	9	417690	0.123735772620958
PA	42101	56.5	46.7541542615452	10	427407	0.123735772620958
PA	42101	59.5	53.9744971454224	11	424185	0.123735772620958
PA	42101	62.7	59.352297847409	12	444032	0.123735772620958
PA	42101	65.1	63.0373496133043	13	456095	0.123735772620958
PA	42101	67.6	65.4204886951738	14	452696	0.123735772620958
PA	42101	68.8	66.9044969010981	15	455223	0.123735772620958
PA	42101	69.7	67.8069534477999	16	458525	0.123735772620958
PA	42101	70.5	68.3478640409079	17	461144	0.123735772620958
PA	42103	0	0.85785750964949	0	599	0.00435940071499827
PA	42103	0.7	1.73817746419559	1	17519	0.00435940071499827
PA	42103	4.7	3.46488473003275	2	55857	0.00435940071499827
PA	42103	11.3	6.69444962974702	3	134163	0.00435940071499827
PA	42103	24.4	12.2305917787134	4	299643	0.00435940071499827
PA	42103	34.9	20.4389238200482	5	358361	0.00435940071499827
PA	42103	41.1	30.3212465783996	6	383623	0.00435940071499827
PA	42103	45	39.625465560658	7	394854	0.00435940071499827
PA	42103	47.5	46.5643743669592	8	407155	0.00435940071499827
PA	42103	49.9	50.8922305943181	9	417690	0.00435940071499827
PA	42103	52	53.2978869005893	10	427407	0.00435940071499827
PA	42103	50.7	54.550111624002	11	424185	0.00435940071499827
PA	42103	54.3	55.1796991987436	12	444032	0.00435940071499827
PA	42103	56.1	55.4907170943111	13	456095	0.00435940071499827
PA	42103	57.2	55.643024603357	14	452696	0.00435940071499827
PA	42103	57.5	55.7172915401975	15	455223	0.00435940071499827
PA	42103	58.4	55.7534292731525	16	458525	0.00435940071499827
PA	42103	59	55.7709957166155	17	461144	0.00435940071499827
PA	42105	0	1.22376572132325	0	599	0.00129089315730548
PA	42105	1.8	2.08645728213338	1	17519	0.00129089315730548
PA	42105	3.7	3.50214979779177	2	55857	0.00129089315730548
PA	42105	9.9	5.73256216013641	3	134163	0.00129089315730548
PA	42105	17.3	9.030460868887	4	299643	0.00129089315730548
PA	42105	19.5	13.4760314247672	5	358361	0.00129089315730548
PA	42105	25.2	18.7764136499383	6	383623	0.00129089315730548
PA	42105	26.2	24.2444999018653	7	394854	0.00129089315730548
PA	42105	27.6	29.1048160963974	8	407155	0.00129089315730548
PA	42105	29.1	32.8851294621923	9	417690	0.00129089315730548
PA	42105	30.7	35.5315183283341	10	427407	0.00129089315730548
PA	42105	31.2	37.250466461083	11	424185	0.00129089315730548
PA	42105	34.8	38.3133258467296	12	444032	0.00129089315730548
PA	42105	36.4	38.9506132712794	13	456095	0.00129089315730548
PA	42105	37	39.3257062882729	14	452696	0.00129089315730548
PA	42105	37.4	39.5440712790758	15	455223	0.00129089315730548
PA	42105	37.9	39.6703848013942	16	458525	0.00129089315730548
PA	42105	38.3	39.7431808893819	17	461144	0.00129089315730548
PA	42107	0	1.12262084390794	0	599	0.0110419560585468
PA	42107	1.8	2.25368308903468	1	17519	0.0110419560585468
PA	42107	7.2	4.42683321847947	2	55857	0.0110419560585468
PA	42107	16.9	8.34982542374502	3	134163	0.0110419560585468
PA	42107	30.2	14.6948319843889	4	299643	0.0110419560585468
PA	42107	40.4	23.3344775816754	5	358361	0.0110419560585468
PA	42107	46.3	32.7027267799923	6	383623	0.0110419560585468
PA	42107	48.8	40.655596209926	7	394854	0.0110419560585468
PA	42107	51.9	46.1204220341496	8	407155	0.0110419560585468
PA	42107	54.8	49.3527109215822	9	417690	0.0110419560585468
PA	42107	57.2	51.0975697997211	10	427407	0.0110419560585468
PA	42107	52.6	51.9932215678957	11	424185	0.0110419560585468
PA	42107	57	52.441093500349	12	444032	0.0110419560585468
PA	42107	58.7	52.6621221858624	13	456095	0.0110419560585468
PA	42107	59.6	52.7704927206902	14	452696	0.0110419560585468
PA	42107	60.1	52.8234569729814	15	455223	0.0110419560585468
PA	42107	60.6	52.8493018289596	16	458525	0.0110419560585468
PA	42107	60.9	52.8619036486406	17	461144	0.0110419560585468
PA	42109	0	1.56513186513844	0	599	0.00315357246440377
PA	42109	1.3	3.25495519274416	1	17519	0.00315357246440377
PA	42109	5.6	6.49519600468052	2	55857	0.00315357246440377
PA	42109	13.8	12.0274118162304	3	134163	0.00315357246440377
PA	42109	24	19.8325343761767	4	299643	0.00315357246440377
PA	42109	30.1	28.3260704436009	5	358361	0.00315357246440377
PA	42109	34.2	35.3140676592761	6	383623	0.00315357246440377
PA	42109	36.4	39.8573469882531	7	394854	0.00315357246440377
PA	42109	38.5	42.3764191502872	8	407155	0.00315357246440377
PA	42109	40.6	43.651162316107	9	417690	0.00315357246440377
PA	42109	42.3	44.2664350126362	10	427407	0.00315357246440377
PA	42109	37.4	44.5566225474132	11	424185	0.00315357246440377
PA	42109	41	44.6919944711944	12	444032	0.00315357246440377
PA	42109	42.3	44.754822123513	13	456095	0.00315357246440377
PA	42109	42.9	44.7839117255141	14	452696	0.00315357246440377
PA	42109	43.2	44.7973655289234	15	455223	0.00315357246440377
PA	42109	43.6	44.803584670935	16	458525	0.00315357246440377
PA	42109	43.9	44.8064588464166	17	461144	0.00315357246440377
PA	42111	0	1.24580482851147	0	599	0.00573715537484058
PA	42111	1.9	2.49735047496572	1	17519	0.00573715537484058
PA	42111	5.4	4.866124492837	2	55857	0.00573715537484058
PA	42111	13.5	9.00480990348541	3	134163	0.00573715537484058
PA	42111	28	15.3174097870095	4	299643	0.00573715537484058
PA	42111	33.9	23.1971548476674	5	358361	0.00573715537484058
PA	42111	37.5	30.899477381684	6	383623	0.00573715537484058
PA	42111	38.8	36.8241351068419	7	394854	0.00573715537484058
PA	42111	40.8	40.5958370299992	8	407155	0.00573715537484058
PA	42111	42.8	42.7158452436501	9	417690	0.00573715537484058
PA	42111	44.5	43.8248154283845	10	427407	0.00573715537484058
PA	42111	43.1	44.3831476552776	11	424185	0.00573715537484058
PA	42111	45.8	44.6588394013103	12	444032	0.00573715537484058
PA	42111	47.1	44.7936630184241	13	456095	0.00573715537484058
PA	42111	47.8	44.8592857989631	14	452696	0.00573715537484058
PA	42111	48.1	44.8911528987302	15	455223	0.00573715537484058
PA	42111	48.5	44.9066105744885	16	458525	0.00573715537484058
PA	42111	49	44.9141045092933	17	461144	0.00573715537484058
PA	42113	0	1.22921860322542	0	599	0.0004738326208529
PA	42113	2.7	2.22317762641389	1	17519	0.0004738326208529
PA	42113	7.2	3.9539328024189	2	55857	0.0004738326208529
PA	42113	17.2	6.83400949354874	3	134163	0.0004738326208529
PA	42113	27.7	11.2830824699516	4	299643	0.0004738326208529
PA	42113	34	17.423466094716	5	358361	0.0004738326208529
PA	42113	38.3	24.7001695210158	6	383623	0.0004738326208529
PA	42113	39.8	31.9157692906317	7	394854	0.0004738326208529
PA	42113	41.6	37.910980989536	8	407155	0.0004738326208529
PA	42113	43.5	42.202426769245	9	417690	0.0004738326208529
PA	42113	45.9	44.9573284350462	10	427407	0.0004738326208529
PA	42113	44.6	46.6042039375028	11	424185	0.0004738326208529
PA	42113	51.4	47.5470722767907	12	444032	0.0004738326208529
PA	42113	52.4	48.0735734742857	13	456095	0.0004738326208529
PA	42113	53.1	48.36348143269	14	452696	0.0004738326208529
PA	42113	53.3	48.5218825982656	15	455223	0.0004738326208529
PA	42113	53.9	48.6080645141106	16	458525	0.0004738326208529
PA	42113	54.4	48.6548457402235	17	461144	0.0004738326208529
PA	42115	0	1.49794962689389	0	599	0.00315013549847606
PA	42115	1.5	3.07390305424445	1	17519	0.00315013549847606
PA	42115	6.9	6.08702719740412	2	55857	0.00315013549847606
PA	42115	13.2	11.297448534386	3	134163	0.00315013549847606
PA	42115	24.1	18.9157096412153	4	299643	0.00315013549847606
PA	42115	32.2	27.7063469943118	5	358361	0.00315013549847606
PA	42115	36.6	35.4599019359748	6	383623	0.00315013549847606
PA	42115	38.1	40.8369014160692	7	394854	0.00315013549847606
PA	42115	39.9	43.9742791221485	8	407155	0.00315013549847606
PA	42115	41.6	45.6234582878711	9	417690	0.00315013549847606
PA	42115	43	46.4429691245484	10	427407	0.00315013549847606
PA	42115	42.1	46.8388259270605	11	424185	0.00315013549847606
PA	42115	43.9	47.0274229920682	12	444032	0.00315013549847606
PA	42115	45.2	47.1166855390565	13	456095	0.00315013549847606
PA	42115	46	47.1588014759311	14	452696	0.00315013549847606
PA	42115	46.3	47.1786433548713	15	455223	0.00315013549847606
PA	42115	46.9	47.1879848648292	16	458525	0.00315013549847606
PA	42115	48.7	47.1923813856968	17	461144	0.00315013549847606
PA	42117	0	1.1656373509458	0	599	0.00317067918118036
PA	42117	1.5	2.16600883451202	1	17519	0.00317067918118036
PA	42117	4.7	3.94737860494593	2	55857	0.00317067918118036
PA	42117	12.8	6.95518633642337	3	134163	0.00317067918118036
PA	42117	24.1	11.6049701862274	4	299643	0.00317067918118036
PA	42117	27.6	17.8961266590133	5	358361	0.00317067918118036
PA	42117	33.3	25.0315937378473	6	383623	0.00317067918118036
PA	42117	35.3	31.6718384114658	7	394854	0.00317067918118036
PA	42117	36.9	36.8058916935728	8	407155	0.00317067918118036
PA	42117	38.6	40.2354950446448	9	417690	0.00317067918118036
PA	42117	40.1	42.3085064555511	10	427407	0.00317067918118036
PA	42117	39.8	43.4866431292226	11	424185	0.00317067918118036
PA	42117	43.3	44.1328588047081	12	444032	0.00317067918118036
PA	42117	45	44.4804253627979	13	456095	0.00317067918118036
PA	42117	45.8	44.6653924783705	14	452696	0.00317067918118036
PA	42117	46	44.7632726833686	15	455223	0.00317067918118036
PA	42117	46.5	44.8149135742819	16	458525	0.00317067918118036
PA	42117	46.9	44.8421158625824	17	461144	0.00317067918118036
PA	42119	0	0.928425522693784	0	599	0.00350906409933644
PA	42119	2.7	1.89706174123642	1	17519	0.00350906409933644
PA	42119	9.2	3.80354583828054	2	55857	0.00350906409933644
PA	42119	18.7	7.35435308444223	3	134163	0.00350906409933644
PA	42119	31.2	13.3353545611617	4	299643	0.00350906409933644
PA	42119	39.4	21.8868993022577	5	358361	0.00350906409933644
PA	42119	44.8	31.6323640444655	6	383623	0.00350906409933644
PA	42119	47.9	40.2405873700292	7	394854	0.00350906409933644
PA	42119	50.1	46.292993136944	8	407155	0.00350906409933644
PA	42119	52.8	49.8986412876907	9	417690	0.00350906409933644
PA	42119	55.1	51.8384132706097	10	427407	0.00350906409933644
PA	42119	51.4	52.8249932817008	11	424185	0.00350906409933644
PA	42119	54.5	53.3124546360457	12	444032	0.00350906409933644
PA	42119	56.1	53.5498596992577	13	456095	0.00350906409933644
PA	42119	56.9	53.6646699486194	14	452696	0.00350906409933644
PA	42119	57.2	53.7200035905448	15	455223	0.00350906409933644
PA	42119	57.6	53.7466281797614	16	458525	0.00350906409933644
PA	42119	57.9	53.759428841704	17	461144	0.00350906409933644
PA	42121	0	1.04979509307942	0	599	0.00395782249148941
PA	42121	1.7	2.00127273887086	1	17519	0.00395782249148941
PA	42121	5.3	3.74286749004101	2	55857	0.00395782249148941
PA	42121	15.5	6.76555008727526	3	134163	0.00395782249148941
PA	42121	25.9	11.5572800426246	4	299643	0.00395782249148941
PA	42121	29.4	18.1607356454142	5	358361	0.00395782249148941
PA	42121	33.7	25.6992232988963	6	383623	0.00395782249148941
PA	42121	35.1	32.6591419988474	7	394854	0.00395782249148941
PA	42121	36.8	37.9333037042659	8	407155	0.00395782249148941
PA	42121	38.7	41.3626008112658	9	417690	0.00395782249148941
PA	42121	40.2	43.3757698628111	10	427407	0.00395782249148941
PA	42121	40.3	44.4873940237897	11	424185	0.00395782249148941
PA	42121	43.3	45.0805218797478	12	444032	0.00395782249148941
PA	42121	44.5	45.3912150936139	13	456095	0.00395782249148941
PA	42121	45.2	45.552391928589	14	452696	0.00395782249148941
PA	42121	45.5	45.6355842098633	15	455223	0.00395782249148941
PA	42121	46	45.6784125708206	16	458525	0.00395782249148941
PA	42121	46.3	45.7004315279032	17	461144	0.00395782249148941
PA	42123	0	1.50200164602305	0	599	0.00306132117438939
PA	42123	1.9	2.98677847651966	1	17519	0.00306132117438939
PA	42123	6.6	5.75952153312006	2	55857	0.00306132117438939
PA	42123	12.7	10.512084977446	3	134163	0.00306132117438939
PA	42123	23.6	17.5746007694546	4	299643	0.00306132117438939
PA	42123	32	26.121281922542	5	358361	0.00306132117438939
PA	42123	36.9	34.2275336736438	6	383623	0.00306132117438939
PA	42123	38.5	40.3214120177874	7	394854	0.00306132117438939
PA	42123	40.7	44.1494469088263	8	407155	0.00306132117438939
PA	42123	42.7	46.2896578131428	9	417690	0.00306132117438939
PA	42123	44.4	47.4088988371372	10	427407	0.00306132117438939
PA	42123	43.2	47.9738049334157	11	424185	0.00306132117438939
PA	42123	46.6	48.2538194424738	12	444032	0.00306132117438939
PA	42123	48.2	48.3913745673478	13	456095	0.00306132117438939
PA	42123	48.9	48.4586488116324	14	452696	0.00306132117438939
PA	42123	49.1	48.4914794063718	15	455223	0.00306132117438939
PA	42123	49.6	48.5074841472461	16	458525	0.00306132117438939
PA	42123	50.1	48.5152823446198	17	461144	0.00306132117438939
PA	42125	0	0.97812256777987	0	599	0.0161588171962966
PA	42125	1.8	2.0217483083734	1	17519	0.0161588171962966
PA	42125	6.3	4.0984258405912	2	55857	0.0161588171962966
PA	42125	17.6	8.00162392214562	3	134163	0.0161588171962966
PA	42125	33.7	14.6088737043107	4	299643	0.0161588171962966
PA	42125	43.5	24.0333555203051	5	358361	0.0161588171962966
PA	42125	48.4	34.6484913587511	6	383623	0.0161588171962966
PA	42125	50.2	43.8452335729758	7	394854	0.0161588171962966
PA	42125	52.3	50.1691630788617	8	407155	0.0161588171962966
PA	42125	56.3	53.8582359763731	9	417690	0.0161588171962966
PA	42125	59	55.8070478193634	10	427407	0.0161588171962966
PA	42125	54.5	56.7827898023123	11	424185	0.0161588171962966
PA	42125	60.5	57.2582172430833	12	444032	0.0161588171962966
PA	42125	62.2	57.48679612494	13	456095	0.0161588171962966
PA	42125	63.1	57.5959881689987	14	452696	0.0161588171962966
PA	42125	63.6	57.6479886703195	15	455223	0.0161588171962966
PA	42125	64.1	57.6727165104929	16	458525	0.0161588171962966
PA	42125	64.5	57.6844671469727	17	461144	0.0161588171962966
PA	42127	0	1.02695113164408	0	599	0.00401195470485094
PA	42127	1.1	2.15749757147177	1	17519	0.00401195470485094
PA	42127	6.3	4.42835572883458	2	55857	0.00401195470485094
PA	42127	16.6	8.68790478027986	3	134163	0.00401195470485094
PA	42127	31.7	15.7404872745282	4	299643	0.00401195470485094
PA	42127	41.7	25.311570540194	5	358361	0.00401195470485094
PA	42127	48	35.3137820178529	6	383623	0.00401195470485094
PA	42127	50.7	43.2804695124582	7	394854	0.00401195470485094
PA	42127	53.4	48.3626818257722	8	407155	0.00401195470485094
PA	42127	55.8	51.16107941707	9	417690	0.00401195470485094
PA	42127	58.1	52.5782229031449	10	427407	0.00401195470485094
PA	42127	54.7	53.2654954171733	11	424185	0.00401195470485094
PA	42127	57.9	53.5918053837966	12	444032	0.00401195470485094
PA	42127	59.3	53.7451726616945	13	456095	0.00401195470485094
PA	42127	60.1	53.8169127622614	14	452696	0.00401195470485094
PA	42127	60.5	53.8503954485959	15	455223	0.00401195470485094
PA	42127	61.3	53.8660062489568	16	458525	0.00401195470485094
PA	42127	61.9	53.8732810074064	17	461144	0.00401195470485094
PA	42129	0	0.99967772838261	0	599	0.0272534994366891
PA	42129	2	2.0985110397001	1	17519	0.0272534994366891
PA	42129	6.2	4.30783162165016	2	55857	0.0272534994366891
PA	42129	16.9	8.46697658364896	3	134163	0.0272534994366891
PA	42129	31.6	15.4078928656258	4	299643	0.0272534994366891
PA	42129	40.1	24.9515274714989	5	358361	0.0272534994366891
PA	42129	45.4	35.0935993917425	6	383623	0.0272534994366891
PA	42129	47	43.3068333943271	7	394854	0.0272534994366891
PA	42129	50.1	48.6155522258693	8	407155	0.0272534994366891
PA	42129	52.4	51.5648258647788	9	417690	0.0272534994366891
PA	42129	54.2	53.0669014760514	10	427407	0.0272534994366891
PA	42129	51.2	53.7980967392561	11	424185	0.0272534994366891
PA	42129	55	54.1461981842341	12	444032	0.0272534994366891
PA	42129	56.3	54.3101620812896	13	456095	0.0272534994366891
PA	42129	57.1	54.3870049598505	14	452696	0.0272534994366891
PA	42129	57.5	54.4229329305464	15	455223	0.0272534994366891
PA	42129	57.9	54.4397125298757	16	458525	0.0272534994366891
PA	42129	58.3	54.4475451337959	17	461144	0.0272534994366891
PA	42131	0	1.09011665432693	0	599	0.00209295602425529
PA	42131	1.2	2.23051629356505	1	17519	0.00209295602425529
PA	42131	6.7	4.46470864418264	2	55857	0.00209295602425529
PA	42131	15.9	8.57173041704684	3	134163	0.00209295602425529
PA	42131	29.6	15.3073412561525	4	299643	0.00209295602425529
PA	42131	39.7	24.5263676400056	5	358361	0.00209295602425529
PA	42131	46.6	34.451514857064	6	383623	0.00209295602425529
PA	42131	49.3	42.7212361888169	7	394854	0.00209295602425529
PA	42131	51.9	48.2628874827367	8	407155	0.00209295602425529
PA	42131	54.5	51.4556905751883	9	417690	0.00209295602425529
PA	42131	56.8	53.137206137413	10	427407	0.00209295602425529
PA	42131	53.9	53.9810303650644	11	424185	0.00209295602425529
PA	42131	56.9	54.394219952163	12	444032	0.00209295602425529
PA	42131	58.4	54.5941128445694	13	456095	0.00209295602425529
PA	42131	59.3	54.6902514593119	14	452696	0.00209295602425529
PA	42131	59.6	54.7363589293283	15	455223	0.00209295602425529
PA	42131	60.2	54.758441813504	16	458525	0.00209295602425529
PA	42131	60.9	54.769011403295	17	461144	0.00209295602425529
PA	42133	0	0.634976671857535	0	599	0.0350772055811015
PA	42133	1.3	1.28701941926241	1	17519	0.0350772055811015
PA	42133	5.7	2.57676169845304	2	55857	0.0350772055811015
PA	42133	14.6	5.03725464937923	3	134163	0.0350772055811015
PA	42133	28.4	9.42307613328224	4	299643	0.0350772055811015
PA	42133	38.9	16.3706549107868	5	358361	0.0350772055811015
PA	42133	44.8	25.554301950097	6	383623	0.0350772055811015
PA	42133	47.5	35.1715561667873	7	394854	0.0350772055811015
PA	42133	50.3	43.072913541239	8	407155	0.0350772055811015
PA	42133	53	48.3694456989948	9	417690	0.0350772055811015
PA	42133	55.4	51.4534293840214	10	427407	0.0350772055811015
PA	42133	51.7	53.1037821942126	11	424185	0.0350772055811015
PA	42133	55.1	53.947198019656	12	444032	0.0350772055811015
PA	42133	57.1	54.3680900967174	13	456095	0.0350772055811015
PA	42133	58.2	54.5756345032797	14	452696	0.0350772055811015
PA	42133	58.8	54.6773729208247	15	455223	0.0350772055811015
PA	42133	59.3	54.7271006935003	16	458525	0.0350772055811015
PA	42133	59.8	54.7513722013594	17	461144	0.0350772055811015
