828	7
SC	45001	0	2.89472482564321	0	19	0.0047637138128084
SC	45001	1.6	4.75518351197405	1	5218	0.0047637138128084
SC	45001	10.2	7.5823940509787	2	29715	0.0047637138128084
SC	45001	16.6	11.5749224636751	3	51701	0.0047637138128084
SC	45001	24.4	16.6660402855621	4	98136	0.0047637138128084
SC	45001	27.3	22.3757091416191	5	118663	0.0047637138128084
SC	45001	29.9	27.926168129355	6	128989	0.0047637138128084
SC	45001	30.9	32.620600630636	7	133597	0.0047637138128084
SC	45001	32.5	36.1456647636945	8	140663	0.0047637138128084
SC	45001	34.7	38.5632853860989	9	150866	0.0047637138128084
SC	45001	36.3	40.1200854482043	10	158344	0.0047637138128084
SC	45001	37	41.082256211869	11	162609	0.0047637138128084
SC	45001	37.9	41.6619098116093	12	167743	0.0047637138128084
SC	45001	39.2	42.0057543213376	13	196051	0.0047637138128084
SC	45001	39.7	42.2078491484094	14	198796	0.0047637138128084
SC	45001	39.9	42.3259879521592	15	200666	0.0047637138128084
SC	45001	40	42.394829606301	16	202050	0.0047637138128084
SC	45001	40.2	42.4348707185126	17	204302	0.0047637138128084
SC	45003	0	1.32560761565858	0	19	0.0331873162890772
SC	45003	1.1	2.31170651915377	1	5218	0.0331873162890772
SC	45003	6.1	3.97037479203932	2	29715	0.0331873162890772
SC	45003	14.4	6.64996876660288	3	51701	0.0331873162890772
SC	45003	24.5	10.7087977260339	4	98136	0.0331873162890772
SC	45003	28.7	16.2938532030056	5	118663	0.0331873162890772
SC	45003	32.1	23.042988322318	6	128989	0.0331873162890772
SC	45003	33.6	30.0281287221241	7	133597	0.0331873162890772
SC	45003	35.9	36.1888860507073	8	140663	0.0331873162890772
SC	45003	39.3	40.901570540157	9	150866	0.0331873162890772
SC	45003	41.9	44.1288638957617	10	158344	0.0331873162890772
SC	45003	43.2	46.174967424817	11	162609	0.0331873162890772
SC	45003	44.6	47.4094714742307	12	167743	0.0331873162890772
SC	45003	44.5	48.132147600862	13	196051	0.0331873162890772
SC	45003	45.2	48.5477424737867	14	198796	0.0331873162890772
SC	45003	45.6	48.7843004358878	15	200666	0.0331873162890772
SC	45003	45.6	48.9181636423048	16	202050	0.0331873162890772
SC	45003	46.6	48.9936630596729	17	204302	0.0331873162890772
SC	45005	0	1.01546896244547	0	19	0.00168741165269619
SC	45005	0	1.87458579699751	1	5218	0.00168741165269619
SC	45005	4.7	3.41993806736557	2	29715	0.00168741165269619
SC	45005	12.3	6.11027425963418	3	51701	0.00168741165269619
SC	45005	24.4	10.537814901114	4	98136	0.00168741165269619
SC	45005	32.7	17.19092663382	5	118663	0.00168741165269619
SC	45005	40.2	25.9371384016747	6	128989	0.00168741165269619
SC	45005	42.2	35.6149363875971	7	133597	0.00168741165269619
SC	45005	44.7	44.4790081909265	8	140663	0.00168741165269619
SC	45005	48.9	51.2980911708076	9	150866	0.00168741165269619
SC	45005	52.3	55.873161843206	10	158344	0.00168741165269619
SC	45005	53.7	58.6677628260413	11	162609	0.00168741165269619
SC	45005	55	60.2780351322796	12	167743	0.00168741165269619
SC	45005	56.4	61.1748365617881	13	196051	0.00168741165269619
SC	45005	57.6	61.6648392766767	14	198796	0.00168741165269619
SC	45005	58.2	61.9297801016404	15	200666	0.00168741165269619
SC	45005	58.3	62.0722201910597	16	202050	0.00168741165269619
SC	45005	59.1	62.1485664028289	17	204302	0.00168741165269619
SC	45007	0	1.62715245078721	0	19	0.0393414743953539
SC	45007	1.2	2.77644370583931	1	5218	0.0393414743953539
SC	45007	6.8	4.6477886558948	2	29715	0.0393414743953539
SC	45007	13.7	7.54770549381198	3	51701	0.0393414743953539
SC	45007	22.5	11.714000686988	4	98136	0.0393414743953539
SC	45007	26	17.0922322572732	5	118663	0.0393414743953539
SC	45007	28.8	23.151478535861	6	128989	0.0393414743953539
SC	45007	30	29.0148222558716	7	133597	0.0393414743953539
SC	45007	31.9	33.9104158563706	8	140663	0.0393414743953539
SC	45007	34.7	37.5190504023592	9	150866	0.0393414743953539
SC	45007	36.6	39.9420049557951	10	158344	0.0393414743953539
SC	45007	37.5	41.4685802061345	11	162609	0.0393414743953539
SC	45007	38.5	42.3921710855009	12	167743	0.0393414743953539
SC	45007	39.5	42.9373020377419	13	196051	0.0393414743953539
SC	45007	40.1	43.2543688470448	14	198796	0.0393414743953539
SC	45007	40.4	43.4372140680484	15	200666	0.0393414743953539
SC	45007	40.4	43.5421366553377	16	202050	0.0393414743953539
SC	45007	40.7	43.6021739053599	17	204302	0.0393414743953539
SC	45009	0	1.46398765968075	0	19	0.00273194432629196
SC	45009	0.4	2.5022135008584	1	5218	0.00273194432629196
SC	45009	5.2	4.21946449442683	2	29715	0.00273194432629196
SC	45009	13.7	6.96109574601989	3	51701	0.00273194432629196
SC	45009	23.9	11.1001721123837	4	98136	0.00273194432629196
SC	45009	28.2	16.8498575837018	5	118663	0.00273194432629196
SC	45009	32.6	23.9773690414272	6	128989	0.00273194432629196
SC	45009	34.8	31.6638470734927	7	133597	0.00273194432629196
SC	45009	37.8	38.8023252410547	8	140663	0.00273194432629196
SC	45009	42.4	44.5685639687895	9	150866	0.00273194432629196
SC	45009	45.9	48.7238244973222	10	158344	0.00273194432629196
SC	45009	47.2	51.4781453538227	11	162609	0.00273194432629196
SC	45009	48.6	53.2041447860843	12	167743	0.00273194432629196
SC	45009	49.7	54.2479589380415	13	196051	0.00273194432629196
SC	45009	50.6	54.865691641125	14	198796	0.00273194432629196
SC	45009	50.9	55.2265921192075	15	200666	0.00273194432629196
SC	45009	51	55.4358584683651	16	202050	0.00273194432629196
SC	45009	51.6	55.5566702761617	17	204302	0.00273194432629196
SC	45011	0	2.28588171920759	0	19	0.00405266247066743
SC	45011	0.3	3.70944688408653	1	5218	0.00405266247066743
SC	45011	3.9	5.91802850295335	2	29715	0.00405266247066743
SC	45011	14	9.20082393063568	3	51701	0.00405266247066743
SC	45011	23.7	13.7822343761936	4	98136	0.00405266247066743
SC	45011	28.9	19.6437453124246	5	118663	0.00405266247066743
SC	45011	34.2	26.3625116241308	6	128989	0.00405266247066743
SC	45011	35.9	33.1588994301152	7	133597	0.00405266247066743
SC	45011	39.4	39.217693951285	8	140663	0.00405266247066743
SC	45011	45.3	44.0398935211391	9	150866	0.00405266247066743
SC	45011	49.6	47.5430798916984	10	158344	0.00405266247066743
SC	45011	51.2	49.9228163441828	11	162609	0.00405266247066743
SC	45011	52.7	51.4665757917277	12	167743	0.00405266247066743
SC	45011	54.3	52.4382975732852	13	196051	0.00405266247066743
SC	45011	55.3	53.0383923102292	14	198796	0.00405266247066743
SC	45011	55.9	53.4046299253261	15	200666	0.00405266247066743
SC	45011	55.9	53.6265339233697	16	202050	0.00405266247066743
SC	45011	56.8	53.7603972116972	17	204302	0.00405266247066743
SC	45013	0	0.606162258895723	0	19	0.0373145604902506
SC	45013	1.2	1.11148681313395	1	5218	0.0373145604902506
SC	45013	11.4	2.0238111743119	2	29715	0.0373145604902506
SC	45013	21.8	3.63900992842365	3	51701	0.0373145604902506
SC	45013	34.7	6.40188919951347	4	98136	0.0373145604902506
SC	45013	40.6	10.8609649996272	5	118663	0.0373145604902506
SC	45013	45.3	17.4234573839164	6	128989	0.0373145604902506
SC	45013	47.7	25.8791208620332	7	133597	0.0373145604902506
SC	45013	50.5	35.0869354081419	8	140663	0.0373145604902506
SC	45013	55.6	43.445926947743	9	150866	0.0373145604902506
SC	45013	60	49.8705963204625	10	158344	0.0373145604902506
SC	45013	62.3	54.205102847895	11	162609	0.0373145604902506
SC	45013	64.9	56.8783548431349	12	167743	0.0373145604902506
SC	45013	63.9	58.4367719897438	13	196051	0.0373145604902506
SC	45013	64.1	59.3155989776867	14	198796	0.0373145604902506
SC	45013	64.6	59.8019279312205	15	200666	0.0373145604902506
SC	45013	65	60.0682480306725	16	202050	0.0373145604902506
SC	45013	66.6	60.2132515732188	17	204302	0.0373145604902506
SC	45015	0	1.1746751403188	0	19	0.0442648397250265
SC	45015	1	1.94779823232958	1	5218	0.0442648397250265
SC	45015	5.1	3.1986308791156	2	29715	0.0442648397250265
SC	45015	10.7	5.17207085401787	3	51701	0.0442648397250265
SC	45015	21.1	8.16525855435711	4	98136	0.0442648397250265
SC	45015	26.7	12.4442651687766	5	118663	0.0442648397250265
SC	45015	31.3	18.0710558511815	6	128989	0.0442648397250265
SC	45015	33.2	24.7093614214854	7	133597	0.0442648397250265
SC	45015	35.9	31.6082347049969	8	140663	0.0442648397250265
SC	45015	39.7	37.894575262069	9	150866	0.0442648397250265
SC	45015	42.3	42.9725827223283	10	158344	0.0442648397250265
SC	45015	43.8	46.6900285207061	11	162609	0.0442648397250265
SC	45015	45.3	49.2198979843072	12	167743	0.0442648397250265
SC	45015	50.5	50.8572071605306	13	196051	0.0442648397250265
SC	45015	51.5	51.8826617912609	14	198796	0.0442648397250265
SC	45015	52	52.5117692136824	15	200666	0.0442648397250265
SC	45015	52	52.8928382371216	16	202050	0.0442648397250265
SC	45015	52.7	53.12188528093	17	204302	0.0442648397250265
SC	45017	0	0.997671704964263	0	19	0.00282653105222003
SC	45017	0	1.71110083906698	1	5218	0.00282653105222003
SC	45017	4.7	2.90378072279331	2	29715	0.00282653105222003
SC	45017	11	4.84249912264653	3	51701	0.00282653105222003
SC	45017	20.2	7.85462662015939	4	98136	0.00282653105222003
SC	45017	23.5	12.220789842505	5	118663	0.00282653105222003
SC	45017	26.3	17.9527332003335	6	128989	0.00282653105222003
SC	45017	27.7	24.572628497592	7	133597	0.00282653105222003
SC	45017	30.2	31.1754617499222	8	140663	0.00282653105222003
SC	45017	33.2	36.8651986526047	9	150866	0.00282653105222003
SC	45017	35.1	41.1822393165888	10	158344	0.00282653105222003
SC	45017	36.1	44.1519661301333	11	162609	0.00282653105222003
SC	45017	37.2	46.0597309242733	12	167743	0.00282653105222003
SC	45017	39.7	47.2319465820266	13	196051	0.00282653105222003
SC	45017	40.4	47.9326176087617	14	198796	0.00282653105222003
SC	45017	40.9	48.3445469246733	15	200666	0.00282653105222003
SC	45017	40.9	48.5843666998367	16	202050	0.00282653105222003
SC	45017	41.4	48.723192480747	17	204302	0.00282653105222003
SC	45019	0	0.435563966942279	0	19	0.079904613074255
SC	45019	3.6	0.856176791176238	1	5218	0.079904613074255
SC	45019	11.5	1.67204339310016	2	29715	0.079904613074255
SC	45019	18.9	3.22477344850996	3	51701	0.079904613074255
SC	45019	36	6.07569695806697	4	98136	0.079904613074255
SC	45019	43	10.9810704443688	5	118663	0.079904613074255
SC	45019	48.1	18.5478357072768	6	128989	0.079904613074255
SC	45019	49.9	28.4555548828211	7	133597	0.079904613074255
SC	45019	52.5	38.9754905471395	8	140663	0.079904613074255
SC	45019	55.7	47.9288007935192	9	150866	0.079904613074255
SC	45019	58.1	54.2226089298533	10	158344	0.079904613074255
SC	45019	59.7	58.0761101686765	11	162609	0.079904613074255
SC	45019	62	60.2393073503342	12	167743	0.079904613074255
SC	45019	63.6	61.3948109432134	13	196051	0.079904613074255
SC	45019	64.9	61.9956995104901	14	198796	0.079904613074255
SC	45019	65.3	62.3038181579718	15	200666	0.079904613074255
SC	45019	65.4	62.460675242635	16	202050	0.079904613074255
SC	45019	66.1	62.5402343729286	17	204302	0.079904613074255
SC	45021	0	2.0811898806686	0	19	0.0111289925989286
SC	45021	0.4	3.4911061475641	1	5218	0.0111289925989286
SC	45021	3.3	5.71255131585885	2	29715	0.0111289925989286
SC	45021	9.9	8.99976077297583	3	51701	0.0111289925989286
SC	45021	16.3	13.4386876559577	4	98136	0.0111289925989286
SC	45021	19.6	18.7460828392789	5	118663	0.0111289925989286
SC	45021	22.4	24.2416187585414	6	128989	0.0111289925989286
SC	45021	23.6	29.1462460965294	7	133597	0.0111289925989286
SC	45021	25.4	32.9759538324174	8	140663	0.0111289925989286
SC	45021	28	35.6660103450265	9	150866	0.0111289925989286
SC	45021	31	37.4181563412739	10	158344	0.0111289925989286
SC	45021	31.8	38.5039438543634	11	162609	0.0111289925989286
SC	45021	32.7	39.1561521722618	12	167743	0.0111289925989286
SC	45021	33.6	39.5406096809507	13	196051	0.0111289925989286
SC	45021	34	39.7647242983809	14	198796	0.0111289925989286
SC	45021	34.2	39.8945210865587	15	200666	0.0111289925989286
SC	45021	34.2	39.9694100080156	16	202050	0.0111289925989286
SC	45021	34.5	40.0125245862551	17	204302	0.0111289925989286
SC	45023	0	1.13191106705596	0	19	0.00626253468341803
SC	45023	0.8	1.95699718457743	1	5218	0.00626253468341803
SC	45023	5.4	3.34286489881882	2	29715	0.00626253468341803
SC	45023	12.5	5.59719919400301	3	51701	0.00626253468341803
SC	45023	21.6	9.07964465562855	4	98136	0.00626253468341803
SC	45023	26.5	14.0520978643965	5	118663	0.00626253468341803
SC	45023	30.2	20.4088731207359	6	128989	0.00626253468341803
SC	45023	31.9	27.4786796929902	7	133597	0.00626253468341803
SC	45023	34.8	34.2207641342196	8	140663	0.00626253468341803
SC	45023	38.2	39.7705451715914	9	150866	0.00626253468341803
SC	45023	40.9	43.8115640760544	10	158344	0.00626253468341803
SC	45023	42.1	46.4986769672838	11	162609	0.00626253468341803
SC	45023	43.5	48.179313263257	12	167743	0.00626253468341803
SC	45023	44.8	49.1904976075107	13	196051	0.00626253468341803
SC	45023	45.6	49.7847653746307	14	198796	0.00626253468341803
SC	45023	45.9	50.1292007248575	15	200666	0.00626253468341803
SC	45023	46	50.3272303943197	16	202050	0.00626253468341803
SC	45023	46.5	50.4405579032267	17	204302	0.00626253468341803
SC	45025	0	2.3390082622679	0	19	0.00886629166040297
SC	45025	1	3.82966441997703	1	5218	0.00886629166040297
SC	45025	5.1	6.12599143586836	2	29715	0.00886629166040297
SC	45025	13.2	9.46366668880214	3	51701	0.00886629166040297
SC	45025	20.3	13.926660874235	4	98136	0.00886629166040297
SC	45025	23.3	19.2725116090034	5	118663	0.00886629166040297
SC	45025	25.5	24.8927432420307	6	128989	0.00886629166040297
SC	45025	26.7	30.0464641785179	7	133597	0.00886629166040297
SC	45025	28.4	34.2127356868585	8	140663	0.00886629166040297
SC	45025	30.9	37.2508340060724	9	150866	0.00886629166040297
SC	45025	32.7	39.3036924451046	10	158344	0.00886629166040297
SC	45025	33.7	40.6203670915982	11	162609	0.00886629166040297
SC	45025	34.7	41.4368430630512	12	167743	0.00886629166040297
SC	45025	35.8	41.9325932805643	13	196051	0.00886629166040297
SC	45025	36.4	42.2297643576422	14	198796	0.00886629166040297
SC	45025	36.8	42.4065305415852	15	200666	0.00886629166040297
SC	45025	36.9	42.5111940912359	16	202050	0.00886629166040297
SC	45025	37.3	42.572996950561	17	204302	0.00886629166040297
SC	45027	0	2.04637861149722	0	19	0.00655406379146327
SC	45027	0.8	3.3641635127428	1	5218	0.00655406379146327
SC	45027	5.5	5.43609585404212	2	29715	0.00655406379146327
SC	45027	16.3	8.55439411502313	3	51701	0.00655406379146327
SC	45027	25.7	12.951708738332	4	98136	0.00655406379146327
SC	45027	29.2	18.6154189442408	5	118663	0.00655406379146327
SC	45027	31.8	25.1160439280699	6	128989	0.00655406379146327
SC	45027	33.4	31.6596725056293	7	133597	0.00655406379146327
SC	45027	36.4	37.4318334265844	8	140663	0.00655406379146327
SC	45027	39.9	41.9597080652879	9	150866	0.00655406379146327
SC	45027	42.1	45.1954825536926	10	158344	0.00655406379146327
SC	45027	43.3	47.3570059990011	11	162609	0.00655406379146327
SC	45027	44.8	48.7365960054641	12	167743	0.00655406379146327
SC	45027	46.8	49.5916715252599	13	196051	0.00655406379146327
SC	45027	47.6	50.1120524822276	14	198796	0.00655406379146327
SC	45027	48.9	50.4252299151586	15	200666	0.00655406379146327
SC	45027	49	50.6124426947216	16	202050	0.00655406379146327
SC	45027	49.5	50.7239055627952	17	204302	0.00655406379146327
SC	45029	0	2.19891488911882	0	19	0.00731774963612273
SC	45029	0.5	3.60051579900436	1	5218	0.00731774963612273
SC	45029	5.4	5.7873942683323	2	29715	0.00731774963612273
SC	45029	12	9.04377650804702	3	51701	0.00731774963612273
SC	45029	21.4	13.5703407545893	4	98136	0.00731774963612273
SC	45029	26.8	19.2957429561624	5	118663	0.00731774963612273
SC	45029	30.8	25.7316252681608	6	128989	0.00731774963612273
SC	45029	32.6	32.0735166030402	7	133597	0.00731774963612273
SC	45029	35.6	37.5616086957836	8	140663	0.00731774963612273
SC	45029	40.7	41.8019083435345	9	150866	0.00731774963612273
SC	45029	43.4	44.8000821252894	10	158344	0.00731774963612273
SC	45029	44.4	46.7895416715064	11	162609	0.00731774963612273
SC	45029	45.5	48.054618988464	12	167743	0.00731774963612273
SC	45029	47.2	48.837411281573	13	196051	0.00731774963612273
SC	45029	48	49.3136272779512	14	198796	0.00731774963612273
SC	45029	48.3	49.6003497359749	15	200666	0.00731774963612273
SC	45029	48.4	49.7719052401667	16	202050	0.00731774963612273
SC	45029	48.8	49.8741688731836	17	204302	0.00731774963612273
SC	45031	0	1.5631767083376	0	19	0.012938764903236
SC	45031	1.1	2.60134987680747	1	5218	0.012938764903236
SC	45031	8	4.26941261838698	2	29715	0.012938764903236
SC	45031	15.8	6.85542428814213	3	51701	0.012938764903236
SC	45031	27	10.6504243937506	4	98136	0.012938764903236
SC	45031	31	15.7937714513502	5	118663	0.012938764903236
SC	45031	34.2	22.061223874441	6	128989	0.012938764903236
SC	45031	35.8	28.7797647536181	7	133597	0.012938764903236
SC	45031	38.2	35.0611256207521	8	140663	0.012938764903236
SC	45031	41.5	40.2259470417577	9	150866	0.012938764903236
SC	45031	43.6	44.0426217429848	10	158344	0.012938764903236
SC	45031	44.7	46.6462446381028	11	162609	0.012938764903236
SC	45031	46	48.3268908514121	12	167743	0.012938764903236
SC	45031	47.4	49.3733806722109	13	196051	0.012938764903236
SC	45031	48.2	50.0104540812874	14	198796	0.012938764903236
SC	45031	48.7	50.3929696294838	15	200666	0.012938764903236
SC	45031	48.7	50.6207410978046	16	202050	0.012938764903236
SC	45031	49.2	50.75569849882	17	204302	0.012938764903236
SC	45033	0	1.98049075158118	0	19	0.00591973063564999
SC	45033	1	3.28270819543717	1	5218	0.00591973063564999
SC	45033	5.1	5.34443143081371	2	29715	0.00591973063564999
SC	45033	14.4	8.46283280204793	3	51701	0.00591973063564999
SC	45033	23.2	12.8679587412563	4	98136	0.00591973063564999
SC	45033	26.9	18.5255551927479	5	118663	0.00591973063564999
SC	45033	29.3	24.9654719422886	6	128989	0.00591973063564999
SC	45033	31	31.3617525980453	7	133597	0.00591973063564999
SC	45033	33.7	36.9099116514905	8	140663	0.00591973063564999
SC	45033	37.9	41.1845685810417	9	150866	0.00591973063564999
SC	45033	40.5	44.1869840268249	10	158344	0.00591973063564999
SC	45033	41.6	46.1613750495992	11	162609	0.00591973063564999
SC	45033	42.7	47.4040937162777	12	167743	0.00591973063564999
SC	45033	43.8	48.1648445086973	13	196051	0.00591973063564999
SC	45033	44.1	48.6226525098299	14	198796	0.00591973063564999
SC	45033	44.5	48.8953233551867	15	200666	0.00591973063564999
SC	45033	44.5	49.0567282882619	16	202050	0.00591973063564999
SC	45033	45	49.1519219761635	17	204302	0.00591973063564999
SC	45035	0	0.5213117727665	0	19	0.0316212941717097
SC	45035	1.4	0.962579694647005	1	5218	0.0316212941717097
SC	45035	5.7	1.76518161585894	2	29715	0.0316212941717097
SC	45035	11.5	3.19714436506078	3	51701	0.0316212941717097
SC	45035	23.7	5.66629394043447	4	98136	0.0316212941717097
SC	45035	30.2	9.68349011443524	5	118663	0.0316212941717097
SC	45035	35.4	15.6394417381817	6	128989	0.0316212941717097
SC	45035	37.5	23.3560013183383	7	133597	0.0316212941717097
SC	45035	40.4	31.7785233275751	8	140663	0.0316212941717097
SC	45035	44.5	39.4132149500327	9	150866	0.0316212941717097
SC	45035	47.4	45.2532204021838	10	158344	0.0316212941717097
SC	45035	48.8	49.1665565859287	11	162609	0.0316212941717097
SC	45035	50.5	51.5616962245667	12	167743	0.0316212941717097
SC	45035	51.8	52.9472075489223	13	196051	0.0316212941717097
SC	45035	52.8	53.7226440453534	14	198796	0.0316212941717097
SC	45035	53.2	54.1486313296903	15	200666	0.0316212941717097
SC	45035	53.3	54.3802568917042	16	202050	0.0316212941717097
SC	45035	53.9	54.5054975336999	17	204302	0.0316212941717097
SC	45037	0	2.16611827611406	0	19	0.00529452597289343
SC	45037	0.7	3.51387627156362	1	5218	0.00529452597289343
SC	45037	6.8	5.60886555889597	2	29715	0.00529452597289343
SC	45037	17.3	8.73530970451414	3	51701	0.00529452597289343
SC	45037	31.2	13.1283139620592	4	98136	0.00529452597289343
SC	45037	36.8	18.8057266128385	5	118663	0.00529452597289343
SC	45037	40.9	25.3996985622306	6	128989	0.00529452597289343
SC	45037	42.9	32.1715216869311	7	133597	0.00529452597289343
SC	45037	46.1	38.3016834043405	8	140663	0.00529452597289343
SC	45037	50.6	43.2487906116301	9	150866	0.00529452597289343
SC	45037	53.8	46.8840518275729	10	158344	0.00529452597289343
SC	45037	55.1	49.3754899141086	11	162609	0.00529452597289343
SC	45037	56.7	51.0025124109099	12	167743	0.00529452597289343
SC	45037	58.3	52.0317789167898	13	196051	0.00529452597289343
SC	45037	59.2	52.6698593908675	14	198796	0.00529452597289343
SC	45037	59.6	53.0604798442412	15	200666	0.00529452597289343
SC	45037	59.7	53.2977695409872	16	202050	0.00529452597289343
SC	45037	60.7	53.4412395935174	17	204302	0.00529452597289343
SC	45039	0	0.831770484485534	0	19	0.00434030711358215
SC	45039	0.8	1.39208913616421	1	5218	0.00434030711358215
SC	45039	5.1	2.31587574315541	2	29715	0.00434030711358215
SC	45039	16.1	3.81492245170235	3	51701	0.00434030711358215
SC	45039	27.4	6.18590175664146	4	98136	0.00434030711358215
SC	45039	34.5	9.78806942380381	5	118663	0.00434030711358215
SC	45039	38.3	14.9393904746858	6	128989	0.00434030711358215
SC	45039	40.3	21.7027206760132	7	133597	0.00434030711358215
SC	45039	43.5	29.6514693474069	8	140663	0.00434030711358215
SC	45039	46.9	37.8630077558621	9	150866	0.00434030711358215
SC	45039	49.3	45.2898464460219	10	158344	0.00434030711358215
SC	45039	50.3	51.2414675306293	11	162609	0.00434030711358215
SC	45039	51.5	55.5652359155442	12	167743	0.00434030711358215
SC	45039	62.1	58.4875658253871	13	196051	0.00434030711358215
SC	45039	63.5	60.3675512114637	14	198796	0.00434030711358215
SC	45039	64.2	61.5388429673157	15	200666	0.00434030711358215
SC	45039	64.3	62.2540869767798	16	202050	0.00434030711358215
SC	45039	65.2	62.6855035801916	17	204302	0.00434030711358215
SC	45041	0	1.59844996060372	0	19	0.0268597168147231
SC	45041	2.5	2.62313299141774	1	5218	0.0268597168147231
SC	45041	9	4.25174128147181	2	29715	0.0268597168147231
SC	45041	17	6.75935741332793	3	51701	0.0268597168147231
SC	45041	29.3	10.4377807305458	4	98136	0.0268597168147231
SC	45041	33.5	15.467362481471	5	118663	0.0268597168147231
SC	45041	37.7	21.7216092252485	6	128989	0.0268597168147231
SC	45041	39.7	28.6418063180343	7	133597	0.0268597168147231
SC	45041	42.7	35.3761704908637	8	140663	0.0268597168147231
SC	45041	46.5	41.1586891265382	9	150866	0.0268597168147231
SC	45041	48.9	45.6138372040999	10	158344	0.0268597168147231
SC	45041	50.1	48.7680835672638	11	162609	0.0268597168147231
SC	45041	51.9	50.8700232597314	12	167743	0.0268597168147231
SC	45041	53.3	52.2147596496724	13	196051	0.0268597168147231
SC	45041	54.2	53.0527566982962	14	198796	0.0268597168147231
SC	45041	54.8	53.5664469914517	15	200666	0.0268597168147231
SC	45041	54.9	53.8781676128192	16	202050	0.0268597168147231
SC	45041	55.5	54.0661675006755	17	204302	0.0268597168147231
SC	45043	0	1.78955630522472	0	19	0.0121739137190374
SC	45043	1.7	3.31935160106759	1	5218	0.0121739137190374
SC	45043	10.2	6.00421764765627	2	29715	0.0121739137190374
SC	45043	20.3	10.4078074368813	3	51701	0.0121739137190374
SC	45043	33.1	16.8860388030807	4	98136	0.0121739137190374
SC	45043	37.3	25.0383612648186	5	118663	0.0121739137190374
SC	45043	40.4	33.4979705547213	6	128989	0.0121739137190374
SC	45043	41.7	40.6891728838606	7	133597	0.0121739137190374
SC	45043	44.3	45.8363789460861	8	140663	0.0121739137190374
SC	45043	48.1	49.0843646528257	9	150866	0.0121739137190374
SC	45043	50.1	50.9737865597645	10	158344	0.0121739137190374
SC	45043	51	52.0212645832877	11	162609	0.0121739137190374
SC	45043	52.4	52.586527848159	12	167743	0.0121739137190374
SC	45043	53.3	52.8871341868078	13	196051	0.0121739137190374
SC	45043	54	53.0457521949548	14	198796	0.0121739137190374
SC	45043	54.2	53.1291036505853	15	200666	0.0121739137190374
SC	45043	54.3	53.1728085795821	16	202050	0.0121739137190374
SC	45043	54.9	53.1956989432122	17	204302	0.0121739137190374
SC	45045	0	1.30745699910977	0	19	0.101684032168033
SC	45045	1.8	2.3460676099675	1	5218	0.101684032168033
SC	45045	4.7	4.14429421346889	2	29715	0.101684032168033
SC	45045	14.8	7.12899385315966	3	51701	0.101684032168033
SC	45045	28.2	11.7521028968252	4	98136	0.101684032168033
SC	45045	34.6	18.1983375663986	5	118663	0.101684032168033
SC	45045	39.2	25.9832183767353	6	128989	0.101684032168033
SC	45045	41	33.9057053259116	7	133597	0.101684032168033
SC	45045	43.6	40.6810097084535	8	140663	0.101684032168033
SC	45045	46.7	45.6653967835262	9	150866	0.101684032168033
SC	45045	48.9	48.9407582010088	10	158344	0.101684032168033
SC	45045	50.1	50.9363337493395	11	162609	0.101684032168033
SC	45045	51.8	52.0966483646161	12	167743	0.101684032168033
SC	45045	53.4	52.7530415793608	13	196051	0.101684032168033
SC	45045	54.8	53.118610700711	14	198796	0.101684032168033
SC	45045	55.2	53.3204400048251	15	200666	0.101684032168033
SC	45045	55.2	53.4313324648511	16	202050	0.101684032168033
SC	45045	55.9	53.4920992741545	17	204302	0.101684032168033
SC	45047	0	2.73770872815693	0	19	0.0137531430178487
SC	45047	2.4	4.55538131543594	1	5218	0.0137531430178487
SC	45047	11.4	7.38209083467269	2	29715	0.0137531430178487
SC	45047	18.2	11.4963228074485	3	51701	0.0137531430178487
SC	45047	28.9	16.9419178328465	4	98136	0.0137531430178487
SC	45047	32.6	23.3098665600386	5	118663	0.0137531430178487
SC	45047	35.6	29.7614146178014	6	128989	0.0137531430178487
SC	45047	37	35.4143931044654	7	133597	0.0137531430178487
SC	45047	39.4	39.7711721246814	8	140663	0.0137531430178487
SC	45047	42.3	42.8084807530461	9	150866	0.0137531430178487
SC	45047	44.2	44.7808406093079	10	158344	0.0137531430178487
SC	45047	45.1	46.0032544991649	11	162609	0.0137531430178487
SC	45047	46.1	46.7390881574239	12	167743	0.0137531430178487
SC	45047	47	47.1742688811624	13	196051	0.0137531430178487
SC	45047	47.6	47.4289556338692	14	198796	0.0137531430178487
SC	45047	48	47.5770956832024	15	200666	0.0137531430178487
SC	45047	48	47.6629541758182	16	202050	0.0137531430178487
SC	45047	48.4	47.7126124827727	17	204302	0.0137531430178487
SC	45049	0	1.84102494667409	0	19	0.00373335943693901
SC	45049	0.7	3.13471836790646	1	5218	0.00373335943693901
SC	45049	8	5.25587050052436	2	29715	0.00373335943693901
SC	45049	16.3	8.59677819360965	3	51701	0.00373335943693901
SC	45049	31.4	13.5397105328475	4	98136	0.00373335943693901
SC	45049	37.5	20.2151847882568	5	118663	0.00373335943693901
SC	45049	42.3	28.2003193180548	6	128989	0.00373335943693901
SC	45049	44.6	36.4750996723132	7	133597	0.00373335943693901
SC	45049	48.3	43.8678136607272	8	140663	0.00373335943693901
SC	45049	54.1	49.6468372877745	9	150866	0.00373335943693901
SC	45049	57.7	53.7105555446786	10	158344	0.00373335943693901
SC	45049	59.3	56.3600232614249	11	162609	0.00373335943693901
SC	45049	61	58.003286169647	12	167743	0.00373335943693901
SC	45049	62.6	58.9911063533404	13	196051	0.00373335943693901
SC	45049	63.4	59.5737942853496	14	198796	0.00373335943693901
SC	45049	63.9	59.9136784508885	15	200666	0.00373335943693901
SC	45049	63.9	60.1106404718657	16	202050	0.00373335943693901
SC	45049	64.5	60.2243466520943	17	204302	0.00373335943693901
SC	45051	0	1.68517168442179	0	19	0.0687707648939133
SC	45051	1.6	2.95220373603115	1	5218	0.0687707648939133
SC	45051	8.4	5.07608745589855	2	29715	0.0687707648939133
SC	45051	18.9	8.46511976693977	3	51701	0.0687707648939133
SC	45051	31.6	13.4696096470501	4	98136	0.0687707648939133
SC	45051	36.8	20.0736846649285	5	118663	0.0687707648939133
SC	45051	41.1	27.6057655521551	6	128989	0.0687707648939133
SC	45051	42.6	34.8913382628063	7	133597	0.0687707648939133
SC	45051	45.4	40.8978539097973	8	140663	0.0687707648939133
SC	45051	49	45.2309562562641	9	150866	0.0687707648939133
SC	45051	51.5	48.0648544976519	10	158344	0.0687707648939133
SC	45051	52.6	49.80124281447	11	162609	0.0687707648939133
SC	45051	54.2	50.8229760187676	12	167743	0.0687707648939133
SC	45051	55.3	51.4099279194592	13	196051	0.0687707648939133
SC	45051	55.9	51.7424708939264	14	198796	0.0687707648939133
SC	45051	56.2	51.929397991189	15	200666	0.0687707648939133
SC	45051	56.3	52.0340073557265	16	202050	0.0687707648939133
SC	45051	57.1	52.0924042660856	17	204302	0.0687707648939133
SC	45053	0	1.23285117004038	0	19	0.00584087599350051
SC	45053	0.4	2.03618327201132	1	5218	0.00584087599350051
SC	45053	2.7	3.32481539225828	2	29715	0.00584087599350051
SC	45053	8.1	5.33193963389711	3	51701	0.00584087599350051
SC	45053	15.4	8.31911579261517	4	98136	0.00584087599350051
SC	45053	19.5	12.4768613030514	5	118663	0.00584087599350051
SC	45053	24	17.7549577630277	6	128989	0.00584087599350051
SC	45053	25.4	23.7245910984603	7	133597	0.00584087599350051
SC	45053	27.9	29.6553114807578	8	140663	0.00584087599350051
SC	45053	31.2	34.8349695813328	9	150866	0.00584087599350051
SC	45053	33.3	38.8735605524116	10	158344	0.00584087599350051
SC	45053	34.6	41.7527943111785	11	162609	0.00584087599350051
SC	45053	36	43.6770039707299	12	167743	0.00584087599350051
SC	45053	36.5	44.9080316263138	13	196051	0.00584087599350051
SC	45053	36.9	45.6737312020376	14	198796	0.00584087599350051
SC	45053	37.3	46.141686965481	15	200666	0.00584087599350051
SC	45053	37.3	46.4246068609055	16	202050	0.00584087599350051
SC	45053	38.2	46.5945415372156	17	204302	0.00584087599350051
SC	45055	0	0.647539580015661	0	19	0.0129257519450488
SC	45055	1	1.18557221014538	1	5218	0.0129257519450488
SC	45055	4.2	2.15299453346413	2	29715	0.0129257519450488
SC	45055	14.7	3.85347411257118	3	51701	0.0129257519450488
SC	45055	26.5	6.72660372959152	4	98136	0.0129257519450488
SC	45055	33	11.2713490981491	5	118663	0.0129257519450488
SC	45055	39.5	17.7607803700938	6	128989	0.0129257519450488
SC	45055	41.4	25.7910637859819	7	133597	0.0129257519450488
SC	45055	44.9	34.1382719629786	8	140663	0.0129257519450488
SC	45055	49	41.3810338480943	9	150866	0.0129257519450488
SC	45055	51.7	46.7442004859113	10	158344	0.0129257519450488
SC	45055	53	50.2674001835602	11	162609	0.0129257519450488
SC	45055	54.7	52.4033931291551	12	167743	0.0129257519450488
SC	45055	56.8	53.6359304842982	13	196051	0.0129257519450488
SC	45055	57.7	54.3269444791719	14	198796	0.0129257519450488
SC	45055	58.5	54.708110007185	15	200666	0.0129257519450488
SC	45055	58.6	54.9164784271937	16	202050	0.0129257519450488
SC	45055	59.3	55.0298252110884	17	204302	0.0129257519450488
SC	45057	0	1.31333021066479	0	19	0.0190362098186071
SC	45057	0.8	2.19123703210561	1	5218	0.0190362098186071
SC	45057	5.2	3.61167017549105	2	29715	0.0190362098186071
SC	45057	12	5.83836671152042	3	51701	0.0190362098186071
SC	45057	20.6	9.16162008684904	4	98136	0.0190362098186071
SC	45057	25.5	13.7747236541937	5	118663	0.0190362098186071
SC	45057	29.4	19.573334619429	6	128989	0.0190362098186071
SC	45057	30.9	26.0170698236937	7	133597	0.0190362098186071
SC	45057	33.2	32.2669020803022	8	140663	0.0190362098186071
SC	45057	36.6	37.5779652152477	9	150866	0.0190362098186071
SC	45057	39.8	41.6072856133773	10	158344	0.0190362098186071
SC	45057	41.4	44.4088891535621	11	162609	0.0190362098186071
SC	45057	43.1	46.2407847321912	12	167743	0.0190362098186071
SC	45057	44.4	47.3909613884244	13	196051	0.0190362098186071
SC	45057	45.1	48.0948042989709	14	198796	0.0190362098186071
SC	45057	45.5	48.5187675438052	15	200666	0.0190362098186071
SC	45057	45.8	48.771718502269	16	202050	0.0190362098186071
SC	45057	47	48.9217792263037	17	204302	0.0190362098186071
SC	45059	0	1.98999958324175	0	19	0.0131087102526961
SC	45059	1	3.21814021163881	1	5218	0.0131087102526961
SC	45059	5.4	5.10900040008016	2	29715	0.0131087102526961
SC	45059	13.2	7.88860512772451	3	51701	0.0131087102526961
SC	45059	21.4	11.7088305988615	4	98136	0.0131087102526961
SC	45059	24.5	16.5009261205518	5	118663	0.0131087102526961
SC	45059	27.3	21.8681933178266	6	128989	0.0131087102526961
SC	45059	28.5	27.1675589153488	7	133597	0.0131087102526961
SC	45059	30.4	31.7869932183925	8	140663	0.0131087102526961
SC	45059	32.9	35.3963056951565	9	150866	0.0131087102526961
SC	45059	34.9	37.9826648503593	10	158344	0.0131087102526961
SC	45059	35.8	39.7232867337684	11	162609	0.0131087102526961
SC	45059	36.7	40.8458087709245	12	167743	0.0131087102526961
SC	45059	37.6	41.5499315285702	13	196051	0.0131087102526961
SC	45059	38.2	41.9839543751382	14	198796	0.0131087102526961
SC	45059	38.5	42.2486111915238	15	200666	0.0131087102526961
SC	45059	38.5	42.4089303518028	16	202050	0.0131087102526961
SC	45059	38.9	42.5056574364056	17	204302	0.0131087102526961
SC	45061	0	1.38837294092383	0	19	0.00326838896081623
SC	45061	0.8	2.23061496837802	1	5218	0.00326838896081623
SC	45061	4.6	3.549691802095	2	29715	0.00326838896081623
SC	45061	13.6	5.56585764608994	3	51701	0.00326838896081623
SC	45061	21.8	8.53559543832795	4	98136	0.00326838896081623
SC	45061	25.6	12.6798837471926	5	118663	0.00326838896081623
SC	45061	28.4	18.0475071579252	6	128989	0.00326838896081623
SC	45061	29.6	24.3657286704011	7	133597	0.00326838896081623
SC	45061	32.2	31.0174177751038	8	140663	0.00326838896081623
SC	45061	35.2	37.2458562546191	9	150866	0.00326838896081623
SC	45061	37.1	42.469854058946	10	158344	0.00326838896081623
SC	45061	38.1	46.4616499717586	11	162609	0.00326838896081623
SC	45061	39.4	49.3001193184972	12	167743	0.00326838896081623
SC	45061	45.7	51.2168042751364	13	196051	0.00326838896081623
SC	45061	46.8	52.4662914681562	14	198796	0.00326838896081623
SC	45061	47.8	53.2622445604677	15	200666	0.00326838896081623
SC	45061	47.9	53.7618532873142	16	202050	0.00326838896081623
SC	45061	48.4	54.0725495838359	17	204302	0.00326838896081623
SC	45063	0	0.705279433711018	0	19	0.058024197887084
SC	45063	1.7	1.27003575135133	1	5218	0.058024197887084
SC	45063	5.6	2.26734353705265	2	29715	0.058024197887084
SC	45063	15.3	3.98720755576553	3	51701	0.058024197887084
SC	45063	27.4	6.83521328058451	4	98136	0.058024197887084
SC	45063	32.6	11.248775740277	5	118663	0.058024197887084
SC	45063	37.4	17.4315902915893	6	128989	0.058024197887084
SC	45063	39.2	24.9707900130843	7	133597	0.058024197887084
SC	45063	42.4	32.7517869164264	8	140663	0.058024197887084
SC	45063	46.5	39.5154486836865	9	150866	0.058024197887084
SC	45063	49	44.5715612285315	10	158344	0.058024197887084
SC	45063	50.2	47.9410946225412	11	162609	0.058024197887084
SC	45063	51.9	50.01816732124	12	167743	0.058024197887084
SC	45063	53.7	51.2375617608725	13	196051	0.058024197887084
SC	45063	54.7	51.9330215600066	14	198796	0.058024197887084
SC	45063	55.4	52.3231335743419	15	200666	0.058024197887084
SC	45063	55.5	52.5399275490434	16	202050	0.058024197887084
SC	45063	56.1	52.6597793325864	17	204302	0.058024197887084
SC	45065	0	1.71829851976827	0	19	0.00183793467650369
SC	45065	1.1	3.57250902372622	1	5218	0.00183793467650369
SC	45065	18.2	7.16327466658351	2	29715	0.00183793467650369
SC	45065	30.4	13.4371511759564	3	51701	0.00183793467650369
SC	45065	41.5	22.6540654873109	4	98136	0.00183793467650369
SC	45065	45.8	33.2480581660162	5	118663	0.00183793467650369
SC	45065	48.5	42.4751128485613	6	128989	0.00183793467650369
SC	45065	49.7	48.7612969070529	7	133597	0.00183793467650369
SC	45065	51	52.3610786698746	8	140663	0.00183793467650369
SC	45065	53.8	54.2205074042484	9	150866	0.00183793467650369
SC	45065	55.6	55.1299463730069	10	158344	0.00183793467650369
SC	45065	56.3	55.56286839275	11	162609	0.00183793467650369
SC	45065	57.2	55.7662955537411	12	167743	0.00183793467650369
SC	45065	57.7	55.8613014076731	13	196051	0.00183793467650369
SC	45065	58.2	55.9055448072544	14	198796	0.00183793467650369
SC	45065	58.4	55.9261211021541	15	200666	0.00183793467650369
SC	45065	58.4	55.9356845894522	16	202050	0.00183793467650369
SC	45065	59.3	55.9401282418629	17	204302	0.00183793467650369
SC	45067	0	1.53906567316542	0	19	0.00595430237531158
SC	45067	1.6	2.62339028803559	1	5218	0.00595430237531158
SC	45067	8	4.40755551555615	2	29715	0.00595430237531158
SC	45067	14.9	7.23448419399333	3	51701	0.00595430237531158
SC	45067	25.4	11.4562580014937	4	98136	0.00595430237531158
SC	45067	29.5	17.2350097422709	5	118663	0.00595430237531158
SC	45067	32.7	24.2684637521941	6	128989	0.00595430237531158
SC	45067	34.5	31.7016295644342	7	133597	0.00595430237531158
SC	45067	37.3	38.4719807602575	8	140663	0.00595430237531158
SC	45067	41.1	43.8529927898044	9	150866	0.00595430237531158
SC	45067	43.8	47.6850959515041	10	158344	0.00595430237531158
SC	45067	44.7	50.205831179468	11	162609	0.00595430237531158
SC	45067	46.2	51.7784696501213	12	167743	0.00595430237531158
SC	45067	47.4	52.7274264086538	13	196051	0.00595430237531158
SC	45067	48.2	53.2885600582716	14	198796	0.00595430237531158
SC	45067	48.7	53.6164004863761	15	200666	0.00595430237531158
SC	45067	48.8	53.8065955110705	16	202050	0.00595430237531158
SC	45067	49.3	53.9164855147886	17	204302	0.00595430237531158
SC	45069	0	1.66511919067537	0	19	0.00507272301394096
SC	45069	0.4	2.83642372700439	1	5218	0.00507272301394096
SC	45069	5.8	4.75090054627198	2	29715	0.00507272301394096
SC	45069	13.9	7.74594289435905	3	51701	0.00507272301394096
SC	45069	22.6	12.124650269079	4	98136	0.00507272301394096
SC	45069	26.7	17.9314473741304	5	118663	0.00507272301394096
SC	45069	29.3	24.7111374589342	6	128989	0.00507272301394096
SC	45069	31.5	31.5431615668436	7	133597	0.00507272301394096
SC	45069	33.7	37.4791989551675	8	140663	0.00507272301394096
SC	45069	36.7	42.0078813029594	9	150866	0.00507272301394096
SC	45069	38.5	45.1319094742859	10	158344	0.00507272301394096
SC	45069	39.8	47.1401938110465	11	162609	0.00507272301394096
SC	45069	41.1	48.3732895253802	12	167743	0.00507272301394096
SC	45069	42.3	49.1091879125352	13	196051	0.00507272301394096
SC	45069	43.1	49.540931676202	14	198796	0.00507272301394096
SC	45069	43.6	49.791698416732	15	200666	0.00507272301394096
SC	45069	43.7	49.9365000764218	16	202050	0.00507272301394096
SC	45069	44.4	50.0198314416597	17	204302	0.00507272301394096
SC	45071	0	2.79603206057171	0	19	0.00746594198085192
SC	45071	1	4.61224935032547	1	5218	0.00746594198085192
SC	45071	6.7	7.42131647583354	2	29715	0.00746594198085192
SC	45071	17.9	11.5041166112667	3	51701	0.00746594198085192
SC	45071	27.2	16.9321917864799	4	98136	0.00746594198085192
SC	45071	32.1	23.3530217402128	5	118663	0.00746594198085192
SC	45071	36.9	29.9770541409731	6	128989	0.00746594198085192
SC	45071	38.7	35.9129447394328	7	133597	0.00746594198085192
SC	45071	41.6	40.5972971790656	8	140663	0.00746594198085192
SC	45071	45.5	43.9368054976157	9	150866	0.00746594198085192
SC	45071	47.9	46.1488924695935	10	158344	0.00746594198085192
SC	45071	49	47.5437262061075	11	162609	0.00746594198085192
SC	45071	50.2	48.3960938926757	12	167743	0.00746594198085192
SC	45071	51.3	48.9070228219534	13	196051	0.00746594198085192
SC	45071	51.8	49.2097538122812	14	198796	0.00746594198085192
SC	45071	52.3	49.3878939026058	15	200666	0.00746594198085192
SC	45071	52.4	49.4922946413909	16	202050	0.00746594198085192
SC	45071	53	49.5533342096607	17	204302	0.00746594198085192
SC	45073	0	2.41673824498481	0	19	0.0154496831636016
SC	45073	1.2	4.45632319375405	1	5218	0.0154496831636016
SC	45073	4.2	7.89155948622835	2	29715	0.0154496831636016
SC	45073	17.4	13.1005001158496	3	51701	0.0154496831636016
SC	45073	27.7	19.8631355670436	4	98136	0.0154496831636016
SC	45073	31.3	27.0711671110396	5	118663	0.0154496831636016
SC	45073	34.1	33.3050839028057	6	128989	0.0154496831636016
SC	45073	35.3	37.7941992765342	7	133597	0.0154496831636016
SC	45073	37.3	40.6181140615639	8	140663	0.0154496831636016
SC	45073	39.9	42.2462715931425	9	150866	0.0154496831636016
SC	45073	41.5	43.1381796345688	10	158344	0.0154496831636016
SC	45073	42.3	43.6131104522933	11	162609	0.0154496831636016
SC	45073	43.2	43.8621913712975	12	167743	0.0154496831636016
SC	45073	44	43.9917828837782	13	196051	0.0154496831636016
SC	45073	44.6	44.0589260376468	14	198796	0.0154496831636016
SC	45073	44.9	44.0936386829124	15	200666	0.0154496831636016
SC	45073	44.9	44.1115648675552	16	202050	0.0154496831636016
SC	45073	45.3	44.1208168983247	17	204302	0.0154496831636016
SC	45075	0	1.34864285971979	0	19	0.0167371891311112
SC	45075	0.4	2.35509551098461	1	5218	0.0167371891311112
SC	45075	5.3	4.05951274144404	2	29715	0.0167371891311112
SC	45075	14.9	6.84765446073188	3	51701	0.0167371891311112
SC	45075	27.2	11.1599545947849	4	98136	0.0167371891311112
SC	45075	32.2	17.2835329829544	5	118663	0.0167371891311112
SC	45075	36.4	25.001798660192	6	128989	0.0167371891311112
SC	45075	38.8	33.3910419296773	7	133597	0.0167371891311112
SC	45075	42.6	41.161537990896	8	140663	0.0167371891311112
SC	45075	46.8	47.3624989755693	9	150866	0.0167371891311112
SC	45075	49.5	51.7485227124404	10	158344	0.0167371891311112
SC	45075	50.8	54.5928374553623	11	162609	0.0167371891311112
SC	45075	52.5	56.3348962614044	12	167743	0.0167371891311112
SC	45075	53.9	57.3647555912575	13	196051	0.0167371891311112
SC	45075	55	57.9608856738151	14	198796	0.0167371891311112
SC	45075	55.6	58.3017512206068	15	200666	0.0167371891311112
SC	45075	55.7	58.4952929557814	16	202050	0.0167371891311112
SC	45075	56.3	58.6047469063537	17	204302	0.0167371891311112
SC	45077	0	1.86508962075042	0	19	0.0246438236810202
SC	45077	1.4	3.2521199045332	1	5218	0.0246438236810202
SC	45077	5.2	5.53930787676725	2	29715	0.0246438236810202
SC	45077	14.8	9.08793861695673	3	51701	0.0246438236810202
SC	45077	25.8	14.104804544245	4	98136	0.0246438236810202
SC	45077	30.9	20.3385116902903	5	118663	0.0246438236810202
SC	45077	34.3	26.9519969204992	6	128989	0.0246438236810202
SC	45077	35.5	32.8899130692864	7	133597	0.0246438236810202
SC	45077	37.5	37.4737647233294	8	140663	0.0246438236810202
SC	45077	40.4	40.6166775870794	9	150866	0.0246438236810202
SC	45077	42.3	42.6003899769141	10	158344	0.0246438236810202
SC	45077	43.3	43.7877630219188	11	162609	0.0246438236810202
SC	45077	44.4	44.4760345206061	12	167743	0.0246438236810202
SC	45077	45.4	44.8675959846426	13	196051	0.0246438236810202
SC	45077	46.2	45.0879874904863	14	198796	0.0246438236810202
SC	45077	46.5	45.2112891889639	15	200666	0.0246438236810202
SC	45077	46.6	45.2800395720005	16	202050	0.0246438236810202
SC	45077	47	45.3183010698588	17	204302	0.0246438236810202
SC	45079	0	0.62988884709286	0	19	0.0807500669099119
SC	45079	1.6	1.21101900924	1	5218	0.0807500669099119
SC	45079	5.3	2.30843731773637	2	29715	0.0807500669099119
SC	45079	15.3	4.33058111347373	3	51701	0.0807500669099119
SC	45079	28.7	7.8935335487969	4	98136	0.0807500669099119
SC	45079	35.4	13.7027184093674	5	118663	0.0807500669099119
SC	45079	41.2	22.0732995746639	6	128989	0.0807500669099119
SC	45079	44.2	32.2129844627636	7	133597	0.0807500669099119
SC	45079	47.9	42.2023664925015	8	140663	0.0807500669099119
SC	45079	51.7	50.2284143320975	9	150866	0.0807500669099119
SC	45079	54.6	55.6853733446843	10	158344	0.0807500669099119
SC	45079	56.3	58.9875974894865	11	162609	0.0807500669099119
SC	45079	58.4	60.8468930693327	12	167743	0.0807500669099119
SC	45079	56.5	61.8514680495372	13	196051	0.0807500669099119
SC	45079	57.8	62.382167979757	14	198796	0.0807500669099119
SC	45079	58.8	62.6591990464246	15	200666	0.0807500669099119
SC	45079	59	62.802910836926	16	202050	0.0807500669099119
SC	45079	59.9	62.8772205378614	17	204302	0.0807500669099119
SC	45081	0	1.80948899110495	0	19	0.00397633273085279
SC	45081	0.4	2.9633617998641	1	5218	0.00397633273085279
SC	45081	3.6	4.75695940919544	2	29715	0.00397633273085279
SC	45081	8.9	7.40817597802163	3	51701	0.00397633273085279
SC	45081	15.9	11.0494079143762	4	98136	0.00397633273085279
SC	45081	19.5	15.5762234604049	5	118663	0.00397633273085279
SC	45081	21.5	20.55563870054	6	128989	0.00397633273085279
SC	45081	22.6	25.3466925044282	7	133597	0.00397633273085279
SC	45081	24	29.3981755743431	8	140663	0.00397633273085279
SC	45081	26.3	32.4666599894213	9	150866	0.00397633273085279
SC	45081	27.9	34.602163937342	10	158344	0.00397633273085279
SC	45081	28.4	36.0023548363823	11	162609	0.00397633273085279
SC	45081	28.9	36.8848775961425	12	167743	0.00397633273085279
SC	45081	29.5	37.4273500147053	13	196051	0.00397633273085279
SC	45081	30	37.7556759132834	14	198796	0.00397633273085279
SC	45081	30.2	37.952532704955	15	200666	0.00397633273085279
SC	45081	30.3	38.0698990160961	16	202050	0.00397633273085279
SC	45081	30.6	38.1396375527012	17	204302	0.00397633273085279
SC	45083	0	1.92479811084229	0	19	0.0621096840881043
SC	45083	1.2	3.09393440158192	1	5218	0.0621096840881043
SC	45083	5.1	4.89435251335939	2	29715	0.0621096840881043
SC	45083	11.6	7.55791078372517	3	51701	0.0621096840881043
SC	45083	21.2	11.2734515208451	4	98136	0.0621096840881043
SC	45083	25.4	16.0528083514114	5	118663	0.0621096840881043
SC	45083	29.8	21.5981322914534	6	128989	0.0621096840881043
SC	45083	31.3	27.311956620239	7	133597	0.0621096840881043
SC	45083	33.7	32.5226394799645	8	140663	0.0621096840881043
SC	45083	36.9	36.771266260803	9	150866	0.0621096840881043
SC	45083	39.4	39.9303732677885	10	158344	0.0621096840881043
SC	45083	40.5	42.1219803856458	11	162609	0.0621096840881043
SC	45083	41.8	43.5702435654082	12	167743	0.0621096840881043
SC	45083	42.8	44.4967864489704	13	196051	0.0621096840881043
SC	45083	43.4	45.0773260533622	14	198796	0.0621096840881043
SC	45083	43.7	45.4363344967846	15	200666	0.0621096840881043
SC	45083	43.7	45.6565499425098	16	202050	0.0621096840881043
SC	45083	44.2	45.7909570945997	17	204302	0.0621096840881043
SC	45085	0	1.29148978919802	0	19	0.0207277001596904
SC	45085	1.3	2.00374975633305	1	5218	0.0207277001596904
SC	45085	4.8	3.08715806382012	2	29715	0.0207277001596904
SC	45085	15.1	4.70646541449399	3	51701	0.0207277001596904
SC	45085	23.8	7.06439745170516	4	98136	0.0207277001596904
SC	45085	28	10.3705617324103	5	118663	0.0207277001596904
SC	45085	31.1	14.7688215988164	6	128989	0.0207277001596904
SC	45085	32.9	20.2278278271275	7	133597	0.0207277001596904
SC	45085	36.4	26.4488224027936	8	140663	0.0207277001596904
SC	45085	41.1	32.8843760885361	9	150866	0.0207277001596904
SC	45085	44.4	38.9087610544316	10	158344	0.0207277001596904
SC	45085	46.1	44.0431293137752	11	162609	0.0207277001596904
SC	45085	48.4	48.0804563574625	12	167743	0.0207277001596904
SC	45085	50	51.0587803184137	13	196051	0.0207277001596904
SC	45085	51.1	53.1539772900065	14	198796	0.0207277001596904
SC	45085	56.8	54.5791480741058	15	200666	0.0207277001596904
SC	45085	56.9	55.5265129563909	16	202050	0.0207277001596904
SC	45085	57.5	56.1466679632032	17	204302	0.0207277001596904
SC	45087	0	1.82616558526188	0	19	0.00530540247525887
SC	45087	0.6	2.95375804810607	1	5218	0.00530540247525887
SC	45087	3.8	4.7021715378111	2	29715	0.00530540247525887
SC	45087	11.9	7.30665405121458	3	51701	0.00530540247525887
SC	45087	20.6	10.9634899331619	4	98136	0.00530540247525887
SC	45087	24.9	15.6931623528716	5	118663	0.00530540247525887
SC	45087	28.2	21.2008479603041	6	128989	0.00530540247525887
SC	45087	29.6	26.8822904198918	7	133597	0.00530540247525887
SC	45087	31.8	32.0552377058709	8	140663	0.00530540247525887
SC	45087	34.8	36.2566262171393	9	150866	0.00530540247525887
SC	45087	37.1	39.3634814230797	10	158344	0.00530540247525887
SC	45087	38.3	41.5052384868899	11	162609	0.00530540247525887
SC	45087	39.5	42.9112254489288	12	167743	0.00530540247525887
SC	45087	40.5	43.8048062171621	13	196051	0.00530540247525887
SC	45087	41.2	44.3610930814329	14	198796	0.00530540247525887
SC	45087	41.6	44.7029520001653	15	200666	0.00530540247525887
SC	45087	41.7	44.9113697229365	16	202050	0.00530540247525887
SC	45087	42.1	45.0378169893763	17	204302	0.00530540247525887
SC	45089	0	1.43894557945166	0	19	0.00589817185417562
SC	45089	0.6	2.54596308187755	1	5218	0.00589817185417562
SC	45089	5.6	4.43872725554135	2	29715	0.00589817185417562
SC	45089	17	7.54977094280414	3	51701	0.00589817185417562
SC	45089	31	12.3460349582638	4	98136	0.00589817185417562
SC	45089	35.3	19.0562079884369	5	118663	0.00589817185417562
SC	45089	38.6	27.2720459665111	6	128989	0.00589817185417562
SC	45089	40.9	35.8357023164545	7	133597	0.00589817185417562
SC	45089	44.6	43.387157271796	8	140663	0.00589817185417562
SC	45089	49	49.1249486619521	9	150866	0.00589817185417562
SC	45089	51.4	53.0107002060764	10	158344	0.00589817185417562
SC	45089	52.5	55.441421729297	11	162609	0.00589817185417562
SC	45089	54	56.8872425615233	12	167743	0.00589817185417562
SC	45089	55.4	57.7215888247727	13	196051	0.00589817185417562
SC	45089	56.5	58.1946775932341	14	198796	0.00589817185417562
SC	45089	57.1	58.460256148374	15	200666	0.00589817185417562
SC	45089	57.2	58.6085073859792	16	202050	0.00589817185417562
SC	45089	57.6	58.6910041821916	17	204302	0.00589817185417562
SC	45091	0	0.545675903587007	0	19	0.054572656395364
SC	45091	0.9	0.981068745909664	1	5218	0.054572656395364
SC	45091	4.8	1.75203029217554	2	29715	0.054572656395364
SC	45091	10.5	3.09212186225007	3	51701	0.054572656395364
SC	45091	20.1	5.34811881752558	4	98136	0.054572656395364
SC	45091	26.7	8.94889209126627	5	118663	0.054572656395364
SC	45091	31.8	14.2342405916907	6	128989	0.054572656395364
SC	45091	33.5	21.110387812501	7	133597	0.054572656395364
SC	45091	36.3	28.7769394399995	8	140663	0.054572656395364
SC	45091	39.5	35.9839941281166	9	150866	0.054572656395364
SC	45091	42.5	41.7506040577468	10	158344	0.054572656395364
SC	45091	44.1	45.7982722101059	11	162609	0.054572656395364
SC	45091	46.3	48.3852941971536	12	167743	0.054572656395364
SC	45091	47.9	49.941093862008	13	196051	0.054572656395364
SC	45091	48.7	50.8426928796131	14	198796	0.054572656395364
SC	45091	49.1	51.3539909776235	15	200666	0.054572656395364
SC	45091	49.2	51.6403954457495	16	202050	0.054572656395364
SC	45091	50.2	51.7997181181233	17	204302	0.054572656395364
