1188	7
SD	46003	0	1.26097880147334	0	3	0.00310967276656881
SD	46003	0	2.25284169481525	1	20629	0.00310967276656881
SD	46003	2.8	3.95995118275534	2	50466	0.00310967276656881
SD	46003	10.3	6.77258120741339	3	60582	0.00310967276656881
SD	46003	28.7	11.0893136320222	4	65500	0.00310967276656881
SD	46003	33.3	17.0427616305396	5	67226	0.00310967276656881
SD	46003	35.4	24.1478632173102	6	68141	0.00310967276656881
SD	46003	37.8	31.2992856862277	7	68694	0.00310967276656881
SD	46003	39.6	37.3637404444557	8	69293	0.00310967276656881
SD	46003	41.5	41.8027933841776	9	69912	0.00310967276656881
SD	46003	47.9	44.7142736070462	10	16951	0.00310967276656881
SD	46003	49.3	46.4888089222538	11	16269	0.00310967276656881
SD	46003	51.3	47.5224383595353	12	16568	0.00310967276656881
SD	46003	52.6	48.1086675845711	13	17274	0.00310967276656881
SD	46003	53.7	48.4361333486115	14	17539	0.00310967276656881
SD	46003	54.5	48.6175022836471	15	17725	0.00310967276656881
SD	46003	55	48.7174806288902	16	17975	0.00310967276656881
SD	46003	55.3	48.772449340009	17	18176	0.00310967276656881
SD	46005	0	2.2036887801696	0	3	0.0208588846097762
SD	46005	0	3.73069037338556	1	20629	0.0208588846097762
SD	46005	0.8	6.17243485500997	2	50466	0.0208588846097762
SD	46005	10.9	9.85461647052456	3	60582	0.0208588846097762
SD	46005	25.6	14.9440860013412	4	65500	0.0208588846097762
SD	46005	29.9	21.1924930078762	5	67226	0.0208588846097762
SD	46005	31.9	27.8372831535569	6	68141	0.0208588846097762
SD	46005	33.1	33.9065680662316	7	68694	0.0208588846097762
SD	46005	34.6	38.7269118811911	8	69293	0.0208588846097762
SD	46005	36.6	42.1476687719533	9	69912	0.0208588846097762
SD	46005	43.3	44.3859211286497	10	16951	0.0208588846097762
SD	46005	45	45.7736529098085	11	16269	0.0208588846097762
SD	46005	46.6	46.6055164546783	12	16568	0.0208588846097762
SD	46005	47.7	47.0941212080968	13	17274	0.0208588846097762
SD	46005	48.5	47.3776836165635	14	17539	0.0208588846097762
SD	46005	48.9	47.5411037987202	15	17725	0.0208588846097762
SD	46005	49.5	47.6349057012106	16	17975	0.0208588846097762
SD	46005	49.9	47.6886226870693	17	18176	0.0208588846097762
SD	46007	0	2.88523988930469	0	3	0.00380372550327301
SD	46007	1.8	4.28122723448898	1	20629	0.00380372550327301
SD	46007	12	6.27115859222537	2	50466	0.00380372550327301
SD	46007	20.9	9.02106931504562	3	60582	0.00380372550327301
SD	46007	27	12.6626056880499	4	65500	0.00380372550327301
SD	46007	29.6	17.2219117963406	5	67226	0.00380372550327301
SD	46007	31.6	22.5458505446564	6	68141	0.00380372550327301
SD	46007	33.8	28.279219109008	7	68694	0.00380372550327301
SD	46007	39.3	33.939522710825	8	69293	0.00380372550327301
SD	46007	43.3	39.0679430994108	9	69912	0.00380372550327301
SD	46007	46.2	43.3654051923436	10	16951	0.00380372550327301
SD	46007	48.4	46.737064611217	11	16269	0.00380372550327301
SD	46007	53	49.2482687389718	12	16568	0.00380372550327301
SD	46007	55.4	51.047065615175	13	17274	0.00380372550327301
SD	46007	56.6	52.2998678119017	14	17539	0.00380372550327301
SD	46007	57.1	53.1554270679493	15	17725	0.00380372550327301
SD	46007	59.5	53.7318913309888	16	17975	0.00380372550327301
SD	46007	60.7	54.1167910304353	17	18176	0.00380372550327301
SD	46009	0	1.97526868343097	0	3	0.00780074582409719
SD	46009	3.1	3.69525549117719	1	20629	0.00780074582409719
SD	46009	5.9	6.7063195627949	2	50466	0.00780074582409719
SD	46009	21.8	11.5657648961335	3	60582	0.00780074582409719
SD	46009	36.1	18.4646865113134	4	65500	0.00780074582409719
SD	46009	39.7	26.6664943986835	5	67226	0.00780074582409719
SD	46009	41.4	34.588524894319	6	68141	0.00780074582409719
SD	46009	42.1	40.8452820277695	7	68694	0.00780074582409719
SD	46009	43.5	45.046925810007	8	69293	0.00780074582409719
SD	46009	44.9	47.5701059927385	9	69912	0.00780074582409719
SD	46009	50.9	48.9848628859161	10	16951	0.00780074582409719
SD	46009	53.8	49.7477458586694	11	16269	0.00780074582409719
SD	46009	55.1	50.1504701714514	12	16568	0.00780074582409719
SD	46009	56	50.360684775446	13	17274	0.00780074582409719
SD	46009	57	50.4697675043916	14	17539	0.00780074582409719
SD	46009	57.4	50.5261985122266	15	17725	0.00780074582409719
SD	46009	57.9	50.5553452798533	16	17975	0.00780074582409719
SD	46009	58.6	50.5703873243695	17	18176	0.00780074582409719
SD	46011	0	1.05825113954542	0	3	0.0396503059370899
SD	46011	0	2.05329746529198	1	20629	0.0396503059370899
SD	46011	0.5	3.9142666343362	2	50466	0.0396503059370899
SD	46011	9.7	7.22549492822159	3	60582	0.0396503059370899
SD	46011	24.4	12.6260943495247	4	65500	0.0396503059370899
SD	46011	31.8	20.2968237435724	5	67226	0.0396503059370899
SD	46011	34.7	29.2962218532519	6	68141	0.0396503059370899
SD	46011	35.8	37.7621936084126	7	68694	0.0396503059370899
SD	46011	37.1	44.2240609169902	8	69293	0.0396503059370899
SD	46011	38.7	48.4129259660519	9	69912	0.0396503059370899
SD	46011	44.4	50.8481983028687	10	16951	0.0396503059370899
SD	46011	46.8	52.1752409636557	11	16269	0.0396503059370899
SD	46011	49.1	52.8729544385689	12	16568	0.0396503059370899
SD	46011	50.5	53.232891795312	13	17274	0.0396503059370899
SD	46011	51.3	53.4167593490852	14	17539	0.0396503059370899
SD	46011	51.6	53.510212927338	15	17725	0.0396503059370899
SD	46011	52.2	53.5575905915491	16	17975	0.0396503059370899
SD	46011	52.5	53.5815781852543	17	18176	0.0396503059370899
SD	46013	0	0.920852795117455	0	3	0.0439027919232156
SD	46013	3.5	1.86755675045015	1	20629	0.0439027919232156
SD	46013	8.5	3.7180948529873	2	50466	0.0439027919232156
SD	46013	20.8	7.14618243180772	3	60582	0.0439027919232156
SD	46013	36.7	12.9076281580381	4	65500	0.0439027919232156
SD	46013	40.3	21.1708451527126	5	67226	0.0439027919232156
SD	46013	42.5	30.6790396924134	6	68141	0.0439027919232156
SD	46013	43.9	39.2027826279313	7	68694	0.0439027919232156
SD	46013	45.7	45.2952762087481	8	69293	0.0439027919232156
SD	46013	47.7	48.9804185137723	9	69912	0.0439027919232156
SD	46013	49.1	50.9887206582262	10	16951	0.0439027919232156
SD	46013	51.2	52.0213434580696	11	16269	0.0439027919232156
SD	46013	53.6	52.5364318389206	12	16568	0.0439027919232156
SD	46013	55	52.7894788137376	13	17274	0.0439027919232156
SD	46013	55.9	52.9128618387374	14	17539	0.0439027919232156
SD	46013	56.4	52.9728015390191	15	17725	0.0439027919232156
SD	46013	57	53.0018683964725	16	17975	0.0439027919232156
SD	46013	57.6	53.0159517242389	17	18176	0.0439027919232156
SD	46015	0	2.52049365215786	0	3	0.00598761782788623
SD	46015	0	3.99176542695352	1	20629	0.00598761782788623
SD	46015	1.9	6.21218264088854	2	50466	0.00598761782788623
SD	46015	15.4	9.42105213747909	3	60582	0.00598761782788623
SD	46015	24.1	13.7793901715986	4	65500	0.00598761782788623
SD	46015	28.5	19.2254269801208	5	67226	0.00598761782788623
SD	46015	31.9	25.3637010380954	6	68141	0.00598761782788623
SD	46015	33.1	31.5274016343209	7	68694	0.00598761782788623
SD	46015	35.1	37.0389056777081	8	69293	0.00598761782788623
SD	46015	37.4	41.4790126742313	9	69912	0.00598761782788623
SD	46015	46.4	44.7649270662452	10	16951	0.00598761782788623
SD	46015	49.5	47.0470735835675	11	16269	0.00598761782788623
SD	46015	51.6	48.5630580211236	12	16568	0.00598761782788623
SD	46015	53.5	49.5405335242564	13	17274	0.00598761782788623
SD	46015	54.5	50.158734232917	14	17539	0.00598761782788623
SD	46015	55.2	50.5449496999805	15	17725	0.00598761782788623
SD	46015	55.8	50.7843895350017	16	17975	0.00598761782788623
SD	46015	56.5	50.9321279828744	17	18176	0.00598761782788623
SD	46017	0	1.48128146157134	0	3	0.00221780369611342
SD	46017	2.2	2.4446104433083	1	20629	0.00221780369611342
SD	46017	13.3	3.99261943011931	2	50466	0.00221780369611342
SD	46017	22.5	6.41407380866797	3	60582	0.00221780369611342
SD	46017	26.5	10.0466950547195	4	65500	0.00221780369611342
SD	46017	30.9	15.1682202713051	5	67226	0.00221780369611342
SD	46017	39.6	21.7908130844109	6	68141	0.00221780369611342
SD	46017	43.3	29.4589345890025	7	68694	0.00221780369611342
SD	46017	45.9	37.2800925051993	8	69293	0.00221780369611342
SD	46017	49.2	44.2904973505844	9	69912	0.00221780369611342
SD	46017	50	49.8828695666371	10	16951	0.00221780369611342
SD	46017	51.6	53.9435979909805	11	16269	0.00221780369611342
SD	46017	56.3	56.6951448212539	12	16568	0.00221780369611342
SD	46017	58	58.4733146407103	13	17274	0.00221780369611342
SD	46017	60.3	59.5875094285211	14	17539	0.00221780369611342
SD	46017	61	60.2722073817213	15	17725	0.00221780369611342
SD	46017	61.7	60.6879502310749	16	17975	0.00221780369611342
SD	46017	62.2	60.9385486465809	17	18176	0.00221780369611342
SD	46019	0	1.17813854840352	0	3	0.0117887231125213
SD	46019	0	1.97972162515362	1	20629	0.0117887231125213
SD	46019	1.5	3.28301639656942	2	50466	0.0117887231125213
SD	46019	9.9	5.33052655296709	3	60582	0.0117887231125213
SD	46019	17.8	8.37988523653389	4	65500	0.0117887231125213
SD	46019	21.9	12.578190251492	5	67226	0.0117887231125213
SD	46019	23.7	17.7737511529835	6	68141	0.0117887231125213
SD	46019	24.9	23.4175780456163	7	68694	0.0117887231125213
SD	46019	26.6	28.742850811311	8	69293	0.0117887231125213
SD	46019	28.6	33.1399838011257	9	69912	0.0117887231125213
SD	46019	34.9	36.3879769040076	10	16951	0.0117887231125213
SD	46019	36.8	38.5950237250613	11	16269	0.0117887231125213
SD	46019	37.8	40.0109813866613	12	16568	0.0117887231125213
SD	46019	39	40.8861929709052	13	17274	0.0117887231125213
SD	46019	39.4	41.4147678418159	14	17539	0.0117887231125213
SD	46019	39.9	41.7295360211534	15	17725	0.0117887231125213
SD	46019	40.2	41.9154135000894	16	17975	0.0117887231125213
SD	46019	40.6	42.0246341071818	17	18176	0.0117887231125213
SD	46021	0	2.31972356770493	0	3	0.00155540157280941
SD	46021	4.7	3.82946340736736	1	20629	0.00155540157280941
SD	46021	9	6.18209246052827	2	50466	0.00155540157280941
SD	46021	16.1	9.64784971299252	3	60582	0.00155540157280941
SD	46021	20.9	14.3527406551463	4	65500	0.00155540157280941
SD	46021	22.5	20.077933536829	5	67226	0.00155540157280941
SD	46021	23.8	26.1855006129091	6	68141	0.00155540157280941
SD	46021	24.7	31.8507808268701	7	68694	0.00155540157280941
SD	46021	26.3	36.4636693965321	8	69293	0.00155540157280941
SD	46021	28.4	39.8372773207191	9	69912	0.00155540157280941
SD	46021	60.8	42.115678066676	10	16951	0.00155540157280941
SD	46021	62.6	43.572842063316	11	16269	0.00155540157280941
SD	46021	45.6	44.4725652123182	12	16568	0.00155540157280941
SD	46021	46.2	45.0160817671079	13	17274	0.00155540157280941
SD	46021	46.4	45.3400892541098	14	17539	0.00155540157280941
SD	46021	46.9	45.5317148157825	15	17725	0.00155540157280941
SD	46021	47	45.6445155043534	16	17975	0.00155540157280941
SD	46021	47.2	45.7107322757214	17	18176	0.00155540157280941
SD	46023	0	2.40904231818892	0	3	0.0105034821326635
SD	46023	2.1	4.00059819755516	1	20629	0.0105034821326635
SD	46023	7.3	6.50079155199271	2	50466	0.0105034821326635
SD	46023	17.8	10.2183705059083	3	60582	0.0105034821326635
SD	46023	31.2	15.3177763641227	4	65500	0.0105034821326635
SD	46023	34.9	21.5899783048052	5	67226	0.0105034821326635
SD	46023	36.4	28.3471224040185	6	68141	0.0105034821326635
SD	46023	37.7	34.6625254058256	7	68694	0.0105034821326635
SD	46023	39.6	39.8280034502195	8	69293	0.0105034821326635
SD	46023	42	43.6113845250399	9	69912	0.0105034821326635
SD	46023	46.9	46.1642456381182	10	16951	0.0105034821326635
SD	46023	48.5	47.7928676368319	11	16269	0.0105034821326635
SD	46023	50.9	48.7949874713843	12	16568	0.0105034821326635
SD	46023	52.5	49.3979571187675	13	17274	0.0105034821326635
SD	46023	53.4	49.7558842192958	14	17539	0.0105034821326635
SD	46023	54.3	49.9666478648575	15	17725	0.0105034821326635
SD	46023	54.9	50.0901668245129	16	17975	0.0105034821326635
SD	46023	55.7	50.1623541936854	17	18176	0.0105034821326635
SD	46025	0	1.75235394562481	0	3	0.00422309613082555
SD	46025	2.5	3.75590801575089	1	20629	0.00422309613082555
SD	46025	6.4	7.66578539294349	2	50466	0.00422309613082555
SD	46025	19.2	14.3120400085597	3	60582	0.00422309613082555
SD	46025	31.1	23.3386030417596	4	65500	0.00422309613082555
SD	46025	38.1	32.4756534177012	5	67226	0.00422309613082555
SD	46025	41	39.3475401602415	6	68141	0.00422309613082555
SD	46025	41.8	43.4488608984726	7	68694	0.00422309613082555
SD	46025	43	45.5676617273238	8	69293	0.00422309613082555
SD	46025	44.7	46.5809841264438	9	69912	0.00422309613082555
SD	46025	45.7	47.0477043069271	10	16951	0.00422309613082555
SD	46025	47	47.2589360114112	11	16269	0.00422309613082555
SD	46025	48	47.3537784141805	12	16568	0.00422309613082555
SD	46025	49.1	47.396210019946	13	17274	0.00422309613082555
SD	46025	49.8	47.4151630792786	14	17539	0.00422309613082555
SD	46025	50.2	47.4236228321929	15	17725	0.00422309613082555
SD	46025	50.7	47.427397658469	16	17975	0.00422309613082555
SD	46025	51.3	47.4290817830013	17	18176	0.00422309613082555
SD	46027	0	0.915884634707286	0	3	0.0159044332335962
SD	46027	2.3	1.9813137130526	1	20629	0.0159044332335962
SD	46027	7.3	4.20260513349329	2	50466	0.0159044332335962
SD	46027	20.5	8.56618487688705	3	60582	0.0159044332335962
SD	46027	41.4	16.2166771545453	4	65500	0.0159044332335962
SD	46027	46.8	27.2913170148061	5	67226	0.0159044332335962
SD	46027	49.9	39.5693927066939	6	68141	0.0159044332335962
SD	46027	51.2	49.7361117602804	7	68694	0.0159044332335962
SD	46027	53.5	56.3097914098203	8	69293	0.0159044332335962
SD	46027	55.5	59.9074568076961	9	69912	0.0159044332335962
SD	46027	59.7	61.698536429775	10	16951	0.0159044332335962
SD	46027	62	62.5482099319379	11	16269	0.0159044332335962
SD	46027	64.8	62.9420512577906	12	16568	0.0159044332335962
SD	46027	66.6	63.1226416934013	13	17274	0.0159044332335962
SD	46027	67.2	63.205038187146	14	17539	0.0159044332335962
SD	46027	67.6	63.242547240127	15	17725	0.0159044332335962
SD	46027	68.3	63.2596046880866	16	17975	0.0159044332335962
SD	46027	68.9	63.2673580057906	17	18176	0.0159044332335962
SD	46029	0	1.52829599930529	0	3	0.0316607868116415
SD	46029	0	2.76597447794503	1	20629	0.0316607868116415
SD	46029	0.2	4.90851625079206	2	50466	0.0316607868116415
SD	46029	8.9	8.42668395118421	3	60582	0.0316607868116415
SD	46029	25.2	13.731353870226	4	65500	0.0316607868116415
SD	46029	31.7	20.782953034274	5	67226	0.0316607868116415
SD	46029	34.5	28.7371579486805	6	68141	0.0316607868116415
SD	46029	35.6	36.2059023356116	7	68694	0.0316607868116415
SD	46029	37.2	42.1039033539911	8	69293	0.0316607868116415
SD	46029	39	46.1565374211214	9	69912	0.0316607868116415
SD	46029	48.9	48.6821300709991	10	16951	0.0316607868116415
SD	46029	50.3	50.1615088229789	11	16269	0.0316607868116415
SD	46029	51.9	50.9967873636003	12	16568	0.0316607868116415
SD	46029	53.2	51.4586338958207	13	17274	0.0316607868116415
SD	46029	54.1	51.7110499228501	14	17539	0.0316607868116415
SD	46029	54.5	51.8481287762732	15	17725	0.0316607868116415
SD	46029	55.1	51.9223144170308	16	17975	0.0316607868116415
SD	46029	55.5	51.9623876670065	17	18176	0.0316607868116415
SD	46031	0	2.41216392515253	0	3	0.00461872879832794
SD	46031	0	3.32258543732278	1	20629	0.00461872879832794
SD	46031	7.2	4.55286639167612	2	50466	0.00461872879832794
SD	46031	14.6	6.19522982964007	3	60582	0.00461872879832794
SD	46031	18.2	8.35236613815726	4	65500	0.00461872879832794
SD	46031	19.1	11.1259472003584	5	67226	0.00461872879832794
SD	46031	20.1	14.596134313615	6	68141	0.00461872879832794
SD	46031	21.2	18.7926347587477	7	68694	0.00461872879832794
SD	46031	23.8	23.6635846028371	8	69293	0.00461872879832794
SD	46031	28.9	29.0554233363558	9	69912	0.00461872879832794
SD	46031	31.7	34.7192569327578	10	16951	0.00461872879832794
SD	46031	32.9	40.3506752166482	11	16269	0.00461872879832794
SD	46031	34.9	45.6520892684147	12	16568	0.00461872879832794
SD	46031	40.4	50.3921934040876	13	17274	0.00461872879832794
SD	46031	45.5	54.4390867439554	14	17539	0.00461872879832794
SD	46031	53.7	57.7600961518353	15	17725	0.00461872879832794
SD	46031	55.6	60.3980417513714	16	17975	0.00461872879832794
SD	46031	57	62.4396970354376	17	18176	0.00461872879832794
SD	46033	0	1.15022015450987	0	3	0.0101417608366614
SD	46033	0	2.03199559688654	1	20629	0.0101417608366614
SD	46033	2.2	3.54082375885594	2	50466	0.0101417608366614
SD	46033	13.9	6.02938643242997	3	60582	0.0101417608366614
SD	46033	25	9.89500114231417	4	65500	0.0101417608366614
SD	46033	30.1	15.3737953117445	5	67226	0.0101417608366614
SD	46033	32.5	22.2091150516265	6	68141	0.0101417608366614
SD	46033	33.8	29.4995084495834	7	68694	0.0101417608366614
SD	46033	35.8	36.0834544932	8	69293	0.0101417608366614
SD	46033	37.9	41.1939547683599	9	69912	0.0101417608366614
SD	46033	46	44.7140794479044	10	16951	0.0101417608366614
SD	46033	47.6	46.9438582559795	11	16269	0.0101417608366614
SD	46033	48.6	48.2821871967042	12	16568	0.0101417608366614
SD	46033	49.7	49.0596270058723	13	17274	0.0101417608366614
SD	46033	50.1	49.5026916525763	14	17539	0.0101417608366614
SD	46033	50.4	49.7524475494395	15	17725	0.0101417608366614
SD	46033	50.8	49.8923674519222	16	17975	0.0101417608366614
SD	46033	51.2	49.9704829190666	17	18176	0.0101417608366614
SD	46035	0	1.55179653079171	0	3	0.0223532457138852
SD	46035	0	2.72285453059851	1	20629	0.0223532457138852
SD	46035	0.3	4.70126912419432	2	50466	0.0223532457138852
SD	46035	8.5	7.90372622678406	3	60582	0.0223532457138852
SD	46035	28.4	12.7451252980673	4	65500	0.0223532457138852
SD	46035	32.5	19.3572542239913	5	67226	0.0223532457138852
SD	46035	35.6	27.2370723404282	6	68141	0.0223532457138852
SD	46035	37.5	35.2356625367745	7	68694	0.0223532457138852
SD	46035	39.2	42.1358966822431	8	69293	0.0223532457138852
SD	46035	41.2	47.3014173745632	9	69912	0.0223532457138852
SD	46035	51.4	50.7723629703585	10	16951	0.0223532457138852
SD	46035	54.5	52.9385932066513	11	16269	0.0223532457138852
SD	46035	57.4	54.2288196973928	12	16568	0.0223532457138852
SD	46035	59.3	54.9759997331995	13	17274	0.0223532457138852
SD	46035	60.4	55.4016731735311	14	17539	0.0223532457138852
SD	46035	61	55.6419235729417	15	17725	0.0223532457138852
SD	46035	61.9	55.7768053997046	16	17975	0.0223532457138852
SD	46035	62.6	55.8523060997606	17	18176	0.0223532457138852
SD	46037	0	1.53798204770471	0	3	0.00613117596723709
SD	46037	1.6	2.75510919592615	1	20629	0.00613117596723709
SD	46037	4.2	4.8529327249419	2	50466	0.00613117596723709
SD	46037	18.5	8.30868261978767	3	60582	0.00613117596723709
SD	46037	35.2	13.5978692490141	4	65500	0.00613117596723709
SD	46037	39.7	20.8468554869982	5	67226	0.00613117596723709
SD	46037	41.8	29.4113398768808	6	68141	0.00613117596723709
SD	46037	42.9	37.9212079454783	7	68694	0.00613117596723709
SD	46037	44.7	45.0396123875912	8	69293	0.00613117596723709
SD	46037	47.5	50.1854795740503	9	69912	0.00613117596723709
SD	46037	57.2	53.5259555738905	10	16951	0.00613117596723709
SD	46037	59.7	55.5455277200522	11	16269	0.00613117596723709
SD	46037	62	56.7144033620087	12	16568	0.00613117596723709
SD	46037	63.1	57.3739015291074	13	17274	0.00613117596723709
SD	46037	64	57.7406615412519	14	17539	0.00613117596723709
SD	46037	65	57.9429860362226	15	17725	0.00613117596723709
SD	46037	65.8	58.0541028104781	16	17975	0.00613117596723709
SD	46037	66.7	58.1149789123711	17	18176	0.00613117596723709
SD	46039	0	1.61899313975452	0	3	0.00491827924657976
SD	46039	0	2.85452468994769	1	20629	0.00491827924657976
SD	46039	1.8	4.93032645327478	2	50466	0.00491827924657976
SD	46039	10.5	8.23358306418385	3	60582	0.00491827924657976
SD	46039	24.1	13.0615224079545	4	65500	0.00491827924657976
SD	46039	28.2	19.3074983937066	5	67226	0.00491827924657976
SD	46039	29.6	26.2266035382572	6	68141	0.00491827924657976
SD	46039	30.2	32.6896181786377	7	68694	0.00491827924657976
SD	46039	31.4	37.8332257812792	8	69293	0.00491827924657976
SD	46039	33	41.429647290461	9	69912	0.00491827924657976
SD	46039	40.7	43.7226527384686	10	16951	0.00491827924657976
SD	46039	43.1	45.0997655010109	11	16269	0.00491827924657976
SD	46039	44.3	45.8973037901624	12	16568	0.00491827924657976
SD	46039	45	46.3494965964038	13	17274	0.00491827924657976
SD	46039	45.9	46.602805177985	14	17539	0.00491827924657976
SD	46039	46.2	46.743743709583	15	17725	0.00491827924657976
SD	46039	46.5	46.821864703086	16	17975	0.00491827924657976
SD	46039	46.9	46.8650757668627	17	18176	0.00491827924657976
SD	46041	0	2.06173228059061	0	3	0.00666019336264029
SD	46041	3.7	3.18869778653729	1	20629	0.00666019336264029
SD	46041	24.4	4.88496208158251	2	50466	0.00666019336264029
SD	46041	26.6	7.37838063882726	3	60582	0.00666019336264029
SD	46041	40.3	10.9188985083312	4	65500	0.00666019336264029
SD	46041	42.9	15.7068350950154	5	67226	0.00666019336264029
SD	46041	45.5	21.7715982137357	6	68141	0.00666019336264029
SD	46041	47.6	28.8476190651413	7	68694	0.00666019336264029
SD	46041	52.3	36.3534416912752	8	69293	0.00666019336264029
SD	46041	56.8	43.5520967140229	9	69912	0.00666019336264029
SD	46041	58.2	49.8190299237131	10	16951	0.00666019336264029
SD	46041	59.8	54.8312243957882	11	16269	0.00666019336264029
SD	46041	66.1	58.5748996683998	12	16568	0.00666019336264029
SD	46041	69.4	61.2306872253271	13	17274	0.00666019336264029
SD	46041	72.1	63.0466104892081	14	17539	0.00666019336264029
SD	46041	73.7	64.2572205132261	15	17725	0.00666019336264029
SD	46041	75.4	65.0507236091672	16	17975	0.00666019336264029
SD	46041	76.7	65.5650670075503	17	18176	0.00666019336264029
SD	46043	0	2.39746720366353	0	3	0.00330183720506998
SD	46043	0	3.94011166236483	1	20629	0.00330183720506998
SD	46043	1.1	6.33348752243856	2	50466	0.00330183720506998
SD	46043	9.9	9.84598932243385	3	60582	0.00330183720506998
SD	46043	25.5	14.6019671581545	4	65500	0.00330183720506998
SD	46043	29.1	20.3848203752289	5	67226	0.00330183720506998
SD	46043	30.2	26.5630409972442	6	68141	0.00330183720506998
SD	46043	31.1	32.3149954987277	7	68694	0.00330183720506998
SD	46043	32.6	37.0233379067948	8	69293	0.00330183720506998
SD	46043	33.7	40.4878621372084	9	69912	0.00330183720506998
SD	46043	43.9	42.8423481620232	10	16951	0.00330183720506998
SD	46043	48.4	44.3572724314538	11	16269	0.00330183720506998
SD	46043	49.6	45.2979726405588	12	16568	0.00330183720506998
SD	46043	50.9	45.8692711158218	13	17274	0.00330183720506998
SD	46043	51.4	46.2115575800189	14	17539	0.00330183720506998
SD	46043	51.7	46.4149715581566	15	17725	0.00330183720506998
SD	46043	52.2	46.5352720109071	16	17975	0.00330183720506998
SD	46043	52.4	46.6062147289089	17	18176	0.00330183720506998
SD	46045	0	1.76524451595477	0	3	0.00432822138247619
SD	46045	0	3.41392750487048	1	20629	0.00432822138247619
SD	46045	0	6.37804316820085	2	50466	0.00432822138247619
SD	46045	10.6	11.2295886226713	3	60582	0.00432822138247619
SD	46045	21.8	18.0685805861986	4	65500	0.00432822138247619
SD	46045	25.4	25.9249417929985	5	67226	0.00432822138247619
SD	46045	27.1	33.0826313235577	6	68141	0.00432822138247619
SD	46045	28.2	38.3514360539392	7	68694	0.00432822138247619
SD	46045	29.7	41.6522903240503	8	69293	0.00432822138247619
SD	46045	31.6	43.5159589086317	9	69912	0.00432822138247619
SD	46045	40.8	44.5068643227869	10	16951	0.00432822138247619
SD	46045	42.8	45.0169404814779	11	16269	0.00432822138247619
SD	46045	43.9	45.2751327094566	12	16568	0.00432822138247619
SD	46045	44.6	45.4047143708283	13	17274	0.00432822138247619
SD	46045	45.4	45.4694702362885	14	17539	0.00432822138247619
SD	46045	45.7	45.5017612573246	15	17725	0.00432822138247619
SD	46045	46.3	45.5178461805814	16	17975	0.00432822138247619
SD	46045	46.5	45.5258541848291	17	18176	0.00432822138247619
SD	46047	0	1.29136122755651	0	3	0.00758823456269591
SD	46047	0	2.18370468905459	1	20629	0.00758823456269591
SD	46047	7.7	3.65020397417574	2	50466	0.00758823456269591
SD	46047	20.2	5.98838455764485	3	60582	0.00758823456269591
SD	46047	32.2	9.54213454369757	4	65500	0.00758823456269591
SD	46047	36.7	14.5688248707341	5	67226	0.00758823456269591
SD	46047	38.7	21.0009813986647	6	68141	0.00758823456269591
SD	46047	40.1	28.2534079924482	7	68694	0.00758823456269591
SD	46047	42	35.351303521153	8	69293	0.00758823456269591
SD	46047	44.1	41.3980060640327	9	69912	0.00758823456269591
SD	46047	54.8	45.9695610562305	10	16951	0.00758823456269591
SD	46047	58.2	49.1235074823931	11	16269	0.00758823456269591
SD	46047	59.9	51.1644593537607	12	16568	0.00758823456269591
SD	46047	60.9	52.4309785523368	13	17274	0.00758823456269591
SD	46047	61.4	53.1965885381452	14	17539	0.00758823456269591
SD	46047	61.8	53.6520867359763	15	17725	0.00758823456269591
SD	46047	62.4	53.9205206457029	16	17975	0.00758823456269591
SD	46047	62.7	54.0778285053874	17	18176	0.00758823456269591
SD	46049	0	2.22094509484316	0	3	0.00259874143596572
SD	46049	0	4.17809910383201	1	20629	0.00259874143596572
SD	46049	5.7	7.571287786358	2	50466	0.00259874143596572
SD	46049	17.4	12.8989087528142	3	60582	0.00259874143596572
SD	46049	33.9	20.0874160050987	4	65500	0.00259874143596572
SD	46049	37.5	28.0325040534391	5	67226	0.00259874143596572
SD	46049	39.5	35.0911890473009	6	68141	0.00259874143596572
SD	46049	40.5	40.2449514308653	7	68694	0.00259874143596572
SD	46049	42.3	43.4936000508693	8	69293	0.00259874143596572
SD	46049	44.2	45.3555716546732	9	69912	0.00259874143596572
SD	46049	49.1	46.3650321751486	10	16951	0.00259874143596572
SD	46049	50.8	46.895848372584	11	16269	0.00259874143596572
SD	46049	52.4	47.1704955346708	12	16568	0.00259874143596572
SD	46049	53.5	47.3114106864447	13	17274	0.00259874143596572
SD	46049	54.5	47.3833994219802	14	17539	0.00259874143596572
SD	46049	54.7	47.4200948656021	15	17725	0.00259874143596572
SD	46049	55.1	47.4387788934097	16	17975	0.00259874143596572
SD	46049	55.4	47.4482866859697	17	18176	0.00259874143596572
SD	46051	0	1.53892967589061	0	3	0.00797143306064823
SD	46051	0	3.07175939723394	1	20629	0.00797143306064823
SD	46051	0.6	5.93481579764639	2	50466	0.00797143306064823
SD	46051	15.3	10.8186989513223	3	60582	0.00797143306064823
SD	46051	29.7	17.9883184955522	4	65500	0.00797143306064823
SD	46051	33.4	26.4913182225	5	67226	0.00797143306064823
SD	46051	34.7	34.3571874570633	6	68141	0.00797143306064823
SD	46051	35.5	40.1280189576464	7	68694	0.00797143306064823
SD	46051	36.6	43.6816055551868	8	69293	0.00797143306064823
SD	46051	38.6	45.6391152472507	9	69912	0.00797143306064823
SD	46051	43.1	46.6516736407382	10	16951	0.00797143306064823
SD	46051	45.1	47.1584188102793	11	16269	0.00797143306064823
SD	46051	46.4	47.4078323397192	12	16568	0.00797143306064823
SD	46051	47.4	47.529583273469	13	17274	0.00797143306064823
SD	46051	48.2	47.5887768069809	14	17539	0.00797143306064823
SD	46051	48.6	47.6174994476852	15	17725	0.00797143306064823
SD	46051	49.4	47.6314233479598	16	17975	0.00797143306064823
SD	46051	49.8	47.6381701335844	17	18176	0.00797143306064823
SD	46053	0	1.38084674955712	0	3	0.00473063632427862
SD	46053	0	2.37649769763501	1	20629	0.00473063632427862
SD	46053	3.2	4.02561685963464	2	50466	0.00473063632427862
SD	46053	15.2	6.6456827712938	3	60582	0.00473063632427862
SD	46053	30.2	10.5449396520694	4	65500	0.00473063632427862
SD	46053	31.8	15.8178003923654	5	67226	0.00473063632427862
SD	46053	33.2	22.09476257246	6	68141	0.00473063632427862
SD	46053	34	28.5261477140282	7	68694	0.00473063632427862
SD	46053	35.3	34.1784520665691	8	69293	0.00473063632427862
SD	46053	37.3	38.5141689233603	9	69912	0.00473063632427862
SD	46053	45	41.5055568619791	10	16951	0.00473063632427862
SD	46053	46.4	43.421649465665	11	16269	0.00473063632427862
SD	46053	48	44.5911955412176	12	16568	0.00473063632427862
SD	46053	49.2	45.2841670397256	13	17274	0.00473063632427862
SD	46053	49.8	45.6875542611522	14	17539	0.00473063632427862
SD	46053	50.1	45.9199537479884	15	17725	0.00473063632427862
SD	46053	50.7	46.0530462493316	16	17975	0.00473063632427862
SD	46053	51.2	46.1290061193541	17	18176	0.00473063632427862
SD	46055	0	1.62941235744568	0	3	0.00214658981596299
SD	46055	0	2.64521686588209	1	20629	0.00214658981596299
SD	46055	0.7	4.2245576912064	2	50466	0.00214658981596299
SD	46055	9.8	6.58070540686027	3	60582	0.00214658981596299
SD	46055	18.5	9.88768343007907	4	65500	0.00214658981596299
SD	46055	22	14.1526005308707	5	67226	0.00214658981596299
SD	46055	23.9	19.0906010132206	6	68141	0.00214658981596299
SD	46055	24.7	24.1418814260231	7	68694	0.00214658981596299
SD	46055	26.2	28.6949331079295	8	69293	0.00214658981596299
SD	46055	27.7	32.354043564896	9	69912	0.00214658981596299
SD	46055	38.2	35.0329830819193	10	16951	0.00214658981596299
SD	46055	39.8	36.8633786966236	11	16269	0.00214658981596299
SD	46055	40.2	38.0557276188602	12	16568	0.00214658981596299
SD	46055	40.7	38.8084768310445	13	17274	0.00214658981596299
SD	46055	41.5	39.2743359669542	14	17539	0.00214658981596299
SD	46055	41.8	39.5591031521269	15	17725	0.00214658981596299
SD	46055	42	39.7318600810775	16	17975	0.00214658981596299
SD	46055	42.2	39.8361836052463	17	18176	0.00214658981596299
SD	46057	0	1.77953068983455	0	3	0.00696765646424215
SD	46057	0	3.04710276812868	1	20629	0.00696765646424215
SD	46057	0.8	5.1133607312493	2	50466	0.00696765646424215
SD	46057	8.8	8.31018851385207	3	60582	0.00696765646424215
SD	46057	20	12.8774130264489	4	65500	0.00696765646424215
SD	46057	25.2	18.7112680451153	5	67226	0.00696765646424215
SD	46057	27.5	25.1834989567734	6	68141	0.00696765646424215
SD	46057	28.5	31.3316578861199	7	68694	0.00696765646424215
SD	46057	30.3	36.3685941479945	8	69293	0.00696765646424215
SD	46057	32.4	40.0182517096176	9	69912	0.00696765646424215
SD	46057	39.8	42.4339930512032	10	16951	0.00696765646424215
SD	46057	41.7	43.9386947030157	11	16269	0.00696765646424215
SD	46057	43.7	44.8407227202901	12	16568	0.00696765646424215
SD	46057	45	45.3690997932479	13	17274	0.00696765646424215
SD	46057	46	45.6744198449055	14	17539	0.00696765646424215
SD	46057	46.5	45.8494610629386	15	17725	0.00696765646424215
SD	46057	47	45.9493592653283	16	17975	0.00696765646424215
SD	46057	47.5	46.0062250405861	17	18176	0.00696765646424215
SD	46059	0	1.93330212063358	0	3	0.00360703954857182
SD	46059	0	3.38840802921485	1	20629	0.00360703954857182
SD	46059	2	5.79569441001655	2	50466	0.00360703954857182
SD	46059	12.4	9.53343094135525	3	60582	0.00360703954857182
SD	46059	27.7	14.8012152629233	4	65500	0.00360703954857182
SD	46059	30.6	21.2946971190583	5	67226	0.00360703954857182
SD	46059	31.9	28.0972406848327	6	68141	0.00360703954857182
SD	46059	32.6	34.1105911210382	7	68694	0.00360703954857182
SD	46059	33.5	38.6788868770237	8	69293	0.00360703954857182
SD	46059	35.2	41.7657137961412	9	69912	0.00360703954857182
SD	46059	42.9	43.689898468196	10	16951	0.00360703954857182
SD	46059	45.9	44.8296753396356	11	16269	0.00360703954857182
SD	46059	46.6	45.4845070474806	12	16568	0.00360703954857182
SD	46059	47.9	45.8541394693969	13	17274	0.00360703954857182
SD	46059	48.5	46.0607081998272	14	17539	0.00360703954857182
SD	46059	48.7	46.1755037565269	15	17725	0.00360703954857182
SD	46059	49	46.2390999677436	16	17975	0.00360703954857182
SD	46059	49.2	46.2742711195687	17	18176	0.00360703954857182
SD	46061	0	1.65329274354211	0	3	0.00390319885967361
SD	46061	0	2.87674236979323	1	20629	0.00390319885967361
SD	46061	1	4.90257197137723	2	50466	0.00390319885967361
SD	46061	8.4	8.07976106071776	3	60582	0.00390319885967361
SD	46061	21.3	12.6617728850342	4	65500	0.00390319885967361
SD	46061	24.5	18.5293829856331	5	67226	0.00390319885967361
SD	46061	26.2	24.9980633973342	6	68141	0.00390319885967361
SD	46061	27.3	31.0511178115596	7	68694	0.00390319885967361
SD	46061	29.4	35.9059889572288	8	69293	0.00390319885967361
SD	46061	31.3	39.3406562172161	9	69912	0.00390319885967361
SD	46061	37.2	41.5606011405685	10	16951	0.00390319885967361
SD	46061	38.5	42.9127662091318	11	16269	0.00390319885967361
SD	46061	40.5	43.7068009674453	12	16568	0.00390319885967361
SD	46061	41.8	44.1631059534938	13	17274	0.00390319885967361
SD	46061	42.4	44.422074867475	14	17539	0.00390319885967361
SD	46061	42.7	44.5680079819485	15	17725	0.00390319885967361
SD	46061	43.5	44.6499144586078	16	17975	0.00390319885967361
SD	46061	44	44.6957818627276	17	18176	0.00390319885967361
SD	46063	0	1.72508338346628	0	3	0.00146723200690888
SD	46063	0	3.00861197593087	1	20629	0.00146723200690888
SD	46063	0.8	5.06223894011186	2	50466	0.00146723200690888
SD	46063	4.3	8.06304495161535	3	60582	0.00146723200690888
SD	46063	9.2	11.9135793147446	4	65500	0.00146723200690888
SD	46063	12	16.1076738063888	5	67226	0.00146723200690888
SD	46063	12.4	19.9339114167371	6	68141	0.00146723200690888
SD	46063	13.1	22.899795522512	7	68694	0.00146723200690888
SD	46063	14	24.9215082086353	8	69293	0.00146723200690888
SD	46063	15	26.181799046721	9	69912	0.00146723200690888
SD	46063	17	26.9241722372111	10	16951	0.00146723200690888
SD	46063	17.7	27.3469529830222	11	16269	0.00146723200690888
SD	46063	18.1	27.583109275733	12	16568	0.00146723200690888
SD	46063	18.6	27.7135961791514	13	17274	0.00146723200690888
SD	46063	18.8	27.7852635856009	14	17539	0.00146723200690888
SD	46063	18.8	27.8244955057483	15	17725	0.00146723200690888
SD	46063	18.8	27.8459328151686	16	17975	0.00146723200690888
SD	46063	18.9	27.8576351005558	17	18176	0.00146723200690888
SD	46065	0	1.08606371436802	0	3	0.0198110232304199
SD	46065	0	1.90325267618124	1	20629	0.0198110232304199
SD	46065	0.8	3.30147077427745	2	50466	0.0198110232304199
SD	46065	13.7	5.62913570153109	3	60582	0.0198110232304199
SD	46065	35.2	9.33270985119079	4	65500	0.0198110232304199
SD	46065	40.2	14.8214022878171	5	67226	0.0198110232304199
SD	46065	43.6	22.1554058291043	6	68141	0.0198110232304199
SD	46065	45.1	30.7081572663772	7	68694	0.0198110232304199
SD	46065	47.1	39.2327882868266	8	69293	0.0198110232304199
SD	46065	49.4	46.4981607384237	9	69912	0.0198110232304199
SD	46065	62.8	51.9088193627113	10	16951	0.0198110232304199
SD	46065	65.3	55.5469191775817	11	16269	0.0198110232304199
SD	46065	68	57.8281707878746	12	16568	0.0198110232304199
SD	46065	69.8	59.1965610144454	13	17274	0.0198110232304199
SD	46065	70.7	59.9956414246779	14	17539	0.0198110232304199
SD	46065	71.1	60.4549730125377	15	17725	0.0198110232304199
SD	46065	72.1	60.7166192342297	16	17975	0.0198110232304199
SD	46065	72.7	60.8648879538817	17	18176	0.0198110232304199
SD	46067	0	2.00213164468912	0	3	0.00824159365359986
SD	46067	0	3.51601605566	1	20629	0.00824159365359986
SD	46067	0.9	6.02731614447169	2	50466	0.00824159365359986
SD	46067	12.6	9.93901869602617	3	60582	0.00824159365359986
SD	46067	27.1	15.4720725688403	4	65500	0.00824159365359986
SD	46067	32.7	22.3184303744075	5	67226	0.00824159365359986
SD	46067	34.6	29.5150637326264	6	68141	0.00824159365359986
SD	46067	35.7	35.8924618705743	7	68694	0.00824159365359986
SD	46067	37	40.7434746918978	8	69293	0.00824159365359986
SD	46067	38.4	44.021958867819	9	69912	0.00824159365359986
SD	46067	49.5	46.0644268304003	10	16951	0.00824159365359986
SD	46067	50.6	47.2730018795074	11	16269	0.00824159365359986
SD	46067	51.8	47.9664598956154	12	16568	0.00824159365359986
SD	46067	52.8	48.3573403473558	13	17274	0.00824159365359986
SD	46067	53.3	48.575461494546	14	17539	0.00824159365359986
SD	46067	53.6	48.6964955619651	15	17725	0.00824159365359986
SD	46067	54.1	48.7634469589738	16	17975	0.00824159365359986
SD	46067	54.4	48.8004178595017	17	18176	0.00824159365359986
SD	46069	0	2.13445063687893	0	3	0.0014706231440589
SD	46069	0	3.71211587221915	1	20629	0.0014706231440589
SD	46069	3.4	6.29743663825895	2	50466	0.0014706231440589
SD	46069	17.3	10.2702149518094	3	60582	0.0014706231440589
SD	46069	30.8	15.8098305184968	4	65500	0.0014706231440589
SD	46069	33.7	22.5721327520572	5	67226	0.0014706231440589
SD	46069	36.2	29.6054650794705	6	68141	0.0014706231440589
SD	46069	36.6	35.8014619849419	7	68694	0.0014706231440589
SD	46069	37.5	40.5104582732705	8	69293	0.0014706231440589
SD	46069	39.1	43.7031914624403	9	69912	0.0014706231440589
SD	46069	49.2	45.703836377749	10	16951	0.0014706231440589
SD	46069	51.1	46.8962216501758	11	16269	0.0014706231440589
SD	46069	52.1	47.5857671199956	12	16568	0.0014706231440589
SD	46069	53	47.9775859793017	13	17274	0.0014706231440589
SD	46069	53.7	48.1980101714385	14	17539	0.0014706231440589
SD	46069	53.9	48.3213154024556	15	17725	0.0014706231440589
SD	46069	54.2	48.3900745638404	16	17975	0.0014706231440589
SD	46069	54.7	48.4283494033118	17	18176	0.0014706231440589
SD	46071	0	3.17048171280482	0	3	0.00377998754322287
SD	46071	0	4.63569348732258	1	20629	0.00377998754322287
SD	46071	10	6.67828170309172	2	50466	0.00377998754322287
SD	46071	16.9	9.42744964368153	3	60582	0.00377998754322287
SD	46071	22	12.9576987885867	4	65500	0.00377998754322287
SD	46071	24.2	17.2270644630745	5	67226	0.00377998754322287
SD	46071	26.8	22.0311903157647	6	68141	0.00377998754322287
SD	46071	28.8	27.017640093306	7	68694	0.00377998754322287
SD	46071	31.8	31.777757618087	8	69293	0.00377998754322287
SD	46071	35.6	35.9722434004918	9	69912	0.00377998754322287
SD	46071	40.5	39.4154484855013	10	16951	0.00377998754322287
SD	46071	42	42.0812311865054	11	16269	0.00377998754322287
SD	46071	45.2	44.0530889227429	12	16568	0.00377998754322287
SD	46071	46.9	45.4629814017537	13	17274	0.00377998754322287
SD	46071	47.8	46.4467799534059	14	17539	0.00377998754322287
SD	46071	47.8	47.1216335136195	15	17725	0.00377998754322287
SD	46071	50.9	47.5791551094955	16	17975	0.00377998754322287
SD	46071	52	47.8868700999189	17	18176	0.00377998754322287
SD	46073	0	1.53481458638137	0	3	0.00227545302766377
SD	46073	0	3.06798355649134	1	20629	0.00227545302766377
SD	46073	0	5.93873171558919	2	50466	0.00227545302766377
SD	46073	14.5	10.8530060772673	3	60582	0.00227545302766377
SD	46073	31.2	18.1014934348267	4	65500	0.00227545302766377
SD	46073	34	26.7455076023268	5	67226	0.00227545302766377
SD	46073	35.2	34.7833564713519	6	68141	0.00227545302766377
SD	46073	36.2	40.7027949159207	7	68694	0.00227545302766377
SD	46073	36.9	44.3555841119888	8	69293	0.00227545302766377
SD	46073	38.3	46.3693000326123	9	69912	0.00227545302766377
SD	46073	46.6	47.410886337443	10	16951	0.00227545302766377
SD	46073	47.7	47.9319091441202	11	16269	0.00227545302766377
SD	46073	48.7	48.1881724362111	12	16568	0.00227545302766377
SD	46073	50.4	48.3131679640913	13	17274	0.00227545302766377
SD	46073	51.2	48.3738880391896	14	17539	0.00227545302766377
SD	46073	51.6	48.4033261052682	15	17725	0.00227545302766377
SD	46073	52	48.4175844360238	16	17975	0.00227545302766377
SD	46073	52.4	48.4244872440526	17	18176	0.00227545302766377
SD	46075	0	2.7862354392892	0	3	0.00102073228215618
SD	46075	2.2	4.573124999955	1	20629	0.00102073228215618
SD	46075	6.4	7.35423297312749	2	50466	0.00102073228215618
SD	46075	19.9	11.4658344213981	3	60582	0.00102073228215618
SD	46075	33.6	17.1046595781288	4	65500	0.00102073228215618
SD	46075	38.2	24.0907420222538	5	67226	0.00102073228215618
SD	46075	41.2	31.7332150115189	6	68141	0.00102073228215618
SD	46075	44.4	39.0351953534526	7	68694	0.00102073228215618
SD	46075	48.5	45.1630819987761	8	69293	0.00102073228215618
SD	46075	52.2	49.7701413460729	9	69912	0.00102073228215618
SD	46075	62.9	52.9554495610532	10	16951	0.00102073228215618
SD	46075	65.1	55.0322781116318	11	16269	0.00102073228215618
SD	46075	67.9	56.3350526360157	12	16568	0.00102073228215618
SD	46075	70.4	57.1325624497772	13	17274	0.00102073228215618
SD	46075	72.1	57.613492708658	14	17539	0.00102073228215618
SD	46075	73	57.9008910208885	15	17725	0.00102073228215618
SD	46075	74.2	58.0717056877124	16	17975	0.00102073228215618
SD	46075	74.3	58.1729011878932	17	18176	0.00102073228215618
SD	46077	0	1.76614732622223	0	3	0.00558294212798378
SD	46077	3.2	3.62654113483319	1	20629	0.00558294212798378
SD	46077	5.3	7.18869178578021	2	50466	0.00558294212798378
SD	46077	23.3	13.3635232948145	3	60582	0.00558294212798378
SD	46077	42	22.424761324185	4	65500	0.00558294212798378
SD	46077	47.9	32.9277565427108	5	67226	0.00558294212798378
SD	46077	50.2	42.2328349035422	6	68141	0.00558294212798378
SD	46077	51.7	48.7078590976772	7	68694	0.00558294212798378
SD	46077	53.4	52.4938921138289	8	69293	0.00558294212798378
SD	46077	56.4	54.4861994466108	9	69912	0.00558294212798378
SD	46077	58.5	55.4766719431701	10	16951	0.00558294212798378
SD	46077	61.9	55.955170452912	11	16269	0.00558294212798378
SD	46077	64.1	56.1831314738168	12	16568	0.00558294212798378
SD	46077	65.7	56.2910122071639	13	17274	0.00558294212798378
SD	46077	66.5	56.3419047246897	14	17539	0.00558294212798378
SD	46077	67	56.3658773506826	15	17725	0.00558294212798378
SD	46077	68	56.3771615761033	16	17975	0.00558294212798378
SD	46077	68.8	56.3824714481069	17	18176	0.00558294212798378
SD	46079	0	1.29943084043376	0	3	0.0144654607029375
SD	46079	0	2.46189719857843	1	20629	0.0144654607029375
SD	46079	0.7	4.56828850847832	2	50466	0.0144654607029375
SD	46079	11.4	8.17208595973911	3	60582	0.0144654607029375
SD	46079	27.7	13.7715830398195	4	65500	0.0144654607029375
SD	46079	31.5	21.290633186937	5	67226	0.0144654607029375
SD	46079	33.9	29.6282898720423	6	68141	0.0144654607029375
SD	46079	34.8	37.1208805543925	7	68694	0.0144654607029375
SD	46079	36.1	42.6844486256455	8	69293	0.0144654607029375
SD	46079	37.4	46.257824026662	9	69912	0.0144654607029375
SD	46079	43.9	48.343793763871	10	16951	0.0144654607029375
SD	46079	46.3	49.494157132715	11	16269	0.0144654607029375
SD	46079	47.9	50.1087194495859	12	16568	0.0144654607029375
SD	46079	49.1	50.4314736929806	13	17274	0.0144654607029375
SD	46079	49.6	50.5994557167717	14	17539	0.0144654607029375
SD	46079	49.9	50.6864742061505	15	17725	0.0144654607029375
SD	46079	50.4	50.7314419613952	16	17975	0.0144654607029375
SD	46079	50.9	50.7546502583607	17	18176	0.0144654607029375
SD	46081	0	0.957796112171244	0	3	0.0292135161683767
SD	46081	0	1.67080815991791	1	20629	0.0292135161683767
SD	46081	1.6	2.88566928806616	2	50466	0.0292135161683767
SD	46081	12	4.90095829568776	3	60582	0.0292135161683767
SD	46081	26.4	8.10014824166304	4	65500	0.0292135161683767
SD	46081	31.9	12.8402692810612	5	67226	0.0292135161683767
SD	46081	34.8	19.1915825347084	6	68141	0.0292135161683767
SD	46081	36.1	26.6451420096145	7	68694	0.0292135161683767
SD	46081	38.1	34.1446302359562	8	69293	0.0292135161683767
SD	46081	40.5	40.6083976734885	9	69912	0.0292135161683767
SD	46081	49.5	45.4770890664702	10	16951	0.0292135161683767
SD	46081	51.6	48.784878879751	11	16269	0.0292135161683767
SD	46081	52.8	50.8776843623934	12	16568	0.0292135161683767
SD	46081	56	52.1426926424253	13	17274	0.0292135161683767
SD	46081	56.4	52.8863378909683	14	17539	0.0292135161683767
SD	46081	56.9	53.3163583434501	15	17725	0.0292135161683767
SD	46081	57.7	53.5626581202742	16	17975	0.0292135161683767
SD	46081	58.2	53.7029582362961	17	18176	0.0292135161683767
SD	46083	0	0.96161519558134	0	3	0.069097810568818
SD	46083	1.3	1.64967641957767	1	20629	0.069097810568818
SD	46083	3.4	2.80545978462029	2	50466	0.069097810568818
SD	46083	12.9	4.70232842563078	3	60582	0.069097810568818
SD	46083	28.2	7.69984753785775	4	65500	0.069097810568818
SD	46083	32.1	12.1645362624704	5	67226	0.069097810568818
SD	46083	34.9	18.2610473473834	6	68141	0.069097810568818
SD	46083	36.1	25.6676379763691	7	68694	0.069097810568818
SD	46083	38.1	33.4880384687865	8	69293	0.069097810568818
SD	46083	40.1	40.6124481415639	9	69912	0.069097810568818
SD	46083	50.4	46.2815416038908	10	16951	0.069097810568818
SD	46083	52.5	50.3263353425081	11	16269	0.069097810568818
SD	46083	55.2	52.9929048944959	12	16568	0.069097810568818
SD	46083	57	54.6604493946203	13	17274	0.069097810568818
SD	46083	57.9	55.6690521685686	14	17539	0.069097810568818
SD	46083	58.4	56.2668386659848	15	17725	0.069097810568818
SD	46083	59.3	56.6168844625949	16	17975	0.069097810568818
SD	46083	60.1	56.8204120837494	17	18176	0.069097810568818
SD	46085	0	2.47916533726718	0	3	0.00427396318807586
SD	46085	1.7	4.17149526746847	1	20629	0.00427396318807586
SD	46085	11.4	6.86941780837135	2	50466	0.00427396318807586
SD	46085	23.8	10.9404256851092	3	60582	0.00427396318807586
SD	46085	32.7	16.6007184735493	4	65500	0.00427396318807586
SD	46085	36.7	23.6366268614616	5	67226	0.00427396318807586
SD	46085	45.5	31.2591895848896	6	68141	0.00427396318807586
SD	46085	47.6	38.3804238876538	7	68694	0.00427396318807586
SD	46085	49.8	44.1698188612594	8	69293	0.00427396318807586
SD	46085	52.3	48.3674746827854	9	69912	0.00427396318807586
SD	46085	52.9	51.1650692465037	10	16951	0.00427396318807586
SD	46085	55.4	52.9263697937497	11	16269	0.00427396318807586
SD	46085	59.6	53.995793563683	12	16568	0.00427396318807586
SD	46085	62	54.630899360855	13	17274	0.00427396318807586
SD	46085	64	55.0031226095114	14	17539	0.00427396318807586
SD	46085	64.9	55.2195879192663	15	17725	0.00427396318807586
SD	46085	65.7	55.3449045196695	16	17975	0.00427396318807586
SD	46085	66.2	55.4172631801122	17	18176	0.00427396318807586
SD	46087	0	1.28514847549784	0	3	0.0063142973733382
SD	46087	0	2.16710667154892	1	20629	0.0063142973733382
SD	46087	4	3.61224989289613	2	50466	0.0063142973733382
SD	46087	16.9	5.90959922213787	3	60582	0.0063142973733382
SD	46087	29.9	9.39157939145249	4	65500	0.0063142973733382
SD	46087	33.3	14.3051825267943	5	67226	0.0063142973733382
SD	46087	35.1	20.5829966672348	6	68141	0.0063142973733382
SD	46087	36.4	27.6590416878339	7	68694	0.0063142973733382
SD	46087	38.6	34.5915503079731	8	69293	0.0063142973733382
SD	46087	40.2	40.5107338693726	9	69912	0.0063142973733382
SD	46087	49.1	44.9996251373731	10	16951	0.0063142973733382
SD	46087	51.6	48.1071683598305	11	16269	0.0063142973733382
SD	46087	54.1	50.1250781763223	12	16568	0.0063142973733382
SD	46087	55.6	51.3815049638736	13	17274	0.0063142973733382
SD	46087	56.9	52.1434440364364	14	17539	0.0063142973733382
SD	46087	57.2	52.5981411831524	15	17725	0.0063142973733382
SD	46087	57.6	52.8668888346826	16	17975	0.0063142973733382
SD	46087	58.1	53.0248287730737	17	18176	0.0063142973733382
SD	46089	0	1.19248166738972	0	3	0.00268917175996627
SD	46089	0	2.17831916220029	1	20629	0.00268917175996627
SD	46089	0	3.90204887319436	2	50466	0.00268917175996627
SD	46089	3.2	6.76071146955682	3	60582	0.00268917175996627
SD	46089	6.6	11.1098169360411	4	65500	0.00268917175996627
SD	46089	8.6	16.928993161469	5	67226	0.00268917175996627
SD	46089	8.9	23.5086898715809	6	68141	0.00268917175996627
SD	46089	9.1	29.6707532298174	7	68694	0.00268917175996627
SD	46089	9.8	34.5033665504805	8	69293	0.00268917175996627
SD	46089	10.4	37.7925036870378	9	69912	0.00268917175996627
SD	46089	12.5	39.8209079243356	10	16951	0.00268917175996627
SD	46089	13.2	40.9966722890737	11	16269	0.00268917175996627
SD	46089	38.5	41.6538566127467	12	16568	0.00268917175996627
SD	46089	39.5	42.0137324568492	13	17274	0.00268917175996627
SD	46089	39.9	42.2085917773292	14	17539	0.00268917175996627
SD	46089	40.1	42.3134569480584	15	17725	0.00268917175996627
SD	46089	40.3	42.3697051558462	16	17975	0.00268917175996627
SD	46089	40.4	42.3998225270708	17	18176	0.00268917175996627
SD	46091	0	1.17632703996242	0	3	0.00557842061178375
SD	46091	1.8	2.68239438212203	1	20629	0.00557842061178375
SD	46091	5	5.89306751126003	2	50466	0.00557842061178375
SD	46091	14.9	12.0106071001779	3	60582	0.00557842061178375
SD	46091	35.1	21.5146357027008	4	65500	0.00557842061178375
SD	46091	38.5	32.4371957852914	5	67226	0.00557842061178375
SD	46091	39.8	41.3759445895248	6	68141	0.00557842061178375
SD	46091	40.5	46.8724900197239	7	68694	0.00557842061178375
SD	46091	42	49.6809631477212	8	69293	0.00557842061178375
SD	46091	43.6	50.9808258416748	9	69912	0.00557842061178375
SD	46091	47.8	51.5548302127959	10	16951	0.00557842061178375
SD	46091	48.8	51.8030302624045	11	16269	0.00557842061178375
SD	46091	50.2	51.9093751631154	12	16568	0.00557842061178375
SD	46091	51	51.9547615098424	13	17274	0.00557842061178375
SD	46091	51.5	51.9740992073372	14	17539	0.00557842061178375
SD	46091	51.9	51.9823324996576	15	17725	0.00557842061178375
SD	46091	52.5	51.9858368697847	16	17975	0.00557842061178375
SD	46091	52.8	51.9873282558163	17	18176	0.00557842061178375
SD	46093	0	1.28679084611662	0	3	0.0320258992447938
SD	46093	0.7	2.24560407771548	1	20629	0.0320258992447938
SD	46093	6.3	3.86361533598633	2	50466	0.0320258992447938
SD	46093	17.6	6.49301251721898	3	60582	0.0320258992447938
SD	46093	28.3	10.5148871631662	4	65500	0.0320258992447938
SD	46093	32.3	16.1303921652724	5	67226	0.0320258992447938
SD	46093	35.2	23.0485260247311	6	68141	0.0320258992447938
SD	46093	36.8	30.3689317576742	7	68694	0.0320258992447938
SD	46093	39.6	36.9679432785009	8	69293	0.0320258992447938
SD	46093	43.4	42.1108005364303	9	69912	0.0320258992447938
SD	46093	49.2	45.6826404095371	10	16951	0.0320258992447938
SD	46093	50.6	47.9694213573985	11	16269	0.0320258992447938
SD	46093	52	49.3580725173617	12	16568	0.0320258992447938
SD	46093	52.6	50.1744153884826	13	17274	0.0320258992447938
SD	46093	53.4	50.6451912976257	14	17539	0.0320258992447938
SD	46093	53.8	50.9136812333558	15	17725	0.0320258992447938
SD	46093	54.6	51.0658346931252	16	17975	0.0320258992447938
SD	46093	55	51.1517497791815	17	18176	0.0320258992447938
SD	46095	0	2.38597207575507	0	3	0.00232971122206409
SD	46095	0	3.71524956994003	1	20629	0.00232971122206409
SD	46095	12.8	5.68003376921852	2	50466	0.00232971122206409
SD	46095	18.2	8.45686900729226	3	60582	0.00232971122206409
SD	46095	20.8	12.1426108738239	4	65500	0.00232971122206409
SD	46095	22.5	16.6474128686985	5	67226	0.00232971122206409
SD	46095	24	21.6296853375599	6	68141	0.00232971122206409
SD	46095	25.2	26.5662471101308	7	68694	0.00232971122206409
SD	46095	27.6	30.9523833083195	8	69293	0.00232971122206409
SD	46095	29.3	34.4877132199881	9	69912	0.00232971122206409
SD	46095	27.7	37.1201582800601	10	16951	0.00232971122206409
SD	46095	30.4	38.9668922241702	11	16269	0.00232971122206409
SD	46095	32.6	40.2089178058051	12	16568	0.00232971122206409
SD	46095	33.7	41.0207228083006	13	17274	0.00232971122206409
SD	46095	34.6	41.5414674580361	14	17539	0.00232971122206409
SD	46095	35.8	41.8714976307192	15	17725	0.00232971122206409
SD	46095	36.6	42.0790613769096	16	17975	0.00232971122206409
SD	46095	37.1	42.208974028048	17	18176	0.00232971122206409
SD	46097	0	1.67278423697148	0	3	0.00250491997481515
SD	46097	0	3.43475536964266	1	20629	0.00250491997481515
SD	46097	9.4	6.79264226211242	2	50466	0.00250491997481515
SD	46097	24	12.5514507787343	3	60582	0.00250491997481515
SD	46097	36.6	20.8457557280168	4	65500	0.00250491997481515
SD	46097	38.8	30.2172695129396	5	67226	0.00250491997481515
SD	46097	40.4	38.2976706918779	6	68141	0.00250491997481515
SD	46097	41.6	43.793826813872	7	68694	0.00250491997481515
SD	46097	43.5	46.9564731468504	8	69293	0.00250491997481515
SD	46097	45.4	48.6037868024089	9	69912	0.00250491997481515
SD	46097	48	49.4174213239648	10	16951	0.00250491997481515
SD	46097	50.5	49.8087424509397	11	16269	0.00250491997481515
SD	46097	51.6	49.9945418340308	12	16568	0.00250491997481515
SD	46097	53	50.0822198512387	13	17274	0.00250491997481515
SD	46097	54.1	50.1234749620734	14	17539	0.00250491997481515
SD	46097	54.6	50.1428602274141	15	17725	0.00250491997481515
SD	46097	54.7	50.1519632784053	16	17975	0.00250491997481515
SD	46097	54.9	50.1562366560529	17	18176	0.00250491997481515
SD	46099	0	0.592856660604073	0	3	0.218314627444021
SD	46099	3.1	1.07891792798565	1	20629	0.218314627444021
SD	46099	8	1.95053517396301	2	50466	0.218314627444021
SD	46099	20.2	3.48508817162375	3	60582	0.218314627444021
SD	46099	37.2	6.10138750672541	4	65500	0.218314627444021
SD	46099	42.1	10.3268169876105	5	67226	0.218314627444021
SD	46099	45.6	16.5882453615634	6	68141	0.218314627444021
SD	46099	47.3	24.776113364106	7	68694	0.218314627444021
SD	46099	49.8	33.8948540957623	8	69293	0.218314627444021
SD	46099	52.2	42.4004040678576	9	69912	0.218314627444021
SD	46099	57.4	49.1184685162946	10	16951	0.218314627444021
SD	46099	59.8	53.7612032142764	11	16269	0.218314627444021
SD	46099	62.6	56.6813164668913	12	16568	0.218314627444021
SD	46099	64.4	58.4105462210526	13	17274	0.218314627444021
SD	46099	65.5	59.3982278500835	14	17539	0.218314627444021
SD	46099	66.1	59.950751737083	15	17725	0.218314627444021
SD	46099	67.1	60.2562511611388	16	17975	0.218314627444021
SD	46099	68	60.4240761001758	17	18176	0.218314627444021
SD	46101	0	0.86735228746946	0	3	0.00743337263284497
SD	46101	1.9	1.73443148241679	1	20629	0.00743337263284497
SD	46101	6.1	3.40740428692174	2	50466	0.00743337263284497
SD	46101	18.3	6.47466932587719	3	60582	0.00743337263284497
SD	46101	30.5	11.6056226284215	4	65500	0.00743337263284497
SD	46101	34	19.0009599976665	5	67226	0.00743337263284497
SD	46101	36.2	27.6563426198622	6	68141	0.00743337263284497
SD	46101	37.3	35.6269484175063	7	68694	0.00743337263284497
SD	46101	38.5	41.5013051587526	8	69293	0.00743337263284497
SD	46101	40.1	45.1582716605342	9	69912	0.00743337263284497
SD	46101	40.2	47.2010088059209	10	16951	0.00743337263284497
SD	46101	43.9	48.2734803142233	11	16269	0.00743337263284497
SD	46101	45.8	48.8182572752771	12	16568	0.00743337263284497
SD	46101	47.6	49.0903445183786	13	17274	0.00743337263284497
SD	46101	48.5	49.225090060495	14	17539	0.00743337263284497
SD	46101	49.1	49.2915397090851	15	17725	0.00743337263284497
SD	46101	49.4	49.3242412758716	16	17975	0.00743337263284497
SD	46101	49.7	49.340318094041	17	18176	0.00743337263284497
SD	46102	0	0.630498572903994	0	3	0.016025383791947
SD	46102	1	1.04130314088793	1	20629	0.016025383791947
SD	46102	15.6	1.71391761987976	2	50466	0.016025383791947
SD	46102	25.1	2.80536795065982	3	60582	0.016025383791947
SD	46102	30.1	4.55095614366186	4	65500	0.016025383791947
SD	46102	33.3	7.27897436260851	5	67226	0.016025383791947
SD	46102	37.8	11.3921228457325	6	68141	0.016025383791947
SD	46102	41.6	17.2700234387342	7	68694	0.016025383791947
SD	46102	50.1	25.0570753172887	8	69293	0.016025383791947
SD	46102	55.1	34.399434378281	9	69912	0.016025383791947
SD	46102	59.4	44.3617399952732	10	16951	0.016025383791947
SD	46102	62.2	53.7350068027282	11	16269	0.016025383791947
SD	46102	70.1	61.5707865670984	12	16568	0.016025383791947
SD	46102	73.5	67.4993521653778	13	17274	0.016025383791947
SD	46102	75.5	71.6550792688351	14	17539	0.016025383791947
SD	46102	75.7	74.4145803277011	15	17725	0.016025383791947
SD	46102	79.5	76.1816724844459	16	17975	0.016025383791947
SD	46102	80.8	77.2871077877066	17	18176	0.016025383791947
SD	46103	0	0.656050016165895	0	3	0.128608876414528
SD	46103	0.4	1.1043266080997	1	20629	0.128608876414528
SD	46103	2.8	1.84868372337801	2	50466	0.128608876414528
SD	46103	14.3	3.06675408438142	3	60582	0.128608876414528
SD	46103	25.6	5.01314185868981	4	65500	0.128608876414528
SD	46103	29.6	8.00808636332964	5	67226	0.128608876414528
SD	46103	32.7	12.3588650287194	6	68141	0.128608876414528
SD	46103	34.3	18.1787002065497	7	68694	0.128608876414528
SD	46103	36.9	25.1603573287657	8	69293	0.128608876414528
SD	46103	40.1	32.519980560655	9	69912	0.128608876414528
SD	46103	50.2	39.2926468589644	10	16951	0.128608876414528
SD	46103	52.7	44.7892272699874	11	16269	0.128608876414528
SD	46103	54.5	48.8129290474923	12	16568	0.128608876414528
SD	46103	56.1	51.541391422893	13	17274	0.128608876414528
SD	46103	56.9	53.2968653488125	14	17539	0.128608876414528
SD	46103	57.4	54.3884426180285	15	17725	0.128608876414528
SD	46103	58.4	55.0528620630066	16	17975	0.128608876414528
SD	46103	59.1	55.4520365976697	17	18176	0.128608876414528
SD	46105	0	1.82534168886472	0	3	0.00323853597826959
SD	46105	0	3.13753925123557	1	20629	0.00323853597826959
SD	46105	1.2	5.25287000311171	2	50466	0.00323853597826959
SD	46105	7.3	8.44068824436602	3	60582	0.00323853597826959
SD	46105	17.1	12.7880806273272	4	65500	0.00323853597826959
SD	46105	19.2	17.9739418153355	5	67226	0.00323853597826959
SD	46105	20	23.257163654233	6	68141	0.00323853597826959
SD	46105	20.9	27.8414778545535	7	68694	0.00323853597826959
SD	46105	22.1	31.2972972479952	8	69293	0.00323853597826959
SD	46105	23.4	33.6360847664269	9	69912	0.00323853597826959
SD	46105	29.7	35.1056452620757	10	16951	0.00323853597826959
SD	46105	30.6	35.9863834136731	11	16269	0.00323853597826959
SD	46105	31.2	36.4993409898835	12	16568	0.00323853597826959
SD	46105	31.9	36.7931306892993	13	17274	0.00323853597826959
SD	46105	32	36.9597815316587	14	17539	0.00323853597826959
SD	46105	32.1	37.0537971628192	15	17725	0.00323853597826959
SD	46105	32.1	37.1066720254647	16	17975	0.00323853597826959
SD	46105	32.1	37.1363573916883	17	18176	0.00323853597826959
SD	46107	0	2.37644191056103	0	3	0.00243370609466472
SD	46107	0	4.18407920880815	1	20629	0.00243370609466472
SD	46107	1.8	7.16279651379076	2	50466	0.00243370609466472
SD	46107	13.8	11.7272392038083	3	60582	0.00243370609466472
SD	46107	30.7	17.9973738507256	4	65500	0.00243370609466472
SD	46107	37.4	25.4311545398798	5	67226	0.00243370609466472
SD	46107	39.9	32.8491668419218	6	68141	0.00243370609466472
SD	46107	41.4	39.0815788659483	7	68694	0.00243370609466472
SD	46107	43.2	43.6045775931191	8	69293	0.00243370609466472
SD	46107	45.7	46.5499207059046	9	69912	0.00243370609466472
SD	46107	53.7	48.3348745499571	10	16951	0.00243370609466472
SD	46107	56.5	49.369855813507	11	16269	0.00243370609466472
SD	46107	58.5	49.9546600142175	12	16568	0.00243370609466472
SD	46107	59.5	50.2802783723547	13	17274	0.00243370609466472
SD	46107	60.3	50.460100681921	14	17539	0.00243370609466472
SD	46107	60.8	50.5589574919242	15	17725	0.00243370609466472
SD	46107	61	50.6131681383901	16	17975	0.00243370609466472
SD	46107	61.2	50.6428552019829	17	18176	0.00243370609466472
SD	46109	0	2.06597494598216	0	3	0.0117491598457711
SD	46109	0.5	3.29271976356399	1	20629	0.0117491598457711
SD	46109	6.1	5.187989753814	2	50466	0.0117491598457711
SD	46109	22.6	8.03252375304123	3	60582	0.0117491598457711
SD	46109	32.9	12.1214515843038	4	65500	0.0117491598457711
SD	46109	37.5	17.6487733588141	5	67226	0.0117491598457711
SD	46109	39.9	24.5307619798921	6	68141	0.0117491598457711
SD	46109	41.7	32.2733527136539	7	68694	0.0117491598457711
SD	46109	44.9	40.0506261880692	8	69293	0.0117491598457711
SD	46109	49.3	47.0221659903135	9	69912	0.0117491598457711
SD	46109	60.9	52.6619014250174	10	16951	0.0117491598457711
SD	46109	63.2	56.8574241381379	11	16269	0.0117491598457711
SD	46109	66.6	59.7879531215912	12	16568	0.0117491598457711
SD	46109	69.5	61.7459412332862	13	17274	0.0117491598457711
SD	46109	72.1	63.0156006568783	14	17539	0.0117491598457711
SD	46109	73.7	63.8230196630451	15	17725	0.0117491598457711
SD	46109	74.9	64.330136648136	16	17975	0.0117491598457711
SD	46109	75.8	64.6461579242074	17	18176	0.0117491598457711
SD	46111	0	1.72006930685112	0	3	0.00264960849321603
SD	46111	0	3.34878374980218	1	20629	0.00264960849321603
SD	46111	0	6.30053443374458	2	50466	0.00264960849321603
SD	46111	10	11.1733356743633	3	60582	0.00264960849321603
SD	46111	28.9	18.0989413957945	4	65500	0.00264960849321603
SD	46111	32.5	26.1045515007167	5	67226	0.00264960849321603
SD	46111	34	33.4180601510238	6	68141	0.00264960849321603
SD	46111	35.5	38.7957676243254	7	68694	0.00264960849321603
SD	46111	37.1	42.1518772708492	8	69293	0.00264960849321603
SD	46111	38.7	44.0366969615308	9	69912	0.00264960849321603
SD	46111	48.9	45.0329896680038	10	16951	0.00264960849321603
SD	46111	50.5	45.5427840817738	11	16269	0.00264960849321603
SD	46111	52.6	45.7993071834584	12	16568	0.00264960849321603
SD	46111	54	45.92729867212	13	17274	0.00264960849321603
SD	46111	54.9	45.9908899096787	14	17539	0.00264960849321603
SD	46111	55.1	46.0224181033969	15	17725	0.00264960849321603
SD	46111	55.5	46.03803329515	16	17975	0.00264960849321603
SD	46111	55.9	46.0457631412119	17	18176	0.00264960849321603
SD	46115	0	1.47106620149506	0	3	0.0072072968228436
SD	46115	0	2.59355195973749	1	20629	0.0072072968228436
SD	46115	1.2	4.49560240059238	2	50466	0.0072072968228436
SD	46115	12.1	7.5765472719466	3	60582	0.0072072968228436
SD	46115	26.5	12.220202176083	4	65500	0.0072072968228436
SD	46115	30.2	18.5109619638337	5	67226	0.0072072968228436
SD	46115	31.7	25.9052892689819	6	68141	0.0072072968228436
SD	46115	32.8	33.2754973802798	7	68694	0.0072072968228436
SD	46115	34.1	39.507989669958	8	69293	0.0072072968228436
SD	46115	36	44.0865485978964	9	69912	0.0072072968228436
SD	46115	46.8	47.1140162936424	10	16951	0.0072072968228436
SD	46115	49	48.9789723333683	11	16269	0.0072072968228436
SD	46115	50.1	50.0781095432576	12	16568	0.0072072968228436
SD	46115	51.1	50.7090865636724	13	17274	0.0072072968228436
SD	46115	51.6	51.0658511228701	14	17539	0.0072072968228436
SD	46115	51.9	51.2658416951823	15	17725	0.0072072968228436
SD	46115	52.3	51.377408927601	16	17975	0.0072072968228436
SD	46115	52.8	51.4394802006404	17	18176	0.0072072968228436
SD	46117	0	1.81632958294964	0	3	0.00350191429692119
SD	46117	0	3.99528662611464	1	20629	0.00350191429692119
SD	46117	9.7	8.34826807984126	2	50466	0.00350191429692119
SD	46117	23.5	15.857976117618	3	60582	0.00350191429692119
SD	46117	40.1	26.0388433203477	4	65500	0.00350191429692119
SD	46117	44.6	36.1171285776163	5	67226	0.00350191429692119
SD	46117	47.1	43.4219721580666	6	68141	0.00350191429692119
SD	46117	48	47.6070695916617	7	68694	0.00350191429692119
SD	46117	50.1	49.6886322540257	8	69293	0.00350191429692119
SD	46117	51.5	50.6512291262971	9	69912	0.00350191429692119
SD	46117	52.7	51.0813456742922	10	16951	0.00350191429692119
SD	46117	54.4	51.2705803912028	11	16269	0.00350191429692119
SD	46117	56.4	51.3532684875424	12	16568	0.00350191429692119
SD	46117	57.7	51.3892918137442	13	17274	0.00350191429692119
SD	46117	58.5	51.4049649968081	14	17539	0.00350191429692119
SD	46117	58.7	51.4117802757273	15	17725	0.00350191429692119
SD	46117	59.4	51.4147430779008	16	17975	0.00350191429692119
SD	46117	60.1	51.4160309566533	17	18176	0.00350191429692119
SD	46119	0	1.80491491981978	0	3	0.00157235725855951
SD	46119	0	3.10425171464781	1	20629	0.00157235725855951
SD	46119	0.8	5.22525143785936	2	50466	0.00157235725855951
SD	46119	8.6	8.49991492463142	3	60582	0.00157235725855951
SD	46119	21.7	13.1449142882862	4	65500	0.00157235725855951
SD	46119	25.4	18.9992174738356	5	67226	0.00157235725855951
SD	46119	26.3	25.3702655206737	6	68141	0.00157235725855951
SD	46119	27.2	31.2857472125564	7	68694	0.00157235725855951
SD	46119	29.2	36.0215789531647	8	69293	0.00157235725855951
SD	46119	31.4	39.3830340926619	9	69912	0.00157235725855951
SD	46119	39.6	41.570377432389	10	16951	0.00157235725855951
SD	46119	41.8	42.9143127432378	11	16269	0.00157235725855951
SD	46119	42.8	43.7111227419999	12	16568	0.00157235725855951
SD	46119	43.3	44.173592943028	13	17274	0.00157235725855951
SD	46119	44.1	44.4387001635092	14	17539	0.00157235725855951
SD	46119	44.4	44.5895902576006	15	17725	0.00157235725855951
SD	46119	44.6	44.675123228577	16	17975	0.00157235725855951
SD	46119	45	44.7234963642482	17	18176	0.00157235725855951
SD	46121	0	1.11473749077898	0	3	0.0115038675919196
SD	46121	1.1	1.70291015534476	1	20629	0.0115038675919196
SD	46121	16.1	2.59017279442799	2	50466	0.0115038675919196
SD	46121	22.3	3.9141898220714	3	60582	0.0115038675919196
SD	46121	26.6	5.85834552489495	4	65500	0.0115038675919196
SD	46121	28.6	8.64653697550261	5	67226	0.0115038675919196
SD	46121	32.1	12.5128250359395	6	68141	0.0115038675919196
SD	46121	35.2	17.6310838678516	7	68694	0.0115038675919196
SD	46121	40.8	24.0060684856901	8	69293	0.0115038675919196
SD	46121	45.1	31.3699143770283	9	69912	0.0115038675919196
SD	46121	48.1	39.1706521814567	10	16951	0.0115038675919196
SD	46121	50.9	46.7118564156186	11	16269	0.0115038675919196
SD	46121	58.3	53.3842959620091	12	16568	0.0115038675919196
SD	46121	63.4	58.8409777613148	13	17274	0.0115038675919196
SD	46121	66.3	63.0231967106034	14	17539	0.0115038675919196
SD	46121	69.2	66.0720453461698	15	17725	0.0115038675919196
SD	46121	70.5	68.2144578555924	16	17975	0.0115038675919196
SD	46121	72.1	69.6813325606208	17	18176	0.0115038675919196
SD	46123	0	1.34804010802874	0	3	0.00615039241108721
SD	46123	0	2.22348404447149	1	20629	0.00615039241108721
SD	46123	2.8	3.61912121724709	2	50466	0.00615039241108721
SD	46123	12.9	5.76954417371958	3	60582	0.00615039241108721
SD	46123	21.9	8.91502673659905	4	65500	0.00615039241108721
SD	46123	24.8	13.1827415554607	5	67226	0.00615039241108721
SD	46123	26.4	18.4183529765725	6	68141	0.00615039241108721
SD	46123	27.3	24.1025399272058	7	68694	0.00615039241108721
SD	46123	28.7	29.5105690155844	8	69293	0.00615039241108721
SD	46123	30.7	34.0468147093474	9	69912	0.00615039241108721
SD	46123	39.8	37.466671948324	10	16951	0.00615039241108721
SD	46123	42.1	39.8431221981081	11	16269	0.00615039241108721
SD	46123	43.1	41.4025100784479	12	16568	0.00615039241108721
SD	46123	43.9	42.3876176873099	13	17274	0.00615039241108721
SD	46123	44.2	42.9950804226598	14	17539	0.00615039241108721
SD	46123	44.6	43.3641046593006	15	17725	0.00615039241108721
SD	46123	44.8	43.5862460389251	16	17975	0.00615039241108721
SD	46123	45.2	43.7192349740183	17	18176	0.00615039241108721
SD	46125	0	1.24377870575073	0	3	0.00947709795525734
SD	46125	0	2.09553311624806	1	20629	0.00947709795525734
SD	46125	1.5	3.49005945061303	2	50466	0.00947709795525734
SD	46125	11.5	5.7054034478956	3	60582	0.00947709795525734
SD	46125	25.3	9.06145848110904	4	65500	0.00947709795525734
SD	46125	29.1	13.7966737833238	5	67226	0.00947709795525734
SD	46125	30.8	19.8486100583943	6	68141	0.00947709795525734
SD	46125	31.7	26.676181125056	7	68694	0.00947709795525734
SD	46125	33.8	33.3746485889862	8	69293	0.00947709795525734
SD	46125	35.6	39.1038475874738	9	69912	0.00947709795525734
SD	46125	47.3	43.4565065124651	10	16951	0.00947709795525734
SD	46125	49.1	46.4749027911275	11	16269	0.00947709795525734
SD	46125	50.9	48.4379456573372	12	16568	0.00947709795525734
SD	46125	51.9	49.6618769647279	13	17274	0.00947709795525734
SD	46125	52.8	50.4050118873643	14	17539	0.00947709795525734
SD	46125	53.2	50.8489775551899	15	17725	0.00947709795525734
SD	46125	53.9	51.1116522321781	16	17975	0.00947709795525734
SD	46125	54.2	51.2661739437256	17	18176	0.00947709795525734
SD	46127	0	1.08278785116296	0	3	0.018009199024709
SD	46127	2.8	2.15553027047065	1	20629	0.018009199024709
SD	46127	6.6	4.20055042294157	2	50466	0.018009199024709
SD	46127	16.9	7.86931281168711	3	60582	0.018009199024709
SD	46127	31.6	13.7862949556368	4	65500	0.018009199024709
SD	46127	36.6	21.8653094561069	5	67226	0.018009199024709
SD	46127	38.7	30.7084929084081	6	68141	0.018009199024709
SD	46127	39.8	38.3254077548856	7	68694	0.018009199024709
SD	46127	41.8	43.6452240394544	8	69293	0.018009199024709
SD	46127	43.6	46.8402024184013	9	69912	0.018009199024709
SD	46127	45.2	48.5880350465481	10	16951	0.018009199024709
SD	46127	46.9	49.4956197246132	11	16269	0.018009199024709
SD	46127	49	49.954150731841	12	16568	0.018009199024709
SD	46127	50.3	50.1826024521655	13	17274	0.018009199024709
SD	46127	50.8	50.2956321153646	14	17539	0.018009199024709
SD	46127	51.1	50.3513622109604	15	17725	0.018009199024709
SD	46127	51.8	50.3787935236045	16	17975	0.018009199024709
SD	46127	52.4	50.3922843552105	17	18176	0.018009199024709
SD	46129	0	1.25556941750455	0	3	0.00614361013678717
SD	46129	0	2.05464536035321	1	20629	0.00614361013678717
SD	46129	1.3	3.32537844913987	2	50466	0.00614361013678717
SD	46129	14.2	5.28971339283428	3	60582	0.00614361013678717
SD	46129	21.6	8.19707765420498	4	65500	0.00614361013678717
SD	46129	24.7	12.2347120592323	5	67226	0.00614361013678717
SD	46129	26.7	17.3728363477242	6	68141	0.00614361013678717
SD	46129	27.9	23.2306968243593	7	68694	0.00614361013678717
SD	46129	29.4	29.1278542469412	8	69293	0.00614361013678717
SD	46129	31.2	34.3659690508584	9	69912	0.00614361013678717
SD	46129	42.5	38.5258906023676	10	16951	0.00614361013678717
SD	46129	44.3	41.545467771081	11	16269	0.00614361013678717
SD	46129	44.9	43.5971865999878	12	16568	0.00614361013678717
SD	46129	45.7	44.9294535716669	13	17274	0.00614361013678717
SD	46129	47.5	45.7692470519032	14	17539	0.00614361013678717
SD	46129	48.7	46.2887436272433	15	17725	0.00614361013678717
SD	46129	49.3	46.6063726350206	16	17975	0.00614361013678717
SD	46129	49.8	46.7991912889529	17	18176	0.00614361013678717
SD	46135	0	0.994025543082287	0	3	0.025788467646856
SD	46135	4.8	2.0514634663837	1	20629	0.025788467646856
SD	46135	12.9	4.14977100804456	2	50466	0.025788467646856
SD	46135	23.7	8.07624124437278	3	60582	0.025788467646856
SD	46135	41.8	14.6772564247726	4	65500	0.025788467646856
SD	46135	46.9	24.0019878529715	5	67226	0.025788467646856
SD	46135	50.4	34.3858490694078	6	68141	0.025788467646856
SD	46135	51.8	43.2872750086754	7	68694	0.025788467646856
SD	46135	53.5	49.3609414406238	8	69293	0.025788467646856
SD	46135	55.6	52.8881987119018	9	69912	0.025788467646856
SD	46135	57.4	54.7477477381696	10	16951	0.025788467646856
SD	46135	58.9	55.6782601817036	11	16269	0.025788467646856
SD	46135	61.2	56.1317338322511	12	16568	0.025788467646856
SD	46135	62.3	56.3498797381446	13	17274	0.025788467646856
SD	46135	63.3	56.4541648397615	14	17539	0.025788467646856
SD	46135	63.8	56.503869274113	15	17725	0.025788467646856
SD	46135	64.8	56.5275255728587	16	17975	0.025788467646856
SD	46135	65.4	56.5387768724458	17	18176	0.025788467646856
SD	46137	0	1.56774853752165	0	3	0.00311532466181885
SD	46137	0	2.35846502638859	1	20629	0.00311532466181885
SD	46137	8.4	3.51668275954513	2	50466	0.00311532466181885
SD	46137	9.2	5.17677762304698	3	60582	0.00311532466181885
SD	46137	15.9	7.48366719657691	4	65500	0.00311532466181885
SD	46137	17.2	10.555112540991	5	67226	0.00311532466181885
SD	46137	18.3	14.4196275138405	6	68141	0.00311532466181885
SD	46137	19.2	18.9502749581166	7	68694	0.00311532466181885
SD	46137	21.3	23.8419929028016	8	69293	0.00311532466181885
SD	46137	24.3	28.6755958088387	9	69912	0.00311532466181885
SD	46137	25.1	33.0510867086819	10	16951	0.00311532466181885
SD	46137	25.5	36.7086829686299	11	16269	0.00311532466181885
SD	46137	29.1	39.5680314791667	12	16568	0.00311532466181885
SD	46137	30.8	41.6884761070858	13	17274	0.00311532466181885
SD	46137	32.2	43.2002302944765	14	17539	0.00311532466181885
SD	46137	33.3	44.2480138257068	15	17725	0.00311532466181885
SD	46137	34.4	44.96008808408	16	17975	0.00311532466181885
SD	46137	35.1	45.4375725569668	17	18176	0.00311532466181885
