1710	6
47001	0	1223	0	1454	0.0112719342046344
47001	2089	2185	1	182713	0.0112719342046344
47001	4521	3831	2	473978	0.0112719342046344
47001	12059	6501	3	1017927	0.0112719342046344
47001	22223	10492	4	1775889	0.0112719342046344
47001	28687	15779	5	2270855	0.0112719342046344
47001	31180	21762	6	2511316	0.0112719342046344
47001	32896	27440	7	2672338	0.0112719342046344
47001	34498	31996	8	2864530	0.0112719342046344
47001	36775	35183	9	3108523	0.0112719342046344
47001	38236	37205	10	3254928	0.0112719342046344
47001	39746	38410	11	3387103	0.0112719342046344
47001	41101	39101	12	3510846	0.0112719342046344
47001	42079	39488	13	3604972	0.0112719342046344
47001	42608	39703	14	3661353	0.0112719342046344
47001	42852	39821	15	3690863	0.0112719342046344
47001	43105	39886	16	3721667	0.0112719342046344
47001	43320	39922	17	3742228	0.0112719342046344
47003	0	1742	0	1454	0.00727950408058134
47003	944	2629	1	182713	0.00727950408058134
47003	2159	3875	2	473978	0.00727950408058134
47003	5195	5534	3	1017927	0.00727950408058134
47003	8561	7588	4	1775889	0.00727950408058134
47003	11215	9914	5	2270855	0.00727950408058134
47003	12371	12296	6	2511316	0.00727950408058134
47003	13532	14499	7	2672338	0.00727950408058134
47003	14869	16351	8	2864530	0.00727950408058134
47003	17079	17787	9	3108523	0.00727950408058134
47003	18298	18833	10	3254928	0.00727950408058134
47003	19294	19560	11	3387103	0.00727950408058134
47003	19866	20049	12	3510846	0.00727950408058134
47003	20621	20372	13	3604972	0.00727950408058134
47003	21061	20581	14	3661353	0.00727950408058134
47003	21247	20715	15	3690863	0.00727950408058134
47003	21442	20801	16	3721667	0.00727950408058134
47003	21585	20856	17	3742228	0.00727950408058134
47005	0	467	0	1454	0.00236631838638172
47005	619	762	1	182713	0.00236631838638172
47005	1591	1208	2	473978	0.00236631838638172
47005	2668	1838	3	1017927	0.00236631838638172
47005	3868	2645	4	1775889	0.00236631838638172
47005	4649	3560	5	2270855	0.00236631838638172
47005	5029	4463	6	2511316	0.00236631838638172
47005	5260	5242	7	2672338	0.00236631838638172
47005	5540	5838	8	2864530	0.00236631838638172
47005	6106	6255	9	3108523	0.00236631838638172
47005	6420	6527	10	3254928	0.00236631838638172
47005	6654	6698	11	3387103	0.00236631838638172
47005	6833	6803	12	3510846	0.00236631838638172
47005	6992	6865	13	3604972	0.00236631838638172
47005	7088	6902	14	3661353	0.00236631838638172
47005	7147	6924	15	3690863	0.00236631838638172
47005	7179	6937	16	3721667	0.00236631838638172
47005	7223	6945	17	3742228	0.00236631838638172
47007	0	587	0	1454	0.00220583045621623
47007	324	871	1	182713	0.00220583045621623
47007	731	1257	2	473978	0.00220583045621623
47007	1485	1753	3	1017927	0.00220583045621623
47007	2261	2339	4	1775889	0.00220583045621623
47007	3238	2972	5	2270855	0.00220583045621623
47007	3519	3591	6	2511316	0.00220583045621623
47007	3735	4139	7	2672338	0.00220583045621623
47007	3963	4584	8	2864530	0.00220583045621623
47007	4407	4920	9	3108523	0.00220583045621623
47007	4736	5161	10	3254928	0.00220583045621623
47007	4934	5328	11	3387103	0.00220583045621623
47007	5129	5439	12	3510846	0.00220583045621623
47007	5368	5513	13	3604972	0.00220583045621623
47007	5498	5560	14	3661353	0.00220583045621623
47007	5542	5591	15	3690863	0.00220583045621623
47007	5573	5611	16	3721667	0.00220583045621623
47007	5596	5624	17	3742228	0.00220583045621623
47009	0	1622	0	1454	0.0194881547900229
47009	3822	3055	1	182713	0.0194881547900229
47009	9238	5645	2	473978	0.0194881547900229
47009	21132	10083	3	1017927	0.0194881547900229
47009	36157	17038	4	1775889	0.0194881547900229
47009	46136	26541	5	2270855	0.0194881547900229
47009	49937	37359	6	2511316	0.0194881547900229
47009	53145	47387	7	2672338	0.0194881547900229
47009	56065	55059	8	2864530	0.0194881547900229
47009	60124	60111	9	3108523	0.0194881547900229
47009	62459	63119	10	3254928	0.0194881547900229
47009	64536	64802	11	3387103	0.0194881547900229
47009	66506	65711	12	3510846	0.0194881547900229
47009	67912	66194	13	3604972	0.0194881547900229
47009	68815	66447	14	3661353	0.0194881547900229
47009	69279	66579	15	3690863	0.0194881547900229
47009	69711	66648	16	3721667	0.0194881547900229
47009	69983	66684	17	3742228	0.0194881547900229
47011	0	2018	0	1454	0.0158306114326564
47011	1449	3318	1	182713	0.0158306114326564
47011	5430	5356	2	473978	0.0158306114326564
47011	11009	8400	3	1017927	0.0158306114326564
47011	19557	12641	4	1775889	0.0158306114326564
47011	26607	18008	5	2270855	0.0158306114326564
47011	29690	24032	6	2511316	0.0158306114326564
47011	31776	29945	7	2672338	0.0158306114326564
47011	34221	35033	8	2864530	0.0158306114326564
47011	37651	38939	9	3108523	0.0158306114326564
47011	39787	41683	10	3254928	0.0158306114326564
47011	41675	43491	11	3387103	0.0158306114326564
47011	42894	44635	12	3510846	0.0158306114326564
47011	43918	45338	13	3604972	0.0158306114326564
47011	44646	45764	14	3661353	0.0158306114326564
47011	45011	46019	15	3690863	0.0158306114326564
47011	45321	46171	16	3721667	0.0158306114326564
47011	45543	46261	17	3742228	0.0158306114326564
47013	0	895	0	1454	0.00583408769493939
47013	624	1462	1	182713	0.00583408769493939
47013	2344	2335	2	473978	0.00583408769493939
47013	5312	3607	3	1017927	0.00583408769493939
47013	9027	5316	4	1775889	0.00583408769493939
47013	11062	7382	5	2270855	0.00583408769493939
47013	12003	9578	6	2511316	0.00583408769493939
47013	12773	11620	7	2672338	0.00583408769493939
47013	13448	13292	8	2864530	0.00583408769493939
47013	14602	14526	9	3108523	0.00583408769493939
47013	15462	15368	10	3254928	0.00583408769493939
47013	16174	15913	11	3387103	0.00583408769493939
47013	16589	16253	12	3510846	0.00583408769493939
47013	16886	16461	13	3604972	0.00583408769493939
47013	17107	16586	14	3661353	0.00583408769493939
47013	17330	16660	15	3690863	0.00583408769493939
47013	17527	16705	16	3721667	0.00583408769493939
47013	17630	16731	17	3742228	0.00583408769493939
47015	0	121	0	1454	0.00214930824723459
47015	194	204	1	182713	0.00214930824723459
47015	627	340	2	473978	0.00214930824723459
47015	1350	558	3	1017927	0.00214930824723459
47015	2105	892	4	1775889	0.00214930824723459
47015	2763	1373	5	2270855	0.00214930824723459
47015	3029	2004	6	2511316	0.00214930824723459
47015	3225	2737	7	2672338	0.00214930824723459
47015	3484	3481	8	2864530	0.00214930824723459
47015	3913	4139	9	3108523	0.00214930824723459
47015	4167	4652	10	3254928	0.00214930824723459
47015	4352	5014	11	3387103	0.00214930824723459
47015	4450	5254	12	3510846	0.00214930824723459
47015	4605	5404	13	3604972	0.00214930824723459
47015	4679	5496	14	3661353	0.00214930824723459
47015	4713	5551	15	3690863	0.00214930824723459
47015	4744	5584	16	3721667	0.00214930824723459
47015	4771	5604	17	3742228	0.00214930824723459
47017	0	832	0	1454	0.00406593828184785
47017	1872	1307	1	182713	0.00406593828184785
47017	3130	2008	2	473978	0.00406593828184785
47017	4683	2986	3	1017927	0.00406593828184785
47017	6847	4250	4	1775889	0.00406593828184785
47017	8103	5732	5	2270855	0.00406593828184785
47017	8777	7284	6	2511316	0.00406593828184785
47017	9291	8726	7	2672338	0.00406593828184785
47017	9979	9927	8	2864530	0.00406593828184785
47017	11241	10838	9	3108523	0.00406593828184785
47017	11893	11482	10	3254928	0.00406593828184785
47017	12401	11914	11	3387103	0.00406593828184785
47017	12753	12195	12	3510846	0.00406593828184785
47017	13099	12372	13	3604972	0.00406593828184785
47017	13316	12484	14	3661353	0.00406593828184785
47017	13427	12552	15	3690863	0.00406593828184785
47017	13523	12595	16	3721667	0.00406593828184785
47017	13565	12621	17	3742228	0.00406593828184785
47019	0	1179	0	1454	0.0082573675820824
47019	1405	1949	1	182713	0.0082573675820824
47019	4821	3149	2	473978	0.0082573675820824
47019	8361	4916	3	1017927	0.0082573675820824
47019	12383	7314	4	1775889	0.0082573675820824
47019	15229	10226	5	2270855	0.0082573675820824
47019	16507	13324	6	2511316	0.0082573675820824
47019	17183	16189	7	2672338	0.0082573675820824
47019	18240	18513	8	2864530	0.0082573675820824
47019	19721	20206	9	3108523	0.0082573675820824
47019	20421	21347	10	3254928	0.0082573675820824
47019	21120	22075	11	3387103	0.0082573675820824
47019	21750	22523	12	3510846	0.0082573675820824
47019	22229	22793	13	3604972	0.0082573675820824
47019	22533	22954	14	3661353	0.0082573675820824
47019	22698	23049	15	3690863	0.0082573675820824
47019	22858	23105	16	3721667	0.0082573675820824
47019	22953	23138	17	3742228	0.0082573675820824
47021	0	520	0	1454	0.00595489293434316
47021	1056	857	1	182713	0.00595489293434316
47021	2457	1396	2	473978	0.00595489293434316
47021	5446	2240	3	1017927	0.00595489293434316
47021	9377	3508	4	1775889	0.00595489293434316
47021	12493	5298	5	2270855	0.00595489293434316
47021	13702	7625	6	2511316	0.00595489293434316
47021	14537	10339	7	2672338	0.00595489293434316
47021	15618	13132	8	2864530	0.00595489293434316
47021	17367	15660	9	3108523	0.00595489293434316
47021	18210	17697	10	3254928	0.00595489293434316
47021	18994	19188	11	3387103	0.00595489293434316
47021	19653	20205	12	3510846	0.00595489293434316
47021	23206	20867	13	3604972	0.00595489293434316
47021	23653	21283	14	3661353	0.00595489293434316
47021	23815	21540	15	3690863	0.00595489293434316
47021	23990	21696	16	3721667	0.00595489293434316
47021	24085	21791	17	3742228	0.00595489293434316
47023	0	332	0	1454	0.0025328099708691
47023	448	535	1	182713	0.0025328099708691
47023	1193	845	2	473978	0.0025328099708691
47023	2089	1299	3	1017927	0.0025328099708691
47023	3283	1918	4	1775889	0.0025328099708691
47023	3920	2688	5	2270855	0.0025328099708691
47023	4170	3546	6	2511316	0.0025328099708691
47023	4411	4387	7	2672338	0.0025328099708691
47023	4732	5118	8	2864530	0.0025328099708691
47023	5289	5688	9	3108523	0.0025328099708691
47023	5544	6096	10	3254928	0.0025328099708691
47023	5692	6372	11	3387103	0.0025328099708691
47023	5875	6550	12	3510846	0.0025328099708691
47023	6032	6661	13	3604972	0.0025328099708691
47023	6121	6731	14	3661353	0.0025328099708691
47023	6182	6773	15	3690863	0.0025328099708691
47023	6223	6799	16	3721667	0.0025328099708691
47023	6246	6814	17	3742228	0.0025328099708691
47025	0	988	0	1454	0.00467977532861222
47025	596	1651	1	182713	0.00467977532861222
47025	2175	2665	2	473978	0.00467977532861222
47025	5010	4084	3	1017927	0.00467977532861222
47025	8154	5849	4	1775889	0.00467977532861222
47025	9550	7744	5	2270855	0.00467977532861222
47025	10234	9484	6	2511316	0.00467977532861222
47025	10803	10866	7	2672338	0.00467977532861222
47025	11265	11843	8	2864530	0.00467977532861222
47025	12205	12479	9	3108523	0.00467977532861222
47025	12800	12870	10	3254928	0.00467977532861222
47025	13213	13102	11	3387103	0.00467977532861222
47025	13459	13238	12	3510846	0.00467977532861222
47025	13680	13316	13	3604972	0.00467977532861222
47025	13843	13360	14	3661353	0.00467977532861222
47025	14237	13386	15	3690863	0.00467977532861222
47025	14807	13400	16	3721667	0.00467977532861222
47025	14911	13408	17	3742228	0.00467977532861222
47027	0	185	0	1454	0.0011150689673451
47027	226	304	1	182713	0.0011150689673451
47027	498	484	2	473978	0.0011150689673451
47027	875	738	3	1017927	0.0011150689673451
47027	1327	1063	4	1775889	0.0011150689673451
47027	1491	1428	5	2270855	0.0011150689673451
47027	1587	1784	6	2511316	0.0011150689673451
47027	1675	2087	7	2672338	0.0011150689673451
47027	1748	2315	8	2864530	0.0011150689673451
47027	1901	2472	9	3108523	0.0011150689673451
47027	2012	2573	10	3254928	0.0011150689673451
47027	2069	2636	11	3387103	0.0011150689673451
47027	2124	2674	12	3510846	0.0011150689673451
47027	2165	2696	13	3604972	0.0011150689673451
47027	2181	2710	14	3661353	0.0011150689673451
47027	2220	2718	15	3690863	0.0011150689673451
47027	2281	2722	16	3721667	0.0011150689673451
47027	2297	2725	17	3742228	0.0011150689673451
47029	0	1128	0	1454	0.00527208707817373
47029	537	1945	1	182713	0.00527208707817373
47029	1866	3224	2	473978	0.00527208707817373
47029	5506	5040	3	1017927	0.00527208707817373
47029	10153	7291	4	1775889	0.00527208707817373
47029	11931	9653	5	2270855	0.00527208707817373
47029	12892	11737	6	2511316	0.00527208707817373
47029	13623	13311	7	2672338	0.00527208707817373
47029	14639	14367	8	2864530	0.00527208707817373
47029	15698	15020	9	3108523	0.00527208707817373
47029	16298	15403	10	3254928	0.00527208707817373
47029	16686	15622	11	3387103	0.00527208707817373
47029	17027	15744	12	3510846	0.00527208707817373
47029	17531	15812	13	3604972	0.00527208707817373
47029	17707	15850	14	3661353	0.00527208707817373
47029	17833	15870	15	3690863	0.00527208707817373
47029	17924	15881	16	3721667	0.00527208707817373
47029	18029	15888	17	3742228	0.00527208707817373
47031	0	653	0	1454	0.00827625712860735
47031	748	1149	1	182713	0.00827625712860735
47031	3534	1992	2	473978	0.00827625712860735
47031	7097	3368	3	1017927	0.00827625712860735
47031	11933	5477	4	1775889	0.00827625712860735
47031	15572	8413	5	2270855	0.00827625712860735
47031	17060	11995	6	2511316	0.00827625712860735
47031	18148	15728	7	2672338	0.00827625712860735
47031	19458	19027	8	2864530	0.00827625712860735
47031	21703	21546	9	3108523	0.00827625712860735
47031	22985	23263	10	3254928	0.00827625712860735
47031	24043	24343	11	3387103	0.00827625712860735
47031	24797	24991	12	3510846	0.00827625712860735
47031	25429	25366	13	3604972	0.00827625712860735
47031	25820	25581	14	3661353	0.00827625712860735
47031	26006	25702	15	3690863	0.00827625712860735
47031	26210	25770	16	3721667	0.00827625712860735
47031	26341	25808	17	3742228	0.00827625712860735
47033	0	428	0	1454	0.00208370734147351
47033	616	629	1	182713	0.00208370734147351
47033	1412	911	2	473978	0.00208370734147351
47033	2293	1290	3	1017927	0.00208370734147351
47033	3399	1777	4	1775889	0.00208370734147351
47033	3955	2363	5	2270855	0.00208370734147351
47033	4259	3017	6	2511316	0.00208370734147351
47033	4475	3688	7	2672338	0.00208370734147351
47033	4922	4319	8	2864530	0.00208370734147351
47033	5715	4868	9	3108523	0.00208370734147351
47033	6054	5311	10	3254928	0.00208370734147351
47033	6318	5649	11	3387103	0.00208370734147351
47033	6537	5895	12	3510846	0.00208370734147351
47033	6705	6070	13	3604972	0.00208370734147351
47033	6804	6190	14	3661353	0.00208370734147351
47033	6882	6272	15	3690863	0.00208370734147351
47033	6941	6326	16	3721667	0.00208370734147351
47033	6966	6363	17	3742228	0.00208370734147351
47035	0	1787	0	1454	0.00886197950147412
47035	3013	3100	1	182713	0.00886197950147412
47035	6247	5175	2	473978	0.00886197950147412
47035	11173	8156	3	1017927	0.00886197950147412
47035	17754	11898	4	1775889	0.00886197950147412
47035	20367	15875	5	2270855	0.00886197950147412
47035	21571	19419	6	2511316	0.00886197950147412
47035	22607	22114	7	2672338	0.00886197950147412
47035	23573	23928	8	2864530	0.00886197950147412
47035	25003	25049	9	3108523	0.00886197950147412
47035	26001	25707	10	3254928	0.00886197950147412
47035	26684	26081	11	3387103	0.00886197950147412
47035	27258	26290	12	3510846	0.00886197950147412
47035	27745	26405	13	3604972	0.00886197950147412
47035	28060	26468	14	3661353	0.00886197950147412
47035	28190	26503	15	3690863	0.00886197950147412
47035	28406	26522	16	3721667	0.00886197950147412
47035	28588	26533	17	3742228	0.00886197950147412
47037	294	4926	0	1454	0.101643917697806
47037	22984	9340	1	182713	0.101643917697806
47037	51903	17553	2	473978	0.101643917697806
47037	115807	32454	3	1017927	0.101643917697806
47037	211242	58299	4	1775889	0.101643917697806
47037	283392	99800	5	2270855	0.101643917697806
47037	317247	158845	6	2511316	0.101643917697806
47037	337200	229858	7	2672338	0.101643917697806
47037	358650	299859	8	2864530	0.101643917697806
47037	382977	356561	9	3108523	0.101643917697806
47037	397347	395626	10	3254928	0.101643917697806
47037	412351	419633	11	3387103	0.101643917697806
47037	428988	433365	12	3510846	0.101643917697806
47037	439124	440899	13	3604972	0.101643917697806
47037	446114	444938	14	3661353	0.101643917697806
47037	449612	447077	15	3690863	0.101643917697806
47037	453349	448202	16	3721667	0.101643917697806
47037	456195	448792	17	3742228	0.101643917697806
47039	0	337	0	1454	0.00170782000868626
47039	397	544	1	182713	0.00170782000868626
47039	981	853	2	473978	0.00170782000868626
47039	1733	1282	3	1017927	0.00170782000868626
47039	2510	1822	4	1775889	0.00170782000868626
47039	2926	2423	5	2270855	0.00170782000868626
47039	3076	3008	6	2511316	0.00170782000868626
47039	3210	3507	7	2672338	0.00170782000868626
47039	3434	3886	8	2864530	0.00170782000868626
47039	3810	4150	9	3108523	0.00170782000868626
47039	4041	4324	10	3254928	0.00170782000868626
47039	4153	4433	11	3387103	0.00170782000868626
47039	4255	4500	12	3510846	0.00170782000868626
47039	4333	4540	13	3604972	0.00170782000868626
47039	4387	4564	14	3661353	0.00170782000868626
47039	4424	4578	15	3690863	0.00170782000868626
47039	4460	4587	16	3721667	0.00170782000868626
47039	4473	4592	17	3742228	0.00170782000868626
47041	0	258	0	1454	0.00300036285500999
47041	387	447	1	182713	0.00300036285500999
47041	1236	761	2	473978	0.00300036285500999
47041	2756	1262	3	1017927	0.00300036285500999
47041	4141	2009	4	1775889	0.00300036285500999
47041	5142	3017	5	2270855	0.00300036285500999
47041	5660	4211	6	2511316	0.00300036285500999
47041	5989	5423	7	2672338	0.00300036285500999
47041	6380	6475	8	2864530	0.00300036285500999
47041	7048	7272	9	3108523	0.00300036285500999
47041	7470	7815	10	3254928	0.00300036285500999
47041	7826	8159	11	3387103	0.00300036285500999
47041	8076	8367	12	3510846	0.00300036285500999
47041	8257	8489	13	3604972	0.00300036285500999
47041	8371	8560	14	3661353	0.00300036285500999
47041	8443	8601	15	3690863	0.00300036285500999
47041	8504	8624	16	3721667	0.00300036285500999
47041	8554	8637	17	3742228	0.00300036285500999
47043	0	449	0	1454	0.00789963764285403
47043	1170	770	1	182713	0.00789963764285403
47043	3249	1306	2	473978	0.00789963764285403
47043	6682	2184	3	1017927	0.00789963764285403
47043	12129	3567	4	1775889	0.00789963764285403
47043	15077	5618	5	2270855	0.00789963764285403
47043	16459	8403	6	2511316	0.00789963764285403
47043	17686	11766	7	2672338	0.00789963764285403
47043	19165	15296	8	2864530	0.00789963764285403
47043	21679	18495	9	3108523	0.00789963764285403
47043	23013	21030	10	3254928	0.00789963764285403
47043	24052	22836	11	3387103	0.00789963764285403
47043	24884	24025	12	3510846	0.00789963764285403
47043	25613	24768	13	3604972	0.00789963764285403
47043	25964	25218	14	3661353	0.00789963764285403
47043	26139	25485	15	3690863	0.00789963764285403
47043	26348	25642	16	3721667	0.00789963764285403
47043	26477	25733	17	3742228	0.00789963764285403
47045	0	1403	0	1454	0.00544121441333901
47045	1109	2081	1	182713	0.00544121441333901
47045	2542	3015	2	473978	0.00544121441333901
47045	4538	4230	3	1017927	0.00544121441333901
47045	6609	5701	4	1775889	0.00544121441333901
47045	8357	7333	5	2270855	0.00544121441333901
47045	9050	8980	6	2511316	0.00544121441333901
47045	9679	10487	7	2672338	0.00544121441333901
47045	10594	11750	8	2864530	0.00544121441333901
47045	12273	12731	9	3108523	0.00544121441333901
47045	13162	13450	10	3254928	0.00544121441333901
47045	13739	13955	11	3387103	0.00544121441333901
47045	14082	14298	12	3510846	0.00544121441333901
47045	14402	14527	13	3604972	0.00544121441333901
47045	14678	14678	14	3661353	0.00544121441333901
47045	14900	14776	15	3690863	0.00544121441333901
47045	15028	14839	16	3721667	0.00544121441333901
47045	15109	14880	17	3742228	0.00544121441333901
47047	0	334	0	1454	0.00602312959078214
47047	1504	581	1	182713	0.00602312959078214
47047	3211	1005	2	473978	0.00602312959078214
47047	6684	1711	3	1017927	0.00602312959078214
47047	11226	2846	4	1775889	0.00602312959078214
47047	14097	4561	5	2270855	0.00602312959078214
47047	15426	6929	6	2511316	0.00602312959078214
47047	16513	9820	7	2672338	0.00602312959078214
47047	17877	12862	8	2864530	0.00602312959078214
47047	19389	15604	9	3108523	0.00602312959078214
47047	20251	17750	10	3254928	0.00602312959078214
47047	21082	19251	11	3387103	0.00602312959078214
47047	21728	20220	12	3510846	0.00602312959078214
47047	22836	20814	13	3604972	0.00602312959078214
47047	23150	21167	14	3661353	0.00602312959078214
47047	23332	21373	15	3690863	0.00602312959078214
47047	23525	21491	16	3721667	0.00602312959078214
47047	23663	21558	17	3742228	0.00602312959078214
47049	0	549	0	1454	0.00271233387815276
47049	287	879	1	182713	0.00271233387815276
47049	926	1363	2	473978	0.00271233387815276
47049	2245	2021	3	1017927	0.00271233387815276
47049	3336	2831	4	1775889	0.00271233387815276
47049	3971	3709	5	2270855	0.00271233387815276
47049	4250	4544	6	2511316	0.00271233387815276
47049	4463	5242	7	2672338	0.00271233387815276
47049	4767	5765	8	2864530	0.00271233387815276
47049	5214	6127	9	3108523	0.00271233387815276
47049	5592	6363	10	3254928	0.00271233387815276
47049	5829	6512	11	3387103	0.00271233387815276
47049	5986	6603	12	3510846	0.00271233387815276
47049	6131	6659	13	3604972	0.00271233387815276
47049	6206	6692	14	3661353	0.00271233387815276
47049	6261	6711	15	3690863	0.00271233387815276
47049	6303	6723	16	3721667	0.00271233387815276
47049	6328	6730	17	3742228	0.00271233387815276
47051	0	463	0	1454	0.00618054247849008
47051	920	822	1	182713	0.00618054247849008
47051	2678	1436	2	473978	0.00618054247849008
47051	5295	2446	3	1017927	0.00618054247849008
47051	8322	3997	4	1775889	0.00618054247849008
47051	10822	6150	5	2270855	0.00618054247849008
47051	11800	8753	6	2511316	0.00618054247849008
47051	12533	11422	7	2672338	0.00618054247849008
47051	13260	13733	8	2864530	0.00618054247849008
47051	14502	15459	9	3108523	0.00618054247849008
47051	15288	16612	10	3254928	0.00618054247849008
47051	16021	17326	11	3387103	0.00618054247849008
47051	16549	17746	12	3510846	0.00618054247849008
47051	16962	17987	13	3604972	0.00618054247849008
47051	17198	18123	14	3661353	0.00618054247849008
47051	17318	18199	15	3690863	0.00618054247849008
47051	17473	18241	16	3721667	0.00618054247849008
47051	17569	18265	17	3742228	0.00618054247849008
47053	16	1235	0	1454	0.00719457433651566
47053	1321	1997	1	182713	0.00719457433651566
47053	3610	3160	2	473978	0.00719457433651566
47053	7032	4838	3	1017927	0.00719457433651566
47053	10722	7078	4	1775889	0.00719457433651566
47053	12934	9774	5	2270855	0.00719457433651566
47053	14083	12644	6	2511316	0.00719457433651566
47053	14946	15324	7	2672338	0.00719457433651566
47053	16278	17540	8	2864530	0.00719457433651566
47053	18633	19193	9	3108523	0.00719457433651566
47053	19657	20336	10	3254928	0.00719457433651566
47053	20490	21083	11	3387103	0.00719457433651566
47053	21197	21555	12	3510846	0.00719457433651566
47053	21689	21847	13	3604972	0.00719457433651566
47053	22027	22024	14	3661353	0.00719457433651566
47053	22255	22131	15	3690863	0.00719457433651566
47053	22465	22196	16	3721667	0.00719457433651566
47053	22586	22234	17	3742228	0.00719457433651566
47055	0	702	0	1454	0.00431443099853657
47055	460	1172	1	182713	0.00431443099853657
47055	1525	1905	2	473978	0.00431443099853657
47055	3389	2974	3	1017927	0.00431443099853657
47055	5379	4391	4	1775889	0.00431443099853657
47055	7137	6044	5	2270855	0.00431443099853657
47055	7735	7712	6	2511316	0.00431443099853657
47055	8170	9165	7	2672338	0.00431443099853657
47055	8828	10277	8	2864530	0.00431443099853657
47055	9671	11048	9	3108523	0.00431443099853657
47055	10244	11545	10	3254928	0.00431443099853657
47055	10624	11851	11	3387103	0.00431443099853657
47055	10890	12035	12	3510846	0.00431443099853657
47055	11273	12143	13	3604972	0.00431443099853657
47055	11458	12206	14	3661353	0.00431443099853657
47055	11542	12242	15	3690863	0.00431443099853657
47055	11629	12263	16	3721667	0.00431443099853657
47055	11697	12276	17	3742228	0.00431443099853657
47057	0	578	0	1454	0.00341476143381323
47057	500	957	1	182713	0.00341476143381323
47057	1481	1546	2	473978	0.00341476143381323
47057	3551	2403	3	1017927	0.00341476143381323
47057	6053	3542	4	1775889	0.00341476143381323
47057	7453	4886	5	2270855	0.00341476143381323
47057	8098	6265	6	2511316	0.00341476143381323
47057	8661	7493	7	2672338	0.00341476143381323
47057	9161	8453	8	2864530	0.00341476143381323
47057	9905	9132	9	3108523	0.00341476143381323
47057	10422	9579	10	3254928	0.00341476143381323
47057	10779	9858	11	3387103	0.00341476143381323
47057	11033	10028	12	3510846	0.00341476143381323
47057	11207	10130	13	3604972	0.00341476143381323
47057	11329	10189	14	3661353	0.00341476143381323
47057	11401	10224	15	3690863	0.00341476143381323
47057	11477	10245	16	3721667	0.00341476143381323
47057	11518	10256	17	3742228	0.00341476143381323
47059	0	2069	0	1454	0.0101138146428836
47059	2044	3442	1	182713	0.0101138146428836
47059	6930	5546	2	473978	0.0101138146428836
47059	11290	8524	3	1017927	0.0101138146428836
47059	17459	12301	4	1775889	0.0101138146428836
47059	20764	16475	5	2270855	0.0101138146428836
47059	22771	20442	6	2511316	0.0101138146428836
47059	24443	23705	7	2672338	0.0101138146428836
47059	25886	26086	8	2864530	0.0101138146428836
47059	27931	27675	9	3108523	0.0101138146428836
47059	29094	28674	10	3254928	0.0101138146428836
47059	30070	29278	11	3387103	0.0101138146428836
47059	30721	29635	12	3510846	0.0101138146428836
47059	31274	29843	13	3604972	0.0101138146428836
47059	31655	29963	14	3661353	0.0101138146428836
47059	31854	30033	15	3690863	0.0101138146428836
47059	32058	30072	16	3721667	0.0101138146428836
47059	32182	30095	17	3742228	0.0101138146428836
47061	0	485	0	1454	0.00196612357512051
47061	285	705	1	182713	0.00196612357512051
47061	560	1001	2	473978	0.00196612357512051
47061	1173	1378	3	1017927	0.00196612357512051
47061	1819	1825	4	1775889	0.00196612357512051
47061	2220	2316	5	2270855	0.00196612357512051
47061	2378	2808	6	2511316	0.00196612357512051
47061	2511	3260	7	2672338	0.00196612357512051
47061	2722	3642	8	2864530	0.00196612357512051
47061	3220	3943	9	3108523	0.00196612357512051
47061	3565	4168	10	3254928	0.00196612357512051
47061	3817	4328	11	3387103	0.00196612357512051
47061	3919	4440	12	3510846	0.00196612357512051
47061	3985	4516	13	3604972	0.00196612357512051
47061	4049	4567	14	3661353	0.00196612357512051
47061	4089	4600	15	3690863	0.00196612357512051
47061	4115	4623	16	3721667	0.00196612357512051
47061	4141	4637	17	3742228	0.00196612357512051
47063	0	1737	0	1454	0.00950832413993259
47063	1419	2692	1	182713	0.00950832413993259
47063	2991	4087	2	473978	0.00950832413993259
47063	8045	6028	3	1017927	0.00950832413993259
47063	13383	8550	4	1775889	0.00950832413993259
47063	16845	11553	5	2270855	0.00950832413993259
47063	18490	14778	6	2511316	0.00950832413993259
47063	19890	17879	7	2672338	0.00950832413993259
47063	21423	20558	8	2864530	0.00950832413993259
47063	23624	22668	9	3108523	0.00950832413993259
47063	24807	24212	10	3254928	0.00950832413993259
47063	25636	25282	11	3387103	0.00950832413993259
47063	26333	25996	12	3510846	0.00950832413993259
47063	26971	26460	13	3604972	0.00950832413993259
47063	27424	26756	14	3661353	0.00950832413993259
47063	27659	26944	15	3690863	0.00950832413993259
47063	27864	27062	16	3721667	0.00950832413993259
47063	27984	27136	17	3742228	0.00950832413993259
47065	0	1989	0	1454	0.0538577579074717
47065	8965	3815	1	182713	0.0538577579074717
47065	24116	7256	2	473978	0.0538577579074717
47065	60794	13592	3	1017927	0.0538577579074717
47065	105656	24769	4	1775889	0.0538577579074717
47065	134494	43076	5	2270855	0.0538577579074717
47065	148013	69702	6	2511316	0.0538577579074717
47065	156222	102420	7	2672338	0.0538577579074717
47065	166958	135223	8	2864530	0.0538577579074717
47065	179553	162046	9	3108523	0.0538577579074717
47065	186811	180556	10	3254928	0.0538577579074717
47065	193097	191883	11	3387103	0.0538577579074717
47065	200300	198313	12	3510846	0.0538577579074717
47065	202416	201808	13	3604972	0.0538577579074717
47065	205145	203663	14	3661353	0.0538577579074717
47065	206568	204635	15	3690863	0.0538577579074717
47065	208170	205141	16	3721667	0.0538577579074717
47065	209331	205403	17	3742228	0.0538577579074717
47067	0	289	0	1454	0.000969370527094492
47067	359	421	1	182713	0.000969370527094492
47067	640	594	2	473978	0.000969370527094492
47067	858	808	3	1017927	0.000969370527094492
47067	1258	1050	4	1775889	0.000969370527094492
47067	1419	1300	5	2270855	0.000969370527094492
47067	1502	1535	6	2511316	0.000969370527094492
47067	1595	1736	7	2672338	0.000969370527094492
47067	1676	1896	8	2864530	0.000969370527094492
47067	1841	2015	9	3108523	0.000969370527094492
47067	1960	2099	10	3254928	0.000969370527094492
47067	2029	2157	11	3387103	0.000969370527094492
47067	2085	2196	12	3510846	0.000969370527094492
47067	2113	2222	13	3604972	0.000969370527094492
47067	2130	2239	14	3661353	0.000969370527094492
47067	2146	2250	15	3690863	0.000969370527094492
47067	2161	2257	16	3721667	0.000969370527094492
47067	2164	2262	17	3742228	0.000969370527094492
47069	0	615	0	1454	0.0036680863600781
47069	869	972	1	182713	0.0036680863600781
47069	2150	1509	2	473978	0.0036680863600781
47069	3724	2283	3	1017927	0.0036680863600781
47069	5569	3329	4	1775889	0.0036680863600781
47069	6796	4629	5	2270855	0.0036680863600781
47069	7443	6085	6	2511316	0.0036680863600781
47069	8053	7540	7	2672338	0.0036680863600781
47069	8728	8834	8	2864530	0.0036680863600781
47069	9691	9873	9	3108523	0.0036680863600781
47069	10158	10639	10	3254928	0.0036680863600781
47069	10572	11171	11	3387103	0.0036680863600781
47069	11001	11524	12	3510846	0.0036680863600781
47069	11286	11752	13	3604972	0.0036680863600781
47069	11448	11896	14	3661353	0.0036680863600781
47069	11568	11986	15	3690863	0.0036680863600781
47069	11746	12042	16	3721667	0.0036680863600781
47069	11789	12077	17	3742228	0.0036680863600781
47071	0	799	0	1454	0.00375623757719455
47071	845	1299	1	182713	0.00375623757719455
47071	2188	2044	2	473978	0.00375623757719455
47071	4250	3069	3	1017927	0.00375623757719455
47071	5975	4336	4	1775889	0.00375623757719455
47071	6965	5710	5	2270855	0.00375623757719455
47071	7388	7003	6	2511316	0.00375623757719455
47071	7720	8068	7	2672338	0.00375623757719455
47071	8152	8852	8	2864530	0.00375623757719455
47071	8958	9384	9	3108523	0.00375623757719455
47071	9400	9724	10	3254928	0.00375623757719455
47071	9693	9934	11	3387103	0.00375623757719455
47071	9979	10061	12	3510846	0.00375623757719455
47071	10191	10136	13	3604972	0.00375623757719455
47071	10317	10180	14	3661353	0.00375623757719455
47071	10398	10207	15	3690863	0.00375623757719455
47071	10470	10222	16	3721667	0.00375623757719455
47071	10523	10231	17	3742228	0.00375623757719455
47073	0	1297	0	1454	0.00831520766640299
47073	1793	2108	1	182713	0.00831520766640299
47073	4359	3354	2	473978	0.00831520766640299
47073	8141	5162	3	1017927	0.00831520766640299
47073	13302	7589	4	1775889	0.00831520766640299
47073	16068	10525	5	2270855	0.00831520766640299
47073	17699	13658	6	2511316	0.00831520766640299
47073	18590	16588	7	2672338	0.00831520766640299
47073	19828	19005	8	2864530	0.00831520766640299
47073	21607	20804	9	3108523	0.00831520766640299
47073	22666	22041	10	3254928	0.00831520766640299
47073	23534	22847	11	3387103	0.00831520766640299
47073	24133	23354	12	3510846	0.00831520766640299
47073	24593	23665	13	3604972	0.00831520766640299
47073	24955	23854	14	3661353	0.00831520766640299
47073	25159	23967	15	3690863	0.00831520766640299
47073	25289	24035	16	3721667	0.00831520766640299
47073	25394	24075	17	3742228	0.00831520766640299
47075	0	320	0	1454	0.00253383498502161
47075	555	525	1	182713	0.00253383498502161
47075	1405	850	2	473978	0.00253383498502161
47075	2568	1345	3	1017927	0.00253383498502161
47075	4034	2059	4	1775889	0.00253383498502161
47075	5128	3011	5	2270855	0.00253383498502161
47075	5677	4154	6	2511316	0.00253383498502161
47075	6126	5367	7	2672338	0.00253383498502161
47075	6734	6495	8	2864530	0.00253383498502161
47075	7496	7424	9	3108523	0.00253383498502161
47075	7908	8114	10	3254928	0.00253383498502161
47075	8246	8590	11	3387103	0.00253383498502161
47075	8488	8900	12	3510846	0.00253383498502161
47075	8787	9096	13	3604972	0.00253383498502161
47075	8927	9216	14	3661353	0.00253383498502161
47075	9011	9289	15	3690863	0.00253383498502161
47075	9079	9334	16	3721667	0.00253383498502161
47075	9120	9360	17	3742228	0.00253383498502161
47077	0	855	0	1454	0.00411718898947369
47077	1157	1365	1	182713	0.00411718898947369
47077	2559	2119	2	473978	0.00411718898947369
47077	4251	3160	3	1017927	0.00411718898947369
47077	6289	4469	4	1775889	0.00411718898947369
47077	7325	5935	5	2270855	0.00411718898947369
47077	7893	7378	6	2511316	0.00411718898947369
47077	8355	8629	7	2672338	0.00411718898947369
47077	9011	9600	8	2864530	0.00411718898947369
47077	10074	10290	9	3108523	0.00411718898947369
47077	10593	10751	10	3254928	0.00411718898947369
47077	10912	11046	11	3387103	0.00411718898947369
47077	11146	11230	12	3510846	0.00411718898947369
47077	11368	11343	13	3604972	0.00411718898947369
47077	11510	11411	14	3661353	0.00411718898947369
47077	11593	11452	15	3690863	0.00411718898947369
47077	11653	11477	16	3721667	0.00411718898947369
47077	11700	11491	17	3742228	0.00411718898947369
47079	0	917	0	1454	0.00473629753759386
47079	2630	1470	1	182713	0.00473629753759386
47079	4029	2302	2	473978	0.00473629753759386
47079	6213	3480	3	1017927	0.00473629753759386
47079	8522	5016	4	1775889	0.00473629753759386
47079	9756	6820	5	2270855	0.00473629753759386
47079	10517	8690	6	2511316	0.00473629753759386
47079	11091	10397	7	2672338	0.00473629753759386
47079	11973	11783	8	2864530	0.00473629753759386
47079	13189	12805	9	3108523	0.00473629753759386
47079	13703	13506	10	3254928	0.00473629753759386
47079	14165	13964	11	3387103	0.00473629753759386
47079	14490	14253	12	3510846	0.00473629753759386
47079	14764	14432	13	3604972	0.00473629753759386
47079	14944	14542	14	3661353	0.00473629753759386
47079	15152	14608	15	3690863	0.00473629753759386
47079	15460	14648	16	3721667	0.00473629753759386
47079	15548	14672	17	3742228	0.00473629753759386
47081	0	486	0	1454	0.00368682947600984
47081	404	789	1	182713	0.00368682947600984
47081	1241	1257	2	473978	0.00368682947600984
47081	2973	1949	3	1017927	0.00368682947600984
47081	5037	2906	4	1775889	0.00368682947600984
47081	6451	4117	5	2270855	0.00368682947600984
47081	6976	5485	6	2511316	0.00368682947600984
47081	7379	6847	7	2672338	0.00368682947600984
47081	7942	8042	8	2864530	0.00368682947600984
47081	8805	8980	9	3108523	0.00368682947600984
47081	9375	9653	10	3254928	0.00368682947600984
47081	9930	10107	11	3387103	0.00368682947600984
47081	10243	10400	12	3510846	0.00368682947600984
47081	10458	10583	13	3604972	0.00368682947600984
47081	10594	10696	14	3661353	0.00368682947600984
47081	10661	10765	15	3690863	0.00368682947600984
47081	10722	10807	16	3721667	0.00368682947600984
47081	10767	10832	17	3742228	0.00368682947600984
47083	0	207	0	1454	0.00120087729497008
47083	206	330	1	182713	0.00120087729497008
47083	607	515	2	473978	0.00120087729497008
47083	1046	780	3	1017927	0.00120087729497008
47083	1727	1132	4	1775889	0.00120087729497008
47083	2041	1555	5	2270855	0.00120087729497008
47083	2227	2009	6	2511316	0.00120087729497008
47083	2379	2438	7	2672338	0.00120087729497008
47083	2552	2799	8	2864530	0.00120087729497008
47083	2847	3074	9	3108523	0.00120087729497008
47083	3028	3268	10	3254928	0.00120087729497008
47083	3199	3397	11	3387103	0.00120087729497008
47083	3336	3481	12	3510846	0.00120087729497008
47083	3472	3533	13	3604972	0.00120087729497008
47083	3526	3565	14	3661353	0.00120087729497008
47083	3547	3585	15	3690863	0.00120087729497008
47083	3575	3597	16	3721667	0.00120087729497008
47083	3592	3604	17	3742228	0.00120087729497008
47085	0	212	0	1454	0.00272097328315255
47085	347	368	1	182713	0.00272097328315255
47085	1202	628	2	473978	0.00272097328315255
47085	2397	1047	3	1017927	0.00272097328315255
47085	3686	1684	4	1775889	0.00272097328315255
47085	4624	2565	5	2270855	0.00272097328315255
47085	5037	3644	6	2511316	0.00272097328315255
47085	5365	4783	7	2672338	0.00272097328315255
47085	5722	5810	8	2864530	0.00272097328315255
47085	6266	6613	9	3108523	0.00272097328315255
47085	6639	7175	10	3254928	0.00272097328315255
47085	7257	7536	11	3387103	0.00272097328315255
47085	7432	7758	12	3510846	0.00272097328315255
47085	7559	7889	13	3604972	0.00272097328315255
47085	7631	7965	14	3661353	0.00272097328315255
47085	7674	8009	15	3690863	0.00272097328315255
47085	7721	8034	16	3721667	0.00272097328315255
47085	7744	8048	17	3742228	0.00272097328315255
47087	0	298	0	1454	0.00172583097165192
47087	344	482	1	182713	0.00172583097165192
47087	763	757	2	473978	0.00172583097165192
47087	1459	1147	3	1017927	0.00172583097165192
47087	2189	1649	4	1775889	0.00172583097165192
47087	2593	2228	5	2270855	0.00172583097165192
47087	2741	2813	6	2511316	0.00172583097165192
47087	2875	3332	7	2672338	0.00172583097165192
47087	3077	3741	8	2864530	0.00172583097165192
47087	3402	4034	9	3108523	0.00172583097165192
47087	3590	4231	10	3254928	0.00172583097165192
47087	3730	4357	11	3387103	0.00172583097165192
47087	3818	4435	12	3510846	0.00172583097165192
47087	3985	4483	13	3604972	0.00172583097165192
47087	4054	4512	14	3661353	0.00172583097165192
47087	4084	4529	15	3690863	0.00172583097165192
47087	4115	4539	16	3721667	0.00172583097165192
47087	4124	4545	17	3742228	0.00172583097165192
47089	0	1181	0	1454	0.00797973517734356
47089	1036	1972	1	182713	0.00797973517734356
47089	3193	3223	2	473978	0.00797973517734356
47089	7770	5090	3	1017927	0.00797973517734356
47089	13655	7661	4	1775889	0.00797973517734356
47089	17102	10825	5	2270855	0.00797973517734356
47089	18864	14226	6	2511316	0.00797973517734356
47089	20142	17388	7	2672338	0.00797973517734356
47089	21595	19956	8	2864530	0.00797973517734356
47089	23484	21822	9	3108523	0.00797973517734356
47089	24590	23070	10	3254928	0.00797973517734356
47089	25448	23861	11	3387103	0.00797973517734356
47089	26078	24343	12	3510846	0.00797973517734356
47089	26676	24632	13	3604972	0.00797973517734356
47089	27029	24802	14	3661353	0.00797973517734356
47089	27202	24901	15	3690863	0.00797973517734356
47089	27387	24959	16	3721667	0.00797973517734356
47089	27496	24993	17	3742228	0.00797973517734356
47091	0	512	0	1454	0.00260470739213849
47091	243	877	1	182713	0.00260470739213849
47091	1217	1443	2	473978	0.00260470739213849
47091	2436	2235	3	1017927	0.00260470739213849
47091	3860	3203	4	1775889	0.00260470739213849
47091	4623	4202	5	2270855	0.00260470739213849
47091	4973	5072	6	2511316	0.00260470739213849
47091	5165	5724	7	2672338	0.00260470739213849
47091	5375	6159	8	2864530	0.00260470739213849
47091	5781	6428	9	3108523	0.00260470739213849
47091	6015	6586	10	3254928	0.00260470739213849
47091	6181	6676	11	3387103	0.00260470739213849
47091	6318	6727	12	3510846	0.00260470739213849
47091	6431	6755	13	3604972	0.00260470739213849
47091	6528	6770	14	3661353	0.00260470739213849
47091	6591	6779	15	3690863	0.00260470739213849
47091	6633	6784	16	3721667	0.00260470739213849
47091	6674	6786	17	3742228	0.00260470739213849
47093	150	2777	0	1454	0.0688682115875214
47093	12204	5354	1	182713	0.0688682115875214
47093	34190	10230	2	473978	0.0688682115875214
47093	74700	19220	3	1017927	0.0688682115875214
47093	146386	35036	4	1775889	0.0688682115875214
47093	186616	60683	5	2270855	0.0688682115875214
47093	204729	97246	6	2511316	0.0688682115875214
47093	216954	140827	7	2672338	0.0688682115875214
47093	229562	182934	8	2864530	0.0688682115875214
47093	244089	216125	9	3108523	0.0688682115875214
47093	252543	238336	10	3254928	0.0688682115875214
47093	261262	251617	11	3387103	0.0688682115875214
47093	270851	259031	12	3510846	0.0688682115875214
47093	276465	263011	13	3604972	0.0688682115875214
47093	279991	265103	14	3661353	0.0688682115875214
47093	281777	266191	15	3690863	0.0688682115875214
47093	283522	266753	16	3721667	0.0688682115875214
47093	284781	267042	17	3742228	0.0688682115875214
47095	0	226	0	1454	0.0010273570420083
47095	141	338	1	182713	0.0010273570420083
47095	470	495	2	473978	0.0010273570420083
47095	826	703	3	1017927	0.0010273570420083
47095	1245	962	4	1775889	0.0010273570420083
47095	1448	1256	5	2270855	0.0010273570420083
47095	1545	1561	6	2511316	0.0010273570420083
47095	1626	1848	7	2672338	0.0010273570420083
47095	1769	2093	8	2864530	0.0010273570420083
47095	2003	2287	9	3108523	0.0010273570420083
47095	2183	2430	10	3254928	0.0010273570420083
47095	2274	2532	11	3387103	0.0010273570420083
47095	2353	2601	12	3510846	0.0010273570420083
47095	2391	2648	13	3604972	0.0010273570420083
47095	2437	2678	14	3661353	0.0010273570420083
47095	2463	2698	15	3690863	0.0010273570420083
47095	2476	2711	16	3721667	0.0010273570420083
47095	2488	2719	17	3742228	0.0010273570420083
47097	0	649	0	1454	0.00375345539592343
47097	329	1022	1	182713	0.00375345539592343
47097	1551	1578	2	473978	0.00375345539592343
47097	2578	2362	3	1017927	0.00375345539592343
47097	4529	3395	4	1775889	0.00375345539592343
47097	5559	4635	5	2270855	0.00375345539592343
47097	6119	5969	6	2511316	0.00375345539592343
47097	6558	7244	7	2672338	0.00375345539592343
47097	7127	8333	8	2864530	0.00375345539592343
47097	8048	9177	9	3108523	0.00375345539592343
47097	8617	9783	10	3254928	0.00375345539592343
47097	8930	10195	11	3387103	0.00375345539592343
47097	9166	10465	12	3510846	0.00375345539592343
47097	9350	10637	13	3604972	0.00375345539592343
47097	9489	10745	14	3661353	0.00375345539592343
47097	9591	10812	15	3690863	0.00375345539592343
47097	9658	10853	16	3721667	0.00375345539592343
47097	9704	10879	17	3742228	0.00375345539592343
47099	0	1728	0	1454	0.00646373924577116
47099	1088	2591	1	182713	0.00646373924577116
47099	2511	3776	2	473978	0.00646373924577116
47099	4927	5296	3	1017927	0.00646373924577116
47099	7787	7086	4	1775889	0.00646373924577116
47099	9883	8994	5	2270855	0.00646373924577116
47099	10642	10824	6	2511316	0.00646373924577116
47099	11242	12408	7	2672338	0.00646373924577116
47099	12271	13663	8	2864530	0.00646373924577116
47099	13643	14589	9	3108523	0.00646373924577116
47099	14420	15238	10	3254928	0.00646373924577116
47099	15049	15675	11	3387103	0.00646373924577116
47099	15480	15962	12	3510846	0.00646373924577116
47099	15797	16148	13	3604972	0.00646373924577116
47099	16029	16267	14	3661353	0.00646373924577116
47099	16135	16343	15	3690863	0.00646373924577116
47099	16269	16391	16	3721667	0.00646373924577116
47099	16355	16421	17	3742228	0.00646373924577116
47101	0	330	0	1454	0.00179641051758236
47101	281	536	1	182713	0.00179641051758236
47101	826	846	2	473978	0.00179641051758236
47101	1548	1280	3	1017927	0.00179641051758236
47101	2298	1833	4	1775889	0.00179641051758236
47101	2753	2455	5	2270855	0.00179641051758236
47101	2966	3066	6	2511316	0.00179641051758236
47101	3116	3589	7	2672338	0.00179641051758236
47101	3370	3989	8	2864530	0.00179641051758236
47101	3795	4268	9	3108523	0.00179641051758236
47101	3972	4450	10	3254928	0.00179641051758236
47101	4104	4564	11	3387103	0.00179641051758236
47101	4194	4634	12	3510846	0.00179641051758236
47101	4277	4676	13	3604972	0.00179641051758236
47101	4326	4701	14	3661353	0.00179641051758236
47101	4357	4716	15	3690863	0.00179641051758236
47101	4375	4725	16	3721667	0.00179641051758236
47101	4390	4730	17	3742228	0.00179641051758236
47103	0	929	0	1454	0.00503223376648479
47103	389	1555	1	182713	0.00503223376648479
47103	1942	2523	2	473978	0.00503223376648479
47103	4263	3910	3	1017927	0.00503223376648479
47103	6564	5691	4	1775889	0.00503223376648479
47103	8964	7686	5	2270855	0.00503223376648479
47103	9736	9603	6	2511316	0.00503223376648479
47103	10356	11193	7	2672338	0.00503223376648479
47103	11105	12359	8	2864530	0.00503223376648479
47103	12373	13138	9	3108523	0.00503223376648479
47103	12975	13628	10	3254928	0.00503223376648479
47103	13452	13923	11	3387103	0.00503223376648479
47103	13715	14097	12	3510846	0.00503223376648479
47103	13939	14198	13	3604972	0.00503223376648479
47103	14105	14257	14	3661353	0.00503223376648479
47103	14183	14290	15	3690863	0.00503223376648479
47103	14248	14309	16	3721667	0.00503223376648479
47103	14306	14320	17	3742228	0.00503223376648479
47105	0	533	0	1454	0.00791720931404003
47105	1032	1001	1	182713	0.00791720931404003
47105	4094	1851	2	473978	0.00791720931404003
47105	11822	3338	3	1017927	0.00791720931404003
47105	19713	5768	4	1775889	0.00791720931404003
47105	23720	9327	5	2270855	0.00791720931404003
47105	25534	13787	6	2511316	0.00791720931404003
47105	26833	18402	7	2672338	0.00791720931404003
47105	28059	22319	8	2864530	0.00791720931404003
47105	30069	25122	9	3108523	0.00791720931404003
47105	31341	26894	10	3254928	0.00791720931404003
47105	32391	27926	11	3387103	0.00791720931404003
47105	33162	28500	12	3510846	0.00791720931404003
47105	33774	28810	13	3604972	0.00791720931404003
47105	34159	28976	14	3661353	0.00791720931404003
47105	34332	29063	15	3690863	0.00791720931404003
47105	34591	29109	16	3721667	0.00791720931404003
47105	34773	29133	17	3742228	0.00791720931404003
47107	0	1457	0	1454	0.00787708733149866
47107	1007	2420	1	182713	0.00787708733149866
47107	2165	3897	2	473978	0.00787708733149866
47107	6070	5998	3	1017927	0.00787708733149866
47107	10316	8684	4	1775889	0.00787708733149866
47107	13312	11685	5	2270855	0.00787708733149866
47107	14711	14575	6	2511316	0.00787708733149866
47107	15551	16984	7	2672338	0.00787708733149866
47107	16561	18763	8	2864530	0.00787708733149866
47107	18167	19962	9	3108523	0.00787708733149866
47107	19128	20722	10	3254928	0.00787708733149866
47107	19960	21185	11	3387103	0.00787708733149866
47107	20539	21460	12	3510846	0.00787708733149866
47107	20982	21621	13	3604972	0.00787708733149866
47107	21342	21714	14	3661353	0.00787708733149866
47107	21507	21768	15	3690863	0.00787708733149866
47107	21653	21799	16	3721667	0.00787708733149866
47107	21735	21817	17	3742228	0.00787708733149866
47109	0	811	0	1454	0.00376238766210965
47109	848	1313	1	182713	0.00376238766210965
47109	2209	2067	2	473978	0.00376238766210965
47109	4678	3117	3	1017927	0.00376238766210965
47109	6723	4444	4	1775889	0.00376238766210965
47109	7690	5925	5	2270855	0.00376238766210965
47109	8261	7367	6	2511316	0.00376238766210965
47109	8788	8597	7	2672338	0.00376238766210965
47109	9532	9531	8	2864530	0.00376238766210965
47109	10598	10181	9	3108523	0.00376238766210965
47109	11088	10606	10	3254928	0.00376238766210965
47109	11405	10873	11	3387103	0.00376238766210965
47109	11701	11036	12	3510846	0.00376238766210965
47109	11908	11134	13	3604972	0.00376238766210965
47109	12044	11192	14	3661353	0.00376238766210965
47109	12137	11227	15	3690863	0.00376238766210965
47109	12217	11247	16	3721667	0.00376238766210965
47109	12288	11259	17	3742228	0.00376238766210965
47111	0	530	0	1454	0.00360248545431702
47111	401	820	1	182713	0.00360248545431702
47111	1512	1246	2	473978	0.00360248545431702
47111	2652	1843	3	1017927	0.00360248545431702
47111	3847	2628	4	1775889	0.00360248545431702
47111	4642	3578	5	2270855	0.00360248545431702
47111	5099	4620	6	2511316	0.00360248545431702
47111	5426	5645	7	2672338	0.00360248545431702
47111	5778	6551	8	2864530	0.00360248545431702
47111	6495	7280	9	3108523	0.00360248545431702
47111	6920	7822	10	3254928	0.00360248545431702
47111	7218	8203	11	3387103	0.00360248545431702
47111	7440	8460	12	3510846	0.00360248545431702
47111	7591	8629	13	3604972	0.00360248545431702
47111	7732	8738	14	3661353	0.00360248545431702
47111	7877	8807	15	3690863	0.00360248545431702
47111	8100	8850	16	3721667	0.00360248545431702
47111	8164	8878	17	3742228	0.00360248545431702
47113	0	1292	0	1454	0.0143478552457442
47113	5606	2190	1	182713	0.0143478552457442
47113	10831	3668	2	473978	0.0143478552457442
47113	18633	6028	3	1017927	0.0143478552457442
47113	29424	9611	4	1775889	0.0143478552457442
47113	33516	14663	5	2270855	0.0143478552457442
47113	36151	21091	6	2511316	0.0143478552457442
47113	38340	28275	7	2672338	0.0143478552457442
47113	41799	35232	8	2864530	0.0143478552457442
47113	46157	41092	9	3108523	0.0143478552457442
47113	47987	45477	10	3254928	0.0143478552457442
47113	49513	48475	11	3387103	0.0143478552457442
47113	51018	50401	12	3510846	0.0143478552457442
47113	51955	51590	13	3604972	0.0143478552457442
47113	52793	52305	14	3661353	0.0143478552457442
47113	53251	52728	15	3690863	0.0143478552457442
47113	53605	52977	16	3721667	0.0143478552457442
47113	53856	53122	17	3742228	0.0143478552457442
47115	0	548	0	1454	0.00423286915811488
47115	698	884	1	182713	0.00423286915811488
47115	1684	1401	2	473978	0.00423286915811488
47115	3545	2167	3	1017927	0.00423286915811488
47115	6049	3238	4	1775889	0.00423286915811488
47115	7484	4615	5	2270855	0.00423286915811488
47115	8566	6212	6	2511316	0.00423286915811488
47115	9008	7853	7	2672338	0.00423286915811488
47115	9633	9344	8	2864530	0.00423286915811488
47115	10866	10555	9	3108523	0.00423286915811488
47115	11647	11451	10	3254928	0.00423286915811488
47115	12124	12071	11	3387103	0.00423286915811488
47115	12471	12478	12	3510846	0.00423286915811488
47115	12679	12739	13	3604972	0.00423286915811488
47115	13164	12901	14	3661353	0.00423286915811488
47115	13273	13001	15	3690863	0.00423286915811488
47115	13393	13062	16	3721667	0.00423286915811488
47115	13451	13100	17	3742228	0.00423286915811488
47117	0	853	0	1454	0.00503355164182374
47117	577	1413	1	182713	0.00503355164182374
47117	1709	2281	2	473978	0.00503355164182374
47117	4367	3543	3	1017927	0.00503355164182374
47117	6843	5217	4	1775889	0.00503355164182374
47117	8816	7185	5	2270855	0.00503355164182374
47117	9550	9195	6	2511316	0.00503355164182374
47117	10226	10976	7	2672338	0.00503355164182374
47117	11005	12364	8	2864530	0.00503355164182374
47117	12337	13342	9	3108523	0.00503355164182374
47117	12947	13983	10	3254928	0.00503355164182374
47117	13513	14384	11	3387103	0.00503355164182374
47117	13894	14627	12	3510846	0.00503355164182374
47117	14297	14772	13	3604972	0.00503355164182374
47117	14501	14857	14	3661353	0.00503355164182374
47117	14602	14907	15	3690863	0.00503355164182374
47117	14697	14936	16	3721667	0.00503355164182374
47117	14760	14953	17	3742228	0.00503355164182374
47119	0	802	0	1454	0.0141140055883772
47119	2844	1445	1	182713	0.0141140055883772
47119	8128	2576	2	473978	0.0141140055883772
47119	15685	4516	3	1017927	0.0141140055883772
47119	28891	7702	4	1775889	0.0141140055883772
47119	38020	12565	5	2270855	0.0141140055883772
47119	41980	19230	6	2511316	0.0141140055883772
47119	44505	27127	7	2672338	0.0141140055883772
47119	48149	35020	8	2864530	0.0141140055883772
47119	52686	41675	9	3108523	0.0141140055883772
47119	55061	46528	10	3254928	0.0141140055883772
47119	57116	49705	11	3387103	0.0141140055883772
47119	59165	51639	12	3510846	0.0141140055883772
47119	60360	52767	13	3604972	0.0141140055883772
47119	61181	53407	14	3661353	0.0141140055883772
47119	61693	53764	15	3690863	0.0141140055883772
47119	62201	53963	16	3721667	0.0141140055883772
47119	62530	54072	17	3742228	0.0141140055883772
47121	0	213	0	1454	0.00181896082893773
47121	399	379	1	182713	0.00181896082893773
47121	1046	663	2	473978	0.00181896082893773
47121	2454	1122	3	1017927	0.00181896082893773
47121	4171	1804	4	1775889	0.00181896082893773
47121	5318	2701	5	2270855	0.00181896082893773
47121	5867	3707	6	2511316	0.00181896082893773
47121	6237	4654	7	2672338	0.00181896082893773
47121	6650	5409	8	2864530	0.00181896082893773
47121	7276	5935	9	3108523	0.00181896082893773
47121	7673	6268	10	3254928	0.00181896082893773
47121	7986	6467	11	3387103	0.00181896082893773
47121	8201	6580	12	3510846	0.00181896082893773
47121	8327	6644	13	3604972	0.00181896082893773
47121	8420	6680	14	3661353	0.00181896082893773
47121	8453	6699	15	3690863	0.00181896082893773
47121	8499	6710	16	3721667	0.00181896082893773
47121	8539	6716	17	3742228	0.00181896082893773
47123	0	1349	0	1454	0.00681561196127087
47123	804	2259	1	182713	0.00681561196127087
47123	2218	3658	2	473978	0.00681561196127087
47123	6321	5640	3	1017927	0.00681561196127087
47123	10486	8142	4	1775889	0.00681561196127087
47123	12939	10881	5	2270855	0.00681561196127087
47123	13989	13446	6	2511316	0.00681561196127087
47123	14831	15522	7	2672338	0.00681561196127087
47123	15899	17012	8	2864530	0.00681561196127087
47123	17319	17992	9	3108523	0.00681561196127087
47123	18235	18600	10	3254928	0.00681561196127087
47123	18891	18963	11	3387103	0.00681561196127087
47123	19353	19176	12	3510846	0.00681561196127087
47123	19682	19299	13	3604972	0.00681561196127087
47123	19977	19369	14	3661353	0.00681561196127087
47123	20108	19409	15	3690863	0.00681561196127087
47123	20245	19432	16	3721667	0.00681561196127087
47123	20346	19445	17	3742228	0.00681561196127087
47125	0	2618	0	1454	0.0306029689681358
47125	4204	4415	1	182713	0.0306029689681358
47125	13775	7369	2	473978	0.0306029689681358
47125	24595	12094	3	1017927	0.0306029689681358
47125	47640	19329	4	1775889	0.0306029689681358
47125	65902	29703	5	2270855	0.0306029689681358
47125	78379	43259	6	2511316	0.0306029689681358
47125	84489	58970	7	2672338	0.0306029689681358
47125	91394	74839	8	2864530	0.0306029689681358
47125	99233	88789	9	3108523	0.0306029689681358
47125	106045	99632	10	3254928	0.0306029689681358
47125	111458	107280	11	3387103	0.0306029689681358
47125	115743	112314	12	3510846	0.0306029689681358
47125	122069	115477	13	3604972	0.0306029689681358
47125	124993	117408	14	3661353	0.0306029689681358
47125	126419	118565	15	3690863	0.0306029689681358
47125	128337	119251	16	3721667	0.0306029689681358
47125	129186	119656	17	3742228	0.0306029689681358
47127	0	100	0	1454	0.000950041688789889
47127	56	178	1	182713	0.000950041688789889
47127	294	309	2	473978	0.000950041688789889
47127	489	511	3	1017927	0.000950041688789889
47127	730	786	4	1775889	0.000950041688789889
47127	934	1105	5	2270855	0.000950041688789889
47127	991	1412	6	2511316	0.000950041688789889
47127	1065	1660	7	2672338	0.000950041688789889
47127	1123	1832	8	2864530	0.000950041688789889
47127	1241	1940	9	3108523	0.000950041688789889
47127	1296	2004	10	3254928	0.000950041688789889
47127	1331	2040	11	3387103	0.000950041688789889
47127	1371	2060	12	3510846	0.000950041688789889
47127	1393	2070	13	3604972	0.000950041688789889
47127	1403	2076	14	3661353	0.000950041688789889
47127	1413	2079	15	3690863	0.000950041688789889
47127	1420	2081	16	3721667	0.000950041688789889
47127	1429	2082	17	3742228	0.000950041688789889
47129	0	547	0	1454	0.00313405398661683
47129	587	889	1	182713	0.00313405398661683
47129	1433	1413	2	473978	0.00313405398661683
47129	3374	2169	3	1017927	0.00313405398661683
47129	5730	3176	4	1775889	0.00313405398661683
47129	7091	4379	5	2270855	0.00313405398661683
47129	7672	5645	6	2511316	0.00313405398661683
47129	8119	6812	7	2672338	0.00313405398661683
47129	8558	7761	8	2864530	0.00313405398661683
47129	9317	8460	9	3108523	0.00313405398661683
47129	9888	8936	10	3254928	0.00313405398661683
47129	10361	9244	11	3387103	0.00313405398661683
47129	10606	9437	12	3510846	0.00313405398661683
47129	10810	9555	13	3604972	0.00313405398661683
47129	10953	9626	14	3661353	0.00313405398661683
47129	11028	9669	15	3690863	0.00313405398661683
47129	11103	9694	16	3721667	0.00313405398661683
47129	11148	9709	17	3742228	0.00313405398661683
47131	0	1206	0	1454	0.00440302150743267
47131	791	1766	1	182713	0.00440302150743267
47131	2052	2526	2	473978	0.00440302150743267
47131	3993	3504	3	1017927	0.00440302150743267
47131	5632	4677	4	1775889	0.00440302150743267
47131	6968	5973	5	2270855	0.00440302150743267
47131	7547	7279	6	2511316	0.00440302150743267
47131	8098	8481	7	2672338	0.00440302150743267
47131	8661	9497	8	2864530	0.00440302150743267
47131	9953	10296	9	3108523	0.00440302150743267
47131	10749	10890	10	3254928	0.00440302150743267
47131	11286	11313	11	3387103	0.00440302150743267
47131	11662	11605	12	3510846	0.00440302150743267
47131	11985	11802	13	3604972	0.00440302150743267
47131	12173	11934	14	3661353	0.00440302150743267
47131	12355	12021	15	3690863	0.00440302150743267
47131	12595	12077	16	3721667	0.00440302150743267
47131	12698	12115	17	3742228	0.00440302150743267
47133	0	272	0	1454	0.00325676282373242
47133	630	479	1	182713	0.00325676282373242
47133	1522	829	2	473978	0.00325676282373242
47133	2965	1391	3	1017927	0.00325676282373242
47133	4258	2226	4	1775889	0.00325676282373242
47133	5247	3334	5	2270855	0.00325676282373242
47133	5603	4603	6	2511316	0.00325676282373242
47133	5853	5832	7	2672338	0.00325676282373242
47133	6196	6843	8	2864530	0.00325676282373242
47133	6799	7570	9	3108523	0.00325676282373242
47133	7179	8043	10	3254928	0.00325676282373242
47133	7420	8331	11	3387103	0.00325676282373242
47133	7581	8500	12	3510846	0.00325676282373242
47133	7700	8596	13	3604972	0.00325676282373242
47133	7822	8650	14	3661353	0.00325676282373242
47133	7872	8680	15	3690863	0.00325676282373242
47133	7922	8697	16	3721667	0.00325676282373242
47133	7949	8707	17	3742228	0.00325676282373242
47135	0	240	0	1454	0.00118257347081799
47135	171	378	1	182713	0.00118257347081799
47135	699	580	2	473978	0.00118257347081799
47135	1171	858	3	1017927	0.00118257347081799
47135	1720	1211	4	1775889	0.00118257347081799
47135	2036	1614	5	2270855	0.00118257347081799
47135	2156	2021	6	2511316	0.00118257347081799
47135	2247	2387	7	2672338	0.00118257347081799
47135	2403	2681	8	2864530	0.00118257347081799
47135	2729	2898	9	3108523	0.00118257347081799
47135	2918	3048	10	3254928	0.00118257347081799
47135	3058	3146	11	3387103	0.00118257347081799
47135	3159	3209	12	3510846	0.00118257347081799
47135	3213	3249	13	3604972	0.00118257347081799
47135	3272	3273	14	3661353	0.00118257347081799
47135	3302	3288	15	3690863	0.00118257347081799
47135	3317	3297	16	3721667	0.00118257347081799
47135	3335	3303	17	3742228	0.00118257347081799
47137	0	72	0	1454	0.000739181634557854
47137	100	134	1	182713	0.000739181634557854
47137	445	242	2	473978	0.000739181634557854
47137	951	419	3	1017927	0.000739181634557854
47137	1386	678	4	1775889	0.000739181634557854
47137	1619	1005	5	2270855	0.000739181634557854
47137	1676	1344	6	2511316	0.000739181634557854
47137	1729	1633	7	2672338	0.000739181634557854
47137	1797	1841	8	2864530	0.000739181634557854
47137	1946	1972	9	3108523	0.000739181634557854
47137	2035	2048	10	3254928	0.000739181634557854
47137	2086	2090	11	3387103	0.000739181634557854
47137	2145	2113	12	3510846	0.000739181634557854
47137	2179	2125	13	3604972	0.000739181634557854
47137	2200	2132	14	3661353	0.000739181634557854
47137	2251	2135	15	3690863	0.000739181634557854
47137	2275	2137	16	3721667	0.000739181634557854
47137	2281	2138	17	3742228	0.000739181634557854
47139	0	163	0	1454	0.00246471974502334
47139	260	293	1	182713	0.00246471974502334
47139	1007	519	2	473978	0.00246471974502334
47139	2197	897	3	1017927	0.00246471974502334
47139	3810	1487	4	1775889	0.00246471974502334
47139	4719	2318	5	2270855	0.00246471974502334
47139	5052	3335	6	2511316	0.00246471974502334
47139	5286	4384	7	2672338	0.00246471974502334
47139	5578	5290	8	2864530	0.00246471974502334
47139	6089	5962	9	3108523	0.00246471974502334
47139	6414	6406	10	3254928	0.00246471974502334
47139	6643	6676	11	3387103	0.00246471974502334
47139	6784	6834	12	3510846	0.00246471974502334
47139	6801	6923	13	3604972	0.00246471974502334
47139	6887	6972	14	3661353	0.00246471974502334
47139	6926	6999	15	3690863	0.00246471974502334
47139	6976	7014	16	3721667	0.00246471974502334
47139	7000	7023	17	3742228	0.00246471974502334
47141	0	2036	0	1454	0.0117503229526733
47141	4032	3426	1	182713	0.0117503229526733
47141	7492	5618	2	473978	0.0117503229526733
47141	13122	8860	3	1017927	0.0117503229526733
47141	21160	13221	4	1775889	0.0117503229526733
47141	26432	18400	5	2270855	0.0117503229526733
47141	28612	23711	6	2511316	0.0117503229526733
47141	30277	28397	7	2672338	0.0117503229526733
47141	32214	32015	8	2864530	0.0117503229526733
47141	35178	34531	9	3108523	0.0117503229526733
47141	36907	36155	10	3254928	0.0117503229526733
47141	38221	37154	11	3387103	0.0117503229526733
47141	39314	37751	12	3510846	0.0117503229526733
47141	39977	38101	13	3604972	0.0117503229526733
47141	40493	38304	14	3661353	0.0117503229526733
47141	40815	38421	15	3690863	0.0117503229526733
47141	41057	38488	16	3721667	0.0117503229526733
47141	41255	38527	17	3742228	0.0117503229526733
47143	0	1361	0	1454	0.00485666348521798
47143	717	2087	1	182713	0.00485666348521798
47143	1927	3100	2	473978	0.00485666348521798
47143	4752	4412	3	1017927	0.00485666348521798
47143	7330	5958	4	1775889	0.00485666348521798
47143	8943	7587	5	2270855	0.00485666348521798
47143	9690	9115	6	2511316	0.00485666348521798
47143	10506	10398	7	2672338	0.00485666348521798
47143	11176	11380	8	2864530	0.00485666348521798
47143	12175	12079	9	3108523	0.00485666348521798
47143	12787	12551	10	3254928	0.00485666348521798
47143	13280	12859	11	3387103	0.00485666348521798
47143	13695	13056	12	3510846	0.00485666348521798
47143	13945	13179	13	3604972	0.00485666348521798
47143	14096	13256	14	3661353	0.00485666348521798
47143	14205	13304	15	3690863	0.00485666348521798
47143	14305	13333	16	3721667	0.00485666348521798
47143	14396	13351	17	3742228	0.00485666348521798
47145	0	448	0	1454	0.00781675792709338
47145	1443	812	1	182713	0.00781675792709338
47145	2988	1454	2	473978	0.00781675792709338
47145	7184	2547	3	1017927	0.00781675792709338
47145	13176	4307	4	1775889	0.00781675792709338
47145	15745	6892	5	2270855	0.00781675792709338
47145	17034	10228	6	2511316	0.00781675792709338
47145	17913	13876	7	2672338	0.00781675792709338
47145	18916	17212	8	2864530	0.00781675792709338
47145	20432	19796	9	3108523	0.00781675792709338
47145	21402	21555	10	3254928	0.00781675792709338
47145	22373	22647	11	3387103	0.00781675792709338
47145	22941	23289	12	3510846	0.00781675792709338
47145	23286	23652	13	3604972	0.00781675792709338
47145	23538	23855	14	3661353	0.00781675792709338
47145	23661	23966	15	3690863	0.00781675792709338
47145	23769	24027	16	3721667	0.00781675792709338
47145	23855	24061	17	3742228	0.00781675792709338
47147	0	617	0	1454	0.0105156201906702
47147	1650	1075	1	182713	0.0105156201906702
47147	4613	1852	2	473978	0.0105156201906702
47147	9735	3142	3	1017927	0.0105156201906702
47147	16508	5189	4	1775889	0.0105156201906702
47147	22240	8232	5	2270855	0.0105156201906702
47147	24387	12331	6	2511316	0.0105156201906702
47147	25978	17181	7	2672338	0.0105156201906702
47147	28201	22113	8	2864530	0.0105156201906702
47147	31424	26411	9	3108523	0.0105156201906702
47147	33091	29682	10	3254928	0.0105156201906702
47147	34522	31924	11	3387103	0.0105156201906702
47147	35593	33352	12	3510846	0.0105156201906702
47147	36440	34220	13	3604972	0.0105156201906702
47147	37007	34733	14	3661353	0.0105156201906702
47147	37314	35030	15	3690863	0.0105156201906702
47147	37707	35201	16	3721667	0.0105156201906702
47147	37893	35299	17	3742228	0.0105156201906702
47149	0	1851	0	1454	0.048656689667008
47149	5363	3353	1	182713	0.048656689667008
47149	15874	6031	2	473978	0.048656689667008
47149	39770	10720	3	1017927	0.048656689667008
47149	70425	18666	4	1775889	0.048656689667008
47149	100313	31418	5	2270855	0.048656689667008
47149	114257	50189	6	2511316	0.048656689667008
47149	123196	74592	7	2672338	0.048656689667008
47149	133926	101653	8	2864530	0.048656689667008
47149	148017	126849	9	3108523	0.048656689667008
47149	155526	146768	10	3254928	0.048656689667008
47149	162532	160573	11	3387103	0.048656689667008
47149	169123	169292	12	3510846	0.048656689667008
47149	174395	174479	13	3604972	0.048656689667008
47149	177706	177456	14	3661353	0.048656689667008
47149	179281	179130	15	3690863	0.048656689667008
47149	180684	180059	16	3721667	0.048656689667008
47149	181786	180573	17	3742228	0.048656689667008
47151	0	1008	0	1454	0.00323143033110593
47151	325	1505	1	182713	0.00323143033110593
47151	1358	2171	2	473978	0.00323143033110593
47151	2870	2993	3	1017927	0.00323143033110593
47151	4618	3911	4	1775889	0.00323143033110593
47151	5274	4832	5	2270855	0.00323143033110593
47151	5642	5658	6	2511316	0.00323143033110593
47151	5891	6330	7	2672338	0.00323143033110593
47151	6147	6834	8	2864530	0.00323143033110593
47151	6730	7189	9	3108523	0.00323143033110593
47151	7190	7429	10	3254928	0.00323143033110593
47151	7496	7586	11	3387103	0.00323143033110593
47151	7704	7686	12	3510846	0.00323143033110593
47151	7858	7750	13	3604972	0.00323143033110593
47151	7974	7790	14	3661353	0.00323143033110593
47151	8042	7816	15	3690863	0.00323143033110593
47151	8120	7831	16	3721667	0.00323143033110593
47151	8157	7841	17	3742228	0.00323143033110593
47153	0	290	0	1454	0.00220026609367399
47153	307	460	1	182713	0.00220026609367399
47153	723	714	2	473978	0.00220026609367399
47153	1361	1082	3	1017927	0.00220026609367399
47153	2088	1581	4	1775889	0.00220026609367399
47153	3061	2203	5	2270855	0.00220026609367399
47153	3290	2903	6	2511316	0.00220026609367399
47153	3497	3604	7	2672338	0.00220026609367399
47153	3763	4231	8	2864530	0.00220026609367399
47153	4248	4735	9	3108523	0.00220026609367399
47153	4598	5108	10	3254928	0.00220026609367399
47153	4840	5368	11	3387103	0.00220026609367399
47153	5012	5540	12	3510846	0.00220026609367399
47153	5108	5651	13	3604972	0.00220026609367399
47153	5184	5721	14	3661353	0.00220026609367399
47153	5225	5765	15	3690863	0.00220026609367399
47153	5265	5792	16	3721667	0.00220026609367399
47153	5275	5809	17	3742228	0.00220026609367399
47155	0	2790	0	1454	0.0143868057835399
47155	2182	4635	1	182713	0.0143868057835399
47155	5123	7485	2	473978	0.0143868057835399
47155	11795	11586	3	1017927	0.0143868057835399
47155	21949	16925	4	1775889	0.0143868057835399
47155	28756	23037	5	2270855	0.0143868057835399
47155	32365	29085	6	2511316	0.0143868057835399
47155	34731	34264	7	2672338	0.0143868057835399
47155	37770	38177	8	2864530	0.0143868057835399
47155	41577	40865	9	3108523	0.0143868057835399
47155	43995	42591	10	3254928	0.0143868057835399
47155	45761	43652	11	3387103	0.0143868057835399
47155	47189	44288	12	3510846	0.0143868057835399
47155	48183	44662	13	3604972	0.0143868057835399
47155	48918	44881	14	3661353	0.0143868057835399
47155	49243	45008	15	3690863	0.0143868057835399
47155	49526	45081	16	3721667	0.0143868057835399
47155	49791	45123	17	3742228	0.0143868057835399
47157	99	9331	0	1454	0.137229773322513
47157	15933	15592	1	182713	0.137229773322513
47157	46477	25856	2	473978	0.137229773322513
47157	125555	42344	3	1017927	0.137229773322513
47157	232162	67993	4	1775889	0.137229773322513
47157	289926	105964	5	2270855	0.137229773322513
47157	325115	158239	6	2511316	0.137229773322513
47157	351998	223450	7	2672338	0.137229773322513
47157	384241	295483	8	2864530	0.137229773322513
47157	416594	365111	9	3108523	0.137229773322513
47157	439219	424248	10	3254928	0.137229773322513
47157	463529	469206	11	3387103	0.137229773322513
47157	486415	500586	12	3510846	0.137229773322513
47157	502255	521207	13	3604972	0.137229773322513
47157	512749	534225	14	3661353	0.137229773322513
47157	517436	542237	15	3690863	0.137229773322513
47157	521956	547091	16	3721667	0.137229773322513
47157	525441	550003	17	3742228	0.137229773322513
47159	0	171	0	1454	0.00295160146746883
47159	484	287	1	182713	0.00295160146746883
47159	1121	477	2	473978	0.00295160146746883
47159	2168	780	3	1017927	0.00295160146746883
47159	3188	1243	4	1775889	0.00295160146746883
47159	4061	1907	5	2270855	0.00295160146746883
47159	4368	2776	6	2511316	0.00295160146746883
47159	4636	3788	7	2672338	0.00295160146746883
47159	5012	4818	8	2864530	0.00295160146746883
47159	5599	5731	9	3108523	0.00295160146746883
47159	5923	6448	10	3254928	0.00295160146746883
47159	6147	6958	11	3387103	0.00295160146746883
47159	6328	7296	12	3510846	0.00295160146746883
47159	6516	7510	13	3604972	0.00295160146746883
47159	6592	7642	14	3661353	0.00295160146746883
47159	6631	7721	15	3690863	0.00295160146746883
47159	6692	7768	16	3721667	0.00295160146746883
47159	6727	7796	17	3742228	0.00295160146746883
47161	0	179	0	1454	0.00200829558596691
47161	296	302	1	182713	0.00200829558596691
47161	858	503	2	473978	0.00200829558596691
47161	1761	819	3	1017927	0.00200829558596691
47161	2776	1285	4	1775889	0.00200829558596691
47161	3471	1918	5	2270855	0.00200829558596691
47161	3811	2685	6	2511316	0.00200829558596691
47161	4037	3494	7	2672338	0.00200829558596691
47161	4325	4232	8	2864530	0.00200829558596691
47161	4841	4823	9	3108523	0.00200829558596691
47161	5155	5247	10	3254928	0.00200829558596691
47161	5401	5529	11	3387103	0.00200829558596691
47161	5577	5706	12	3510846	0.00200829558596691
47161	5861	5815	13	3604972	0.00200829558596691
47161	5965	5879	14	3661353	0.00200829558596691
47161	6030	5917	15	3690863	0.00200829558596691
47161	6106	5939	16	3721667	0.00200829558596691
47161	6133	5952	17	3742228	0.00200829558596691
47163	0	3484	0	1454	0.0231869915746765
47163	8234	5789	1	182713	0.0231869915746765
47163	19053	9428	2	473978	0.0231869915746765
47163	31789	14890	3	1017927	0.0231869915746765
47163	50219	22492	4	1775889	0.0231869915746765
47163	58926	32035	5	2270855	0.0231869915746765
47163	64615	42573	6	2511316	0.0231869915746765
47163	67533	52685	7	2672338	0.0231869915746765
47163	71696	61160	8	2864530	0.0231869915746765
47163	77400	67495	9	3108523	0.0231869915746765
47163	80301	71837	10	3254928	0.0231869915746765
47163	82700	74637	11	3387103	0.0231869915746765
47163	85279	76375	12	3510846	0.0231869915746765
47163	87046	77426	13	3604972	0.0231869915746765
47163	88226	78053	14	3661353	0.0231869915746765
47163	88905	78424	15	3690863	0.0231869915746765
47163	89634	78641	16	3721667	0.0231869915746765
47163	90094	78769	17	3742228	0.0231869915746765
47165	0	2064	0	1454	0.0280096831622682
47165	4104	3746	1	182713	0.0280096831622682
47165	11587	6701	2	473978	0.0280096831622682
47165	24017	11685	3	1017927	0.0280096831622682
47165	41492	19546	4	1775889	0.0280096831622682
47165	55638	30726	5	2270855	0.0280096831622682
47165	61681	44485	6	2511316	0.0280096831622682
47165	65974	58701	7	2672338	0.0280096831622682
47165	71092	70965	8	2864530	0.0280096831622682
47165	77839	80005	9	3108523	0.0280096831622682
47165	81231	85924	10	3254928	0.0280096831622682
47165	84454	89505	11	3387103	0.0280096831622682
47165	87368	91568	12	3510846	0.0280096831622682
47165	89401	92725	13	3604972	0.0280096831622682
47165	90757	93362	14	3661353	0.0280096831622682
47165	91523	93711	15	3690863	0.0280096831622682
47165	92682	93900	16	3721667	0.0280096831622682
47165	93202	94003	17	3742228	0.0280096831622682
47167	0	480	0	1454	0.00901997811155493
47167	862	812	1	182713	0.00901997811155493
47167	2993	1363	2	473978	0.00901997811155493
47167	6315	2256	3	1017927	0.00901997811155493
47167	10748	3650	4	1775889	0.00901997811155493
47167	13593	5708	5	2270855	0.00901997811155493
47167	15144	8506	6	2511316	0.00901997811155493
47167	16371	11911	7	2672338	0.00901997811155493
47167	18114	15539	8	2864530	0.00901997811155493
47167	20242	18896	9	3108523	0.00901997811155493
47167	21651	21621	10	3254928	0.00901997811155493
47167	22748	23607	11	3387103	0.00901997811155493
47167	23454	24943	12	3510846	0.00901997811155493
47167	24276	25795	13	3604972	0.00901997811155493
47167	24671	26319	14	3661353	0.00901997811155493
47167	24862	26635	15	3690863	0.00901997811155493
47167	25045	26822	16	3721667	0.00901997811155493
47167	25175	26933	17	3742228	0.00901997811155493
47169	0	192	0	1454	0.00165232281385714
47169	228	318	1	182713	0.00165232281385714
47169	678	518	2	473978	0.00165232281385714
47169	1391	821	3	1017927	0.00165232281385714
47169	2263	1247	4	1775889	0.00165232281385714
47169	2676	1790	5	2270855	0.00165232281385714
47169	2862	2403	6	2511316	0.00165232281385714
47169	3011	3004	7	2672338	0.00165232281385714
47169	3213	3520	8	2864530	0.00165232281385714
47169	3511	3913	9	3108523	0.00165232281385714
47169	3666	4186	10	3254928	0.00165232281385714
47169	3816	4365	11	3387103	0.00165232281385714
47169	3959	4476	12	3510846	0.00165232281385714
47169	4035	4544	13	3604972	0.00165232281385714
47169	4101	4585	14	3661353	0.00165232281385714
47169	4128	4609	15	3690863	0.00165232281385714
47169	4171	4624	16	3721667	0.00165232281385714
47169	4189	4632	17	3742228	0.00165232281385714
47171	0	608	0	1454	0.00261861829849408
47171	575	939	1	182713	0.00261861829849408
47171	2488	1416	2	473978	0.00261861829849408
47171	3644	2066	3	1017927	0.00261861829849408
47171	5445	2889	4	1775889	0.00261861829849408
47171	6483	3837	5	2270855	0.00261861829849408
47171	7041	4817	6	2511316	0.00261861829849408
47171	7370	5724	7	2672338	0.00261861829849408
47171	7828	6479	8	2864530	0.00261861829849408
47171	8355	7057	9	3108523	0.00261861829849408
47171	8671	7470	10	3254928	0.00261861829849408
47171	9025	7751	11	3387103	0.00261861829849408
47171	9293	7936	12	3510846	0.00261861829849408
47171	9470	8056	13	3604972	0.00261861829849408
47171	9575	8132	14	3661353	0.00261861829849408
47171	9645	8179	15	3690863	0.00261861829849408
47171	9711	8209	16	3721667	0.00261861829849408
47171	9742	8228	17	3742228	0.00261861829849408
47173	0	414	0	1454	0.00292451180772375
47173	255	679	1	182713	0.00292451180772375
47173	898	1089	2	473978	0.00292451180772375
47173	2092	1684	3	1017927	0.00292451180772375
47173	3546	2479	4	1775889	0.00292451180772375
47173	4440	3429	5	2270855	0.00292451180772375
47173	4824	4423	6	2511316	0.00292451180772375
47173	5155	5330	7	2672338	0.00292451180772375
47173	5438	6058	8	2864530	0.00292451180772375
47173	5915	6587	9	3108523	0.00292451180772375
47173	6265	6942	10	3254928	0.00292451180772375
47173	6493	7168	11	3387103	0.00292451180772375
47173	6670	7308	12	3510846	0.00292451180772375
47173	6797	7393	13	3604972	0.00292451180772375
47173	6897	7444	14	3661353	0.00292451180772375
47173	6944	7474	15	3690863	0.00292451180772375
47173	6993	7491	16	3721667	0.00292451180772375
47173	7021	7502	17	3742228	0.00292451180772375
47175	0	202	0	1454	0.000859840443368407
47175	195	326	1	182713	0.000859840443368407
47175	544	511	2	473978	0.000859840443368407
47175	1191	768	3	1017927	0.000859840443368407
47175	1752	1096	4	1775889	0.000859840443368407
47175	2128	1467	5	2270855	0.000859840443368407
47175	2270	1835	6	2511316	0.000859840443368407
47175	2409	2154	7	2672338	0.000859840443368407
47175	2565	2402	8	2864530	0.000859840443368407
47175	2858	2578	9	3108523	0.000859840443368407
47175	3059	2695	10	3254928	0.000859840443368407
47175	3183	2769	11	3387103	0.000859840443368407
47175	3289	2815	12	3510846	0.000859840443368407
47175	3359	2843	13	3604972	0.000859840443368407
47175	3411	2860	14	3661353	0.000859840443368407
47175	3429	2870	15	3690863	0.000859840443368407
47175	3440	2876	16	3721667	0.000859840443368407
47175	3453	2880	17	3742228	0.000859840443368407
47177	0	1428	0	1454	0.00604421559620534
47177	749	2184	1	182713	0.00604421559620534
47177	2516	3257	2	473978	0.00604421559620534
47177	5470	4693	3	1017927	0.00604421559620534
47177	8385	6466	4	1775889	0.00604421559620534
47177	10147	8455	5	2270855	0.00604421559620534
47177	11082	10456	6	2511316	0.00604421559620534
47177	11772	12262	7	2672338	0.00604421559620534
47177	12680	13739	8	2864530	0.00604421559620534
47177	14092	14853	9	3108523	0.00604421559620534
47177	15070	15642	10	3254928	0.00604421559620534
47177	15746	16177	11	3387103	0.00604421559620534
47177	16254	16529	12	3510846	0.00604421559620534
47177	16608	16756	13	3604972	0.00604421559620534
47177	16850	16900	14	3661353	0.00604421559620534
47177	16997	16991	15	3690863	0.00604421559620534
47177	17104	17049	16	3721667	0.00604421559620534
47177	17198	17084	17	3742228	0.00604421559620534
47179	44	1079	0	1454	0.0189444579974094
47179	7635	1934	1	182713	0.0189444579974094
47179	17008	3433	2	473978	0.0189444579974094
47179	25912	5992	3	1017927	0.0189444579974094
47179	41731	10164	4	1775889	0.0189444579974094
47179	51075	16493	5	2270855	0.0189444579974094
47179	55986	25103	6	2511316	0.0189444579974094
47179	58621	35239	7	2672338	0.0189444579974094
47179	61976	45321	8	2864530	0.0189444579974094
47179	66442	53801	9	3108523	0.0189444579974094
47179	68717	59985	10	3254928	0.0189444579974094
47179	71158	64040	11	3387103	0.0189444579974094
47179	73914	66517	12	3510846	0.0189444579974094
47179	75286	67966	13	3604972	0.0189444579974094
47179	76268	68791	14	3661353	0.0189444579974094
47179	76876	69255	15	3690863	0.0189444579974094
47179	77458	69513	16	3721667	0.0189444579974094
47179	77862	69656	17	3742228	0.0189444579974094
47181	0	787	0	1454	0.00244143728070188
47181	629	1188	1	182713	0.00244143728070188
47181	1258	1728	2	473978	0.00244143728070188
47181	2760	2398	3	1017927	0.00244143728070188
47181	3954	3150	4	1775889	0.00244143728070188
47181	4722	3903	5	2270855	0.00244143728070188
47181	4913	4576	6	2511316	0.00244143728070188
47181	5102	5118	7	2672338	0.00244143728070188
47181	5358	5520	8	2864530	0.00244143728070188
47181	5874	5801	9	3108523	0.00244143728070188
47181	6226	5988	10	3254928	0.00244143728070188
47181	6418	6109	11	3387103	0.00244143728070188
47181	6560	6186	12	3510846	0.00244143728070188
47181	6691	6234	13	3604972	0.00244143728070188
47181	6753	6264	14	3661353	0.00244143728070188
47181	6804	6283	15	3690863	0.00244143728070188
47181	6849	6294	16	3721667	0.00244143728070188
47181	6867	6301	17	3742228	0.00244143728070188
47183	0	832	0	1454	0.00488023881072587
47183	840	1337	1	182713	0.00488023881072587
47183	2328	2099	2	473978	0.00488023881072587
47183	4109	3185	3	1017927	0.00488023881072587
47183	5933	4607	4	1775889	0.00488023881072587
47183	7454	6285	5	2270855	0.00488023881072587
47183	8120	8032	6	2511316	0.00488023881072587
47183	8666	9632	7	2672338	0.00488023881072587
47183	9334	10934	8	2864530	0.00488023881072587
47183	10598	11894	9	3108523	0.00488023881072587
47183	11301	12552	10	3254928	0.00488023881072587
47183	11810	12982	11	3387103	0.00488023881072587
47183	12098	13253	12	3510846	0.00488023881072587
47183	12332	13420	13	3604972	0.00488023881072587
47183	12530	13522	14	3661353	0.00488023881072587
47183	12644	13584	15	3690863	0.00488023881072587
47183	12800	13621	16	3721667	0.00488023881072587
47183	12871	13643	17	3742228	0.00488023881072587
47185	0	808	0	1454	0.00400414457151041
47185	589	1335	1	182713	0.00400414457151041
47185	1931	2137	2	473978	0.00400414457151041
47185	4143	3262	3	1017927	0.00400414457151041
47185	6275	4678	4	1775889	0.00400414457151041
47185	7518	6233	5	2270855	0.00400414457151041
47185	8075	7704	6	2511316	0.00400414457151041
47185	8554	8914	7	2672338	0.00400414457151041
47185	9148	9798	8	2864530	0.00400414457151041
47185	10023	10390	9	3108523	0.00400414457151041
47185	10561	10764	10	3254928	0.00400414457151041
47185	10896	10991	11	3387103	0.00400414457151041
47185	11190	11126	12	3510846	0.00400414457151041
47185	11351	11205	13	3604972	0.00400414457151041
47185	11484	11251	14	3661353	0.00400414457151041
47185	11556	11278	15	3690863	0.00400414457151041
47185	11629	11293	16	3721667	0.00400414457151041
47185	11669	11302	17	3742228	0.00400414457151041
47187	0	2549	0	1454	0.0349108105899776
47187	7788	4929	1	182713	0.0349108105899776
47187	20420	9380	2	473978	0.0349108105899776
47187	44241	17337	3	1017927	0.0349108105899776
47187	78908	30473	4	1775889	0.0349108105899776
47187	103311	49559	5	2270855	0.0349108105899776
47187	114537	72700	6	2511316	0.0349108105899776
47187	120520	95319	7	2672338	0.0349108105899776
47187	127753	113223	8	2864530	0.0349108105899776
47187	135882	125172	9	3108523	0.0349108105899776
47187	139778	132266	10	3254928	0.0349108105899776
47187	144134	136189	11	3387103	0.0349108105899776
47187	151086	138273	12	3510846	0.0349108105899776
47187	154501	139357	13	3604972	0.0349108105899776
47187	156230	139914	14	3661353	0.0349108105899776
47187	157138	140199	15	3690863	0.0349108105899776
47187	158115	140345	16	3721667	0.0349108105899776
47187	158980	140419	17	3742228	0.0349108105899776
47189	0	1604	0	1454	0.0211822103229468
47189	3427	2929	1	182713	0.0211822103229468
47189	8777	5271	2	473978	0.0211822103229468
47189	20199	9245	3	1017927	0.0211822103229468
47189	35948	15545	4	1775889	0.0211822103229468
47189	47072	24533	5	2270855	0.0211822103229468
47189	52226	35597	6	2511316	0.0211822103229468
47189	55184	46990	7	2672338	0.0211822103229468
47189	59225	56754	8	2864530	0.0211822103229468
47189	64864	63891	9	3108523	0.0211822103229468
47189	67800	68524	10	3254928	0.0211822103229468
47189	70495	71303	11	3387103	0.0211822103229468
47189	73376	72893	12	3510846	0.0211822103229468
47189	75039	73777	13	3604972	0.0211822103229468
47189	76105	74261	14	3661353	0.0211822103229468
47189	76650	74524	15	3690863	0.0211822103229468
47189	77319	74666	16	3721667	0.0211822103229468
47189	77778	74743	17	3742228	0.0211822103229468
