522	7
UT	49001	0	1.65489224488948	0	28	0.00209297813633242
UT	49001	2.2	2.71443851479418	1	950	0.00209297813633242
UT	49001	7	4.38074515601477	2	4132	0.00209297813633242
UT	49001	14.7	6.89551600104567	3	5719	0.00209297813633242
UT	49001	21	10.4642635355705	4	30023	0.00209297813633242
UT	49001	25.4	15.1102421884321	5	37731	0.00209297813633242
UT	49001	27.3	20.5238045050172	6	39349	0.00209297813633242
UT	49001	32.5	26.073477649464	7	41745	0.00209297813633242
UT	49001	34.9	31.0636938712759	8	42670	0.00209297813633242
UT	49001	37.6	35.0489076140899	9	43438	0.00209297813633242
UT	49001	40.8	37.9406530098725	10	43621	0.00209297813633242
UT	49001	42.5	39.896226383199	11	44410	0.00209297813633242
UT	49001	44.1	41.1564989036848	12	45038	0.00209297813633242
UT	49001	46	41.9436453693646	13	48314	0.00209297813633242
UT	49001	47.2	42.4257074257281	14	48861	0.00209297813633242
UT	49001	47.7	42.7173817036416	15	49038	0.00209297813633242
UT	49001	47.8	42.8925711129811	16	49202	0.00209297813633242
UT	49001	48	42.9973325547096	17	49187	0.00209297813633242
UT	49003	0	1.36734534317032	0	28	0.0174818260251694
UT	49003	0.5	2.35108573887383	1	950	0.0174818260251694
UT	49003	2.3	3.98269262685325	2	4132	0.0174818260251694
UT	49003	7.3	6.58480880478274	3	5719	0.0174818260251694
UT	49003	15.1	10.4859851415739	4	30023	0.0174818260251694
UT	49003	20.5	15.8244703800775	5	37731	0.0174818260251694
UT	49003	23.3	22.2847858031041	6	39349	0.0174818260251694
UT	49003	33.2	29.0342966447143	7	41745	0.0174818260251694
UT	49003	35.9	35.0852677800218	8	42670	0.0174818260251694
UT	49003	38.9	39.8095704495745	9	43438	0.0174818260251694
UT	49003	42.5	43.1154109703398	10	43621	0.0174818260251694
UT	49003	45.6	45.2553468240371	11	44410	0.0174818260251694
UT	49003	48	46.5715575901516	12	45038	0.0174818260251694
UT	49003	49.6	47.3558272594862	13	48314	0.0174818260251694
UT	49003	51.4	47.814327063937	14	48861	0.0174818260251694
UT	49003	51.9	48.0793974397266	15	49038	0.0174818260251694
UT	49003	52.1	48.2316525009525	16	49202	0.0174818260251694
UT	49003	52.2	48.3187819866895	17	49187	0.0174818260251694
UT	49005	0	0.663283361722181	0	28	0.0400158080673546
UT	49005	0.3	1.18400463441981	1	950	0.0400158080673546
UT	49005	1.8	2.09754891316875	2	4132	0.0400158080673546
UT	49005	6.4	3.66731980669359	3	5719	0.0400158080673546
UT	49005	17.1	6.27084238823088	4	30023	0.0400158080673546
UT	49005	22.8	10.3452557084467	5	37731	0.0400158080673546
UT	49005	26.3	16.1759502158703	6	39349	0.0400158080673546
UT	49005	39.1	23.534576167914	7	41745	0.0400158080673546
UT	49005	42.2	31.47892015072	8	42670	0.0400158080673546
UT	49005	45.1	38.7322139547128	9	43438	0.0400158080673546
UT	49005	48.4	44.4089280552067	10	43621	0.0400158080673546
UT	49005	50.7	48.3393265416619	11	44410	0.0400158080673546
UT	49005	53.5	50.8353181922281	12	45038	0.0400158080673546
UT	49005	55.4	52.3344559223105	13	48314	0.0400158080673546
UT	49005	57.6	53.2048959922955	14	48861	0.0400158080673546
UT	49005	58.2	53.7003917078963	15	49038	0.0400158080673546
UT	49005	58.4	53.9792776750363	16	49202	0.0400158080673546
UT	49005	58.6	54.1352475139895	17	49187	0.0400158080673546
UT	49007	0	2.40656710547804	0	28	0.00638280351770048
UT	49007	1.1	4.02560676065663	1	950	0.00638280351770048
UT	49007	4.7	6.5737943619837	2	4132	0.00638280351770048
UT	49007	11.9	10.3478178479256	3	5719	0.00638280351770048
UT	49007	21.3	15.4625936283042	4	30023	0.00638280351770048
UT	49007	27.1	21.6198309338054	5	37731	0.00638280351770048
UT	49007	29.3	28.0571084877508	6	39349	0.00638280351770048
UT	49007	36.2	33.8672328592795	7	41745	0.00638280351770048
UT	49007	37.9	38.4555966672533	8	42670	0.00638280351770048
UT	49007	39.7	41.7116480913755	9	43438	0.00638280351770048
UT	49007	41.4	43.8509210144388	10	43621	0.00638280351770048
UT	49007	43.6	45.1861950078366	11	44410	0.00638280351770048
UT	49007	45.7	45.993133521477	12	45038	0.00638280351770048
UT	49007	46.9	46.4712957061964	13	48314	0.00638280351770048
UT	49007	49.4	46.7513434622652	14	48861	0.00638280351770048
UT	49007	49.7	46.9142384646551	15	49038	0.00638280351770048
UT	49007	49.9	47.0086112689125	16	49202	0.00638280351770048
UT	49007	50	47.0631592951097	17	49187	0.00638280351770048
UT	49009	0	2.34504001494883	0	28	0.000296323283087302
UT	49009	0	4.08522552065069	1	950	0.000296323283087302
UT	49009	3.7	6.94416670452053	2	4132	0.000296323283087302
UT	49009	13.9	11.3516051286245	3	5719	0.000296323283087302
UT	49009	30.8	17.5214874490384	4	30023	0.000296323283087302
UT	49009	35.5	25.0862461091657	5	37731	0.000296323283087302
UT	49009	38	32.9879135265004	6	39349	0.000296323283087302
UT	49009	46.2	39.9733472663304	7	41745	0.000296323283087302
UT	49009	48.4	45.2947508619121	8	42670	0.000296323283087302
UT	49009	50.4	48.9068994446511	9	43438	0.000296323283087302
UT	49009	54.4	51.1709220957295	10	43621	0.000296323283087302
UT	49009	59.4	52.5198027200649	11	44410	0.000296323283087302
UT	49009	62.2	53.2992944774198	12	45038	0.000296323283087302
UT	49009	64.4	53.7418223434248	13	48314	0.000296323283087302
UT	49009	66.3	53.9905227464085	14	48861	0.000296323283087302
UT	49009	66.5	54.1294981340234	15	49038	0.000296323283087302
UT	49009	66.8	54.2069112978167	16	49202	0.000296323283087302
UT	49009	67.5	54.2499560290435	17	49187	0.000296323283087302
UT	49011	0	1.00711042294356	0	28	0.11088136525806
UT	49011	1.8	1.84962869705104	1	950	0.11088136525806
UT	49011	5.3	3.35661141885426	2	4132	0.11088136525806
UT	49011	12.6	5.96464613368022	3	5719	0.11088136525806
UT	49011	26	10.2306373524024	4	30023	0.11088136525806
UT	49011	34.7	16.6036269005053	5	37731	0.11088136525806
UT	49011	40.2	24.9418682960646	6	39349	0.11088136525806
UT	49011	47.2	34.1440701288458	7	41745	0.11088136525806
UT	49011	50.1	42.5737152201412	8	42670	0.11088136525806
UT	49011	53.5	49.0760369061732	9	43438	0.11088136525806
UT	49011	56.2	53.457734672406	10	43621	0.11088136525806
UT	49011	58.3	56.1481111114662	11	44410	0.11088136525806
UT	49011	61.8	57.7067078571318	12	45038	0.11088136525806
UT	49011	63.6	58.5793743681649	13	48314	0.11088136525806
UT	49011	66.1	59.058677977019	14	48861	0.11088136525806
UT	49011	66.7	59.319152875089	15	49038	0.11088136525806
UT	49011	67.1	59.4598908279718	16	49202	0.11088136525806
UT	49011	67.3	59.5356959743646	17	49187	0.11088136525806
UT	49013	0	1.57974200522839	0	28	0.00621904591388908
UT	49013	1.5	2.60304186272086	1	950	0.00621904591388908
UT	49013	4.2	4.21919487213384	2	4132	0.00621904591388908
UT	49013	9.3	6.66692056433869	3	5719	0.00621904591388908
UT	49013	18.5	10.1484371852446	4	30023	0.00621904591388908
UT	49013	22.3	14.6823763331908	5	37731	0.00621904591388908
UT	49013	23.8	19.9539708170643	6	39349	0.00621904591388908
UT	49013	30	25.3324419585657	7	41745	0.00621904591388908
UT	49013	31.9	30.1358449722738	8	42670	0.00621904591388908
UT	49013	33.7	33.941595995925	9	43438	0.00621904591388908
UT	49013	37	36.68085155929	10	43621	0.00621904591388908
UT	49013	39.2	38.5191371625602	11	44410	0.00621904591388908
UT	49013	41.1	39.6955270772243	12	45038	0.00621904591388908
UT	49013	42.4	40.4256019147856	13	48314	0.00621904591388908
UT	49013	44.3	40.8700976786625	14	48861	0.00621904591388908
UT	49013	44.8	41.137574377806	15	49038	0.00621904591388908
UT	49013	45	41.2973973137924	16	49202	0.00621904591388908
UT	49013	45.2	41.3924924150037	17	49187	0.00621904591388908
UT	49015	0	1.54825528077346	0	28	0.00312293548449481
UT	49015	0	2.65851875098262	1	950	0.00312293548449481
UT	49015	3.1	4.47710947947691	2	4132	0.00312293548449481
UT	49015	13	7.30932496186762	3	5719	0.00312293548449481
UT	49015	23.4	11.3910846858158	4	30023	0.00312293548449481
UT	49015	27	16.6613793159177	5	37731	0.00312293548449481
UT	49015	28.2	22.5786523339184	6	39349	0.00312293548449481
UT	49015	33	28.2646724240587	7	41745	0.00312293548449481
UT	49015	34.5	32.9673877113879	8	42670	0.00312293548449481
UT	49015	37	36.3976894408343	9	43438	0.00312293548449481
UT	49015	38.9	38.6772835627563	10	43621	0.00312293548449481
UT	49015	41.2	40.0998760839583	11	44410	0.00312293548449481
UT	49015	43	40.9531042045548	12	45038	0.00312293548449481
UT	49015	44.1	41.4527115926099	13	48314	0.00312293548449481
UT	49015	45.7	41.7411547643491	14	48861	0.00312293548449481
UT	49015	46	41.906328391898	15	49038	0.00312293548449481
UT	49015	46.2	42.0004705566924	16	49202	0.00312293548449481
UT	49015	46.3	42.0539843201283	17	49187	0.00312293548449481
UT	49017	0	1.46829649143748	0	28	0.00157550410828838
UT	49017	0	2.59130557994752	1	950	0.00157550410828838
UT	49017	6.6	4.49206795304589	2	4132	0.00157550410828838
UT	49017	17.7	7.55996735826261	3	5719	0.00157550410828838
UT	49017	29.6	12.1511433565984	4	30023	0.00157550410828838
UT	49017	33.4	18.2994188144631	5	37731	0.00157550410828838
UT	49017	34.8	25.4133597560008	6	39349	0.00157550410828838
UT	49017	42.8	32.3766984135595	7	41745	0.00157550410828838
UT	49017	44.9	38.1615690979197	8	42670	0.00157550410828838
UT	49017	47.3	42.347594291768	9	43438	0.00157550410828838
UT	49017	49.8	45.0835275803584	10	43621	0.00157550410828838
UT	49017	52.3	46.7546711632239	11	44410	0.00157550410828838
UT	49017	53.8	47.7335561430411	12	45038	0.00157550410828838
UT	49017	54.6	48.2929300611683	13	48314	0.00157550410828838
UT	49017	56.6	48.6080666055064	14	48861	0.00157550410828838
UT	49017	57.1	48.7841856298216	15	49038	0.00157550410828838
UT	49017	57.2	48.8821708125183	16	49202	0.00157550410828838
UT	49017	57.3	48.9365492454361	17	49187	0.00157550410828838
UT	49019	0	1.31218836467609	0	28	0.0030424603191932
UT	49019	1.5	2.53464029448435	1	950	0.0030424603191932
UT	49019	4.8	4.80650474769387	2	4132	0.0030424603191932
UT	49019	14.4	8.81541403249456	3	5719	0.0030424603191932
UT	49019	30.7	15.2825014586784	4	30023	0.0030424603191932
UT	49019	41.1	24.3431812653749	5	37731	0.0030424603191932
UT	49019	44.7	34.8159674787264	6	39349	0.0030424603191932
UT	49019	52.5	44.5373121557968	7	41745	0.0030424603191932
UT	49019	55.3	51.8880839530899	8	42670	0.0030424603191932
UT	49019	57.2	56.6302272584663	9	43438	0.0030424603191932
UT	49019	58.8	59.3837727667041	10	43621	0.0030424603191932
UT	49019	61.3	60.8857985697825	11	44410	0.0030424603191932
UT	49019	63.7	61.6773012742887	12	45038	0.0030424603191932
UT	49019	65.6	62.0868005232791	13	48314	0.0030424603191932
UT	49019	67.3	62.2966509610691	14	48861	0.0030424603191932
UT	49019	67.7	62.4036643516688	15	49038	0.0030424603191932
UT	49019	67.8	62.4580995265862	16	49202	0.0030424603191932
UT	49019	68.1	62.4857541646665	17	49187	0.0030424603191932
UT	49021	0	1.16944711927628	0	28	0.0171053394960258
UT	49021	0.5	2.03442760661318	1	950	0.0171053394960258
UT	49021	2.4	3.48820015821958	2	4132	0.0171053394960258
UT	49021	10.8	5.83942040258917	3	5719	0.0171053394960258
UT	49021	19	9.41546642273729	4	30023	0.0171053394960258
UT	49021	23.9	14.3762157673409	5	37731	0.0171053394960258
UT	49021	26.6	20.4461966529713	6	39349	0.0171053394960258
UT	49021	31.1	26.8290985032947	7	41745	0.0171053394960258
UT	49021	33.2	32.5557808569741	8	42670	0.0171053394960258
UT	49021	36	37.0066652172573	9	43438	0.0171053394960258
UT	49021	38.8	40.095411337435	10	43621	0.0171053394960258
UT	49021	40.7	42.0741429154803	11	44410	0.0171053394960258
UT	49021	42.4	43.2775832323555	12	45038	0.0171053394960258
UT	49021	43.6	43.9865046159299	13	48314	0.0171053394960258
UT	49021	45.3	44.3962848922053	14	48861	0.0171053394960258
UT	49021	45.8	44.6305638685409	15	49038	0.0171053394960258
UT	49021	46	44.76366497631	16	49202	0.0171053394960258
UT	49021	46.2	44.8390134900906	17	49187	0.0171053394960258
UT	49023	0	1.52635075152988	0	28	0.00374833357143169
UT	49023	2.3	2.53336550743102	1	950	0.00374833357143169
UT	49023	4.7	4.13229558469353	2	4132	0.00374833357143169
UT	49023	9.8	6.56085436732241	3	5719	0.00374833357143169
UT	49023	16.7	10.0116531876474	4	30023	0.00374833357143169
UT	49023	19.6	14.4775832469298	5	37731	0.00374833357143169
UT	49023	21.3	19.6070941624227	6	39349	0.00374833357143169
UT	49023	25.2	24.75004665744	7	41745	0.00374833357143169
UT	49023	27.3	29.2496784630068	8	42670	0.00374833357143169
UT	49023	29.3	32.7406369407956	9	43438	0.00374833357143169
UT	49023	31.6	35.2048770506095	10	43621	0.00374833357143169
UT	49023	33.2	36.8306578007248	11	44410	0.00374833357143169
UT	49023	34.9	37.85595544668	12	45038	0.00374833357143169
UT	49023	36.2	38.4842747386057	13	48314	0.00374833357143169
UT	49023	36.1	38.862572992534	14	48861	0.00374833357143169
UT	49023	36.6	39.0879191646173	15	49038	0.00374833357143169
UT	49023	36.8	39.2213011676548	16	49202	0.00374833357143169
UT	49023	36.9	39.2999519970619	17	49187	0.00374833357143169
UT	49025	0	1.66835892024048	0	28	0.00245979516886996
UT	49025	0.9	3.2338932350684	1	950	0.00245979516886996
UT	49025	5.1	6.07632812585953	2	4132	0.00245979516886996
UT	49025	16.3	10.8152124250406	3	5719	0.00245979516886996
UT	49025	29.2	17.6946534685256	4	30023	0.00245979516886996
UT	49025	33.4	25.9109925088427	5	37731	0.00245979516886996
UT	49025	35.1	33.7154204172693	6	39349	0.00245979516886996
UT	49025	38.4	39.6723288380142	7	41745	0.00245979516886996
UT	49025	40.2	43.5040919865228	8	42670	0.00245979516886996
UT	49025	42	45.7047284144767	9	43438	0.00245979516886996
UT	49025	44.5	46.8870826304907	10	43621	0.00245979516886996
UT	49025	46.4	47.499648894258	11	44410	0.00245979516886996
UT	49025	47.7	47.8110385959915	12	45038	0.00245979516886996
UT	49025	48.7	47.9678002555984	13	48314	0.00245979516886996
UT	49025	49.5	48.0463325201946	14	48861	0.00245979516886996
UT	49025	49.8	48.0855779746786	15	49038	0.00245979516886996
UT	49025	50.2	48.1051662880987	16	49202	0.00245979516886996
UT	49025	50.4	48.1149372727608	17	49187	0.00245979516886996
UT	49027	0	1.57586265475093	0	28	0.00411359100774246
UT	49027	0.6	2.6001688002295	1	950	0.00411359100774246
UT	49027	3.4	4.22064616022077	2	4132	0.00411359100774246
UT	49027	9.8	6.67954725466791	3	5719	0.00411359100774246
UT	49027	20.5	10.184158797046	4	30023	0.00411359100774246
UT	49027	23.3	14.7578762696703	5	37731	0.00411359100774246
UT	49027	24.9	20.0862661202477	6	39349	0.00411359100774246
UT	49027	29.6	25.5312534428533	7	41745	0.00411359100774246
UT	49027	31.9	30.3987545641536	8	42670	0.00411359100774246
UT	49027	34.6	34.2564595082244	9	43438	0.00411359100774246
UT	49027	37.8	37.0323829485273	10	43621	0.00411359100774246
UT	49027	40.1	38.8940444757031	11	44410	0.00411359100774246
UT	49027	42	40.0843163023144	12	45038	0.00411359100774246
UT	49027	43.2	40.8222417830684	13	48314	0.00411359100774246
UT	49027	44.7	41.2710242507903	14	48861	0.00411359100774246
UT	49027	45.2	41.5407772352793	15	49038	0.00411359100774246
UT	49027	45.5	41.701778094127	16	49202	0.00411359100774246
UT	49027	45.7	41.7974657982491	17	49187	0.00411359100774246
UT	49029	0	1.38239980066221	0	28	0.00378170893068468
UT	49029	0	2.37374270669093	1	950	0.00378170893068468
UT	49029	3.5	4.01665528550402	2	4132	0.00378170893068468
UT	49029	9	6.63653999178838	3	5719	0.00378170893068468
UT	49029	18.2	10.568233721263	4	30023	0.00378170893068468
UT	49029	23.8	15.9618649285506	5	37731	0.00378170893068468
UT	49029	26.5	22.5163053627837	6	39349	0.00378170893068468
UT	49029	35.4	29.4028438621659	7	41745	0.00378170893068468
UT	49029	37.8	35.6159372226344	8	42670	0.00378170893068468
UT	49029	41.4	40.4968294384323	9	43438	0.00378170893068468
UT	49029	44.2	43.9306888110052	10	43621	0.00378170893068468
UT	49029	46.9	46.163326389294	11	44410	0.00378170893068468
UT	49029	49.4	47.5414307843977	12	45038	0.00378170893068468
UT	49029	51.3	48.3649532426786	13	48314	0.00378170893068468
UT	49029	53.1	48.8475738367811	14	48861	0.00378170893068468
UT	49029	53.6	49.1271863621159	15	49038	0.00378170893068468
UT	49029	53.9	49.2881083641309	16	49202	0.00378170893068468
UT	49029	54	49.3803671004978	17	49187	0.00378170893068468
UT	49031	0	1.51405262948549	0	28	0.000461328563880126
UT	49031	0	2.60069980996325	1	950	0.000461328563880126
UT	49031	2.1	4.37494675040351	2	4132	0.000461328563880126
UT	49031	10.8	7.11945248822926	3	5719	0.000461328563880126
UT	49031	19.3	11.0289263827087	4	30023	0.000461328563880126
UT	49031	21.1	15.9906330679956	5	37731	0.000461328563880126
UT	49031	21.9	21.4411826324098	6	39349	0.000461328563880126
UT	49031	29.1	26.5560127225767	7	41745	0.000461328563880126
UT	49031	29.7	30.6933450319645	8	42670	0.000461328563880126
UT	49031	31.6	33.6562443698468	9	43438	0.000461328563880126
UT	49031	34.8	35.5979877475082	10	43621	0.000461328563880126
UT	49031	36.3	36.7975956873492	11	44410	0.000461328563880126
UT	49031	37.4	37.5118889005394	12	45038	0.000461328563880126
UT	49031	38.9	37.9279045206679	13	48314	0.000461328563880126
UT	49031	37.9	38.1670837098249	14	48861	0.000461328563880126
UT	49031	38.3	38.3035726720768	15	49038	0.000461328563880126
UT	49031	38.3	38.3811294955971	16	49202	0.000461328563880126
UT	49031	38.5	38.4250927022078	17	49187	0.000461328563880126
UT	49033	0	2.09046880555164	0	28	0.0007744954862166
UT	49033	0	3.62489981997315	1	950	0.0007744954862166
UT	49033	2.5	6.13021708203426	2	4132	0.0007744954862166
UT	49033	6.4	9.96480538986363	3	5719	0.0007744954862166
UT	49033	14.8	15.2899640935086	4	30023	0.0007744954862166
UT	49033	18.9	21.7663462494915	5	37731	0.0007744954862166
UT	49033	20.6	28.4838494854277	6	39349	0.0007744954862166
UT	49033	35.2	34.3938306949731	7	41745	0.0007744954862166
UT	49033	37.1	38.8860909126491	8	42670	0.0007744954862166
UT	49033	39.1	41.935755128435	9	43438	0.0007744954862166
UT	49033	41.6	43.8505210755638	10	43621	0.0007744954862166
UT	49033	44.5	44.9943806339887	11	44410	0.0007744954862166
UT	49033	47.9	45.6575024227247	12	45038	0.0007744954862166
UT	49033	49.8	46.035256172878	13	48314	0.0007744954862166
UT	49033	51.4	46.2483032783388	14	48861	0.0007744954862166
UT	49033	52.1	46.3677803529802	15	49038	0.0007744954862166
UT	49033	52.3	46.434570655509	16	49202	0.0007744954862166
UT	49033	52.5	46.4718415818727	17	49187	0.0007744954862166
UT	49035	0	0.413602661507126	0	28	0.361962633322083
UT	49035	1.9	0.786404138236014	1	950	0.361962633322083
UT	49035	5.4	1.48750171967226	2	4132	0.361962633322083
UT	49035	13.7	2.78655515393328	3	5719	0.361962633322083
UT	49035	26.8	5.12859854429287	4	30023	0.361962633322083
UT	49035	36.1	9.14996117652617	5	37731	0.361962633322083
UT	49035	41.6	15.5088398250236	6	39349	0.361962633322083
UT	49035	50.8	24.3620831318606	7	41745	0.361962633322083
UT	49035	53.8	34.7287429066163	8	42670	0.361962633322083
UT	49035	56.6	44.6678145862814	9	43438	0.361962633322083
UT	49035	59.1	52.5288839078089	10	43621	0.361962633322083
UT	49035	61.1	57.8528917479179	11	44410	0.361962633322083
UT	49035	64.5	61.0906305809311	12	45038	0.361962633322083
UT	49035	66.4	62.9323234287274	13	48314	0.361962633322083
UT	49035	69.2	63.9402847161212	14	48861	0.361962633322083
UT	49035	69.8	64.4803222922414	15	49038	0.361962633322083
UT	49035	70.1	64.7663615263433	16	49202	0.361962633322083
UT	49035	70.3	64.9169470375002	17	49187	0.361962633322083
UT	49037	0	2.52638700342416	0	28	0.00477485980789518
UT	49037	5.4	3.8751232634621	1	950	0.00477485980789518
UT	49037	11.3	5.86905319736835	2	4132	0.00477485980789518
UT	49037	27.4	8.72650981522028	3	5719	0.00477485980789518
UT	49037	30.8	12.6440374074956	4	30023	0.00477485980789518
UT	49037	32.8	17.7009060394746	5	37731	0.00477485980789518
UT	49037	34.9	23.7440957283255	6	39349	0.00477485980789518
UT	49037	43.5	30.3346978836974	7	41745	0.00477485980789518
UT	49037	47.8	36.8424801126109	8	42670	0.00477485980789518
UT	49037	49.6	42.6676213893654	9	43438	0.00477485980789518
UT	49037	52.1	47.4410030488086	10	43621	0.00477485980789518
UT	49037	54.2	51.0773992514015	11	44410	0.00477485980789518
UT	49037	58.3	53.6966635710888	12	45038	0.00477485980789518
UT	49037	60.8	55.5080935672297	13	48314	0.00477485980789518
UT	49037	64.1	56.7258772957492	14	48861	0.00477485980789518
UT	49037	64.8	57.5290627715109	15	49038	0.00477485980789518
UT	49037	65.1	58.0521421117545	16	49202	0.00477485980789518
UT	49037	65.3	58.3899995092852	17	49187	0.00477485980789518
UT	49039	0	2.89795565291513	0	28	0.00965046953204003
UT	49039	0.7	4.61759102470195	1	950	0.00965046953204003
UT	49039	2.7	7.16308071136131	2	4132	0.00965046953204003
UT	49039	9.2	10.6932127130125	3	5719	0.00965046953204003
UT	49039	17.5	15.1705423567305	4	30023	0.00965046953204003
UT	49039	21.7	20.2475872901536	5	37731	0.00965046953204003
UT	49039	23.5	25.3227157925468	6	39349	0.00965046953204003
UT	49039	27.6	29.7951771592727	7	41745	0.00965046953204003
UT	49039	29.6	33.3193726887854	8	42670	0.00965046953204003
UT	49039	32.1	35.8594347387888	9	43438	0.00965046953204003
UT	49039	34.2	37.5748597610405	10	43621	0.00965046953204003
UT	49039	36	38.683054078337	11	44410	0.00965046953204003
UT	49039	38.3	39.3785671924606	12	45038	0.00965046953204003
UT	49039	39.4	39.8071876813537	13	48314	0.00965046953204003
UT	49039	40.5	40.0683686575757	14	48861	0.00965046953204003
UT	49039	41	40.2264273446264	15	49038	0.00965046953204003
UT	49039	41.1	40.3216811210054	16	49202	0.00965046953204003
UT	49039	41.2	40.3789412773918	17	49187	0.00965046953204003
UT	49041	0	1.58731990324608	0	28	0.00674369408457628
UT	49041	0.7	2.60389557205229	1	950	0.00674369408457628
UT	49041	3.4	4.20257980638956	2	4132	0.00674369408457628
UT	49041	13.7	6.61489067647147	3	5719	0.00674369408457628
UT	49041	20.6	10.036985925199	4	30023	0.00674369408457628
UT	49041	23.5	14.4893371142722	5	37731	0.00674369408457628
UT	49041	25.3	19.6728608516533	6	39349	0.00674369408457628
UT	49041	29.3	24.9812416388694	7	41745	0.00674369408457628
UT	49041	31.1	29.7493158321363	8	42670	0.00674369408457628
UT	49041	33.6	33.5532703356476	9	43438	0.00674369408457628
UT	49041	37.2	36.3111121782387	10	43621	0.00674369408457628
UT	49041	39.1	38.1748432095456	11	44410	0.00674369408457628
UT	49041	41.2	39.375278622765	12	45038	0.00674369408457628
UT	49041	42.5	40.1247329393653	13	48314	0.00674369408457628
UT	49041	43.4	40.58355371278	14	48861	0.00674369408457628
UT	49041	43.9	40.8610852161549	15	49038	0.00674369408457628
UT	49041	44	41.0277374949584	16	49202	0.00674369408457628
UT	49041	44.2	41.1273706259775	17	49187	0.00674369408457628
UT	49043	0	0.906898697918145	0	28	0.0131458365954888
UT	49043	1.3	1.94230638827529	1	950	0.0131458365954888
UT	49043	5	4.0944306355702	2	4132	0.0131458365954888
UT	49043	18.9	8.35799700240777	3	5719	0.0131458365954888
UT	49043	40.5	16.0546384042092	4	30023	0.0131458365954888
UT	49043	52.9	27.8704820957976	5	37731	0.0131458365954888
UT	49043	58.2	42.1534543640325	6	39349	0.0131458365954888
UT	49043	68.1	55.17010061906	7	41745	0.0131458365954888
UT	49043	70.9	64.3130484822009	8	42670	0.0131458365954888
UT	49043	73.4	69.6251958105882	9	43438	0.0131458365954888
UT	49043	75.7	72.3774958944699	10	43621	0.0131458365954888
UT	49043	78.3	73.7191195527253	11	44410	0.0131458365954888
UT	49043	83	74.3536473414153	12	45038	0.0131458365954888
UT	49043	85	74.649461119571	13	48314	0.0131458365954888
UT	49043	87.5	74.7864420803626	14	48861	0.0131458365954888
UT	49043	88.1	74.8496752083456	15	49038	0.0131458365954888
UT	49043	88.5	74.878822755646	16	49202	0.0131458365954888
UT	49043	88.9	74.8922494834751	17	49187	0.0131458365954888
UT	49045	0	0.741443997443502	0	28	0.0225389727501109
UT	49045	1.2	1.29533069134277	1	950	0.0225389727501109
UT	49045	4.8	2.2455257932493	2	4132	0.0225389727501109
UT	49045	10.4	3.84187262385209	3	5719	0.0225389727501109
UT	49045	21.2	6.43186302175107	4	30023	0.0225389727501109
UT	49045	29.1	10.4052353173772	5	37731	0.0225389727501109
UT	49045	33.5	16.0062007620802	6	39349	0.0225389727501109
UT	49045	40	23.0273245439526	7	41745	0.0225389727501109
UT	49045	42.9	30.6405125916757	8	42670	0.0225389727501109
UT	49045	45.8	37.7008684386592	9	43438	0.0225389727501109
UT	49045	48.8	43.3603328328977	10	43621	0.0225389727501109
UT	49045	51.3	47.3899358126667	11	44410	0.0225389727501109
UT	49045	54.5	50.0231926409292	12	45038	0.0225389727501109
UT	49045	55.4	51.6488148345002	13	48314	0.0225389727501109
UT	49045	57.6	52.6173816994763	14	48861	0.0225389727501109
UT	49045	58.7	53.1823037860294	15	49038	0.0225389727501109
UT	49045	59	53.5077115112745	16	49202	0.0225389727501109
UT	49045	59.2	53.6938075269805	17	49187	0.0225389727501109
UT	49047	0	1.50779939322079	0	28	0.0111461223135175
UT	49047	1.2	2.48107166058351	1	950	0.0111461223135175
UT	49047	4.6	4.01871231749807	2	4132	0.0111461223135175
UT	49047	9.8	6.35229637624463	3	5719	0.0111461223135175
UT	49047	17.1	9.68636474380831	4	30023	0.0111461223135175
UT	49047	20.2	14.0609306811501	5	37731	0.0111461223135175
UT	49047	22	19.2010997427283	6	39349	0.0111461223135175
UT	49047	29.1	24.5127976515587	7	41745	0.0111461223135175
UT	49047	30.9	29.3207411990707	8	42670	0.0111461223135175
UT	49047	32.7	33.178151306857	9	43438	0.0111461223135175
UT	49047	35	35.9843028010759	10	43621	0.0111461223135175
UT	49047	37.1	37.8835741979545	11	44410	0.0111461223135175
UT	49047	39	39.1070812883828	12	45038	0.0111461223135175
UT	49047	40.5	39.8703594667466	13	48314	0.0111461223135175
UT	49047	42.5	40.3370279695737	14	48861	0.0111461223135175
UT	49047	43.1	40.6188422721958	15	49038	0.0111461223135175
UT	49047	43.4	40.7877564497646	16	49202	0.0111461223135175
UT	49047	43.6	40.8885464358487	17	49187	0.0111461223135175
UT	49049	0	0.724056835166344	0	28	0.198453941068473
UT	49049	0.6	1.25300922477531	1	950	0.198453941068473
UT	49049	2.6	2.15255682871062	2	4132	0.198453941068473
UT	49049	6.9	3.65256388978495	3	5719	0.198453941068473
UT	49049	16.4	6.07368524900758	4	30023	0.198453941068473
UT	49049	23.4	9.78331236342251	5	37731	0.198453941068473
UT	49049	27.5	15.0370097889864	6	39349	0.198453941068473
UT	49049	36.6	21.7043257218526	7	41745	0.198453941068473
UT	49049	39.7	29.0801780477528	8	42670	0.198453941068473
UT	49049	43.2	36.097444579876	9	43438	0.198453941068473
UT	49049	46.4	41.878198797804	10	43621	0.198453941068473
UT	49049	48.4	46.101464095343	11	44410	0.198453941068473
UT	49049	51.5	48.9237824171514	12	45038	0.198453941068473
UT	49049	53.5	50.6992739965297	13	48314	0.198453941068473
UT	49049	56.4	51.7740964203972	14	48861	0.198453941068473
UT	49049	57.3	52.409679136222	15	49038	0.198453941068473
UT	49049	57.8	52.780323325543	16	49202	0.198453941068473
UT	49049	58.3	52.9947129872276	17	49187	0.198453941068473
UT	49051	0	1.31684185006245	0	28	0.0106336389933992
UT	49051	0.9	2.4820274865833	1	950	0.0106336389933992
UT	49051	4.4	4.5921561272633	2	4132	0.0106336389933992
UT	49051	12.1	8.22233908176807	3	5719	0.0106336389933992
UT	49051	24.8	13.94864788059	4	30023	0.0106336389933992
UT	49051	32.4	21.8517156774341	5	37731	0.0106336389933992
UT	49051	35.9	30.9617460732831	6	39349	0.0106336389933992
UT	49051	42.9	39.5174056247632	7	41745	0.0106336389933992
UT	49051	45.8	46.138367001116	8	42670	0.0106336389933992
UT	49051	49	50.5353933162781	9	43438	0.0106336389933992
UT	49051	51.3	53.1666736527234	10	43621	0.0106336389933992
UT	49051	53.3	54.6442387902926	11	44410	0.0106336389933992
UT	49051	56.2	55.4444338841335	12	45038	0.0106336389933992
UT	49051	57.8	55.8693033737823	13	48314	0.0106336389933992
UT	49051	60	56.0925235029732	14	48861	0.0106336389933992
UT	49051	60.5	56.2091501803987	15	49038	0.0106336389933992
UT	49051	60.8	56.2699076827327	16	49202	0.0106336389933992
UT	49051	61.1	56.3015118050957	17	49187	0.0106336389933992
UT	49053	0	0.868817595771847	0	28	0.0553831335282621
UT	49053	0.3	1.50242966277271	1	950	0.0553831335282621
UT	49053	4.2	2.57335954865514	2	4132	0.0553831335282621
UT	49053	13	4.33776674644966	3	5719	0.0553831335282621
UT	49053	24.5	7.12579754316023	4	30023	0.0553831335282621
UT	49053	28.5	11.2531448813818	5	37731	0.0553831335282621
UT	49053	30.6	16.8088899606819	6	39349	0.0553831335282621
UT	49053	36.9	23.401932100318	7	41745	0.0553831335282621
UT	49053	39.4	30.1504089279408	8	42670	0.0553831335282621
UT	49053	42.1	36.0891834813148	9	43438	0.0553831335282621
UT	49053	44.8	40.6593236332978	10	43621	0.0553831335282621
UT	49053	46.9	43.8263643281576	11	44410	0.0553831335282621
UT	49053	48.5	45.8650049583302	12	45038	0.0553831335282621
UT	49053	49.6	47.1156561791106	13	48314	0.0553831335282621
UT	49053	51.4	47.8603824390813	14	48861	0.0553831335282621
UT	49053	52	48.2960029803408	15	49038	0.0553831335282621
UT	49053	52.3	48.5481597864984	16	49202	0.0553831335282621
UT	49053	52.5	48.6932352184956	17	49187	0.0553831335282621
UT	49055	0	1.31636926192605	0	28	0.000845613074157553
UT	49055	0	2.40219412963272	1	950	0.000845613074157553
UT	49055	3.9	4.30201491131464	2	4132	0.000845613074157553
UT	49055	16.3	7.46115981762697	3	5719	0.000845613074157553
UT	49055	32.2	12.2948634096141	4	30023	0.000845613074157553
UT	49055	33.8	18.8237354064781	5	37731	0.000845613074157553
UT	49055	35.6	26.3010632582462	6	39349	0.000845613074157553
UT	49055	40.9	33.4052425754351	7	41745	0.000845613074157553
UT	49055	42.5	39.0526601776141	8	42670	0.000845613074157553
UT	49055	44.7	42.939050162733	9	43438	0.000845613074157553
UT	49055	47.6	45.3555388042301	10	43621	0.000845613074157553
UT	49055	50.9	46.7645276279246	11	44410	0.000845613074157553
UT	49055	52.9	47.5554543053105	12	45038	0.000845613074157553
UT	49055	53.9	47.9899935806966	13	48314	0.000845613074157553
UT	49055	53.6	48.2259152601746	14	48861	0.000845613074157553
UT	49055	53.9	48.3531778781738	15	49038	0.000845613074157553
UT	49055	54.3	48.42158763883	16	49202	0.000845613074157553
UT	49055	54.4	48.4582921821259	17	49187	0.000845613074157553
UT	49057	0	0.600593563049345	0	28	0.0811654425915748
UT	49057	1	1.07100758197948	1	950	0.0811654425915748
UT	49057	3.2	1.89750238581611	2	4132	0.0811654425915748
UT	49057	8.6	3.32397561520884	3	5719	0.0811654425915748
UT	49057	20	5.71189560151049	4	30023	0.0811654425915748
UT	49057	26.7	9.51194855456961	5	37731	0.0811654425915748
UT	49057	30.9	15.0976344014012	6	39349	0.0811654425915748
UT	49057	41	22.4187339189335	7	41745	0.0811654425915748
UT	49057	44.1	30.6965347339839	8	42670	0.0811654425915748
UT	49057	47.4	38.6282505026093	9	43438	0.0811654425915748
UT	49057	50.4	45.1102891580972	10	43621	0.0811654425915748
UT	49057	53.2	49.7531465469079	11	44410	0.0811654425915748
UT	49057	55.8	52.773692369783	12	45038	0.0811654425915748
UT	49057	57.9	54.6176726879995	13	48314	0.0811654425915748
UT	49057	60.6	55.6999837137221	14	48861	0.0811654425915748
UT	49057	61.2	56.3206306498053	15	49038	0.0811654425915748
UT	49057	61.5	56.6717985068311	16	49202	0.0811654425915748
UT	49057	61.6	56.8689867204922	17	49187	0.0811654425915748
