252	7
VT	50001	0	0.576601504858106	0	22	0.0589385389806551
VT	50001	1.8	1.49539572371812	1	4213	0.0589385389806551
VT	50001	7.1	3.795994719156	2	12805	0.0589385389806551
VT	50001	15.6	9.14999804235816	3	28520	0.0589385389806551
VT	50001	32.8	19.7387895620723	4	60391	0.0589385389806551
VT	50001	51.1	35.2571250365466	5	90898	0.0589385389806551
VT	50001	58.1	50.2967687640177	6	106535	0.0589385389806551
VT	50001	59.4	60.0373537030216	7	109280	0.0589385389806551
VT	50001	60.5	64.8111931995503	8	111827	0.0589385389806551
VT	50001	61.6	66.8323780307235	9	114271	0.0589385389806551
VT	50001	62.9	67.6346060412456	10	116972	0.0589385389806551
VT	50001	64.5	67.9448047646084	11	119632	0.0589385389806551
VT	50001	68.4	68.0635341941968	12	127403	0.0589385389806551
VT	50001	69.8	68.1088008284202	13	130737	0.0589385389806551
VT	50001	70.3	68.1260333826852	14	132039	0.0589385389806551
VT	50001	70.7	68.1325899143467	15	133103	0.0589385389806551
VT	50001	71.1	68.1350839617233	16	134009	0.0589385389806551
VT	50001	71.5	68.1360325974722	17	134797	0.0589385389806551
VT	50003	0	0.387903591069058	0	22	0.0568439507747733
VT	50003	1.6	0.904500244268407	1	4213	0.0568439507747733
VT	50003	4	2.08235415002756	2	12805	0.0568439507747733
VT	50003	11.4	4.65939513192227	3	28520	0.0568439507747733
VT	50003	22.3	9.82217092948718	4	60391	0.0568439507747733
VT	50003	29.7	18.5538137531737	5	90898	0.0568439507747733
VT	50003	34.6	29.8086769493443	6	106535	0.0568439507747733
VT	50003	35.6	40.1540266691861	7	109280	0.0568439507747733
VT	50003	36.5	47.0962362927654	8	111827	0.0568439507747733
VT	50003	37.4	50.8286172128214	9	114271	0.0568439507747733
VT	50003	38.1	52.5990806311111	10	116972	0.0568439507747733
VT	50003	39	53.3889201236148	11	119632	0.0568439507747733
VT	50003	41.5	53.7316086628526	12	127403	0.0568439507747733
VT	50003	42.3	53.8784921322454	13	130737	0.0568439507747733
VT	50003	42.7	53.9411206436666	14	132039	0.0568439507747733
VT	50003	42.9	53.9677646870571	15	133103	0.0568439507747733
VT	50003	43.2	53.9790890756679	16	134009	0.0568439507747733
VT	50003	43.5	53.9839002781887	17	134797	0.0568439507747733
VT	50005	0	0.402741850107476	0	22	0.0480665524552516
VT	50005	0.9	0.929763445893681	1	4213	0.0480665524552516
VT	50005	3.2	2.11678221791923	2	12805	0.0480665524552516
VT	50005	9.3	4.6738162909917	3	28520	0.0480665524552516
VT	50005	17.4	9.68977102993674	4	60391	0.0480665524552516
VT	50005	25	17.9406389479482	5	90898	0.0480665524552516
VT	50005	29.2	28.2482277056901	6	106535	0.0480665524552516
VT	50005	30.1	37.4747399511347	7	109280	0.0480665524552516
VT	50005	30.8	43.5736145232649	8	111827	0.0480665524552516
VT	50005	31.7	46.8403256961789	9	114271	0.0480665524552516
VT	50005	32.5	48.3951034983448	10	116972	0.0480665524552516
VT	50005	33.2	49.0934186390216	11	119632	0.0480665524552516
VT	50005	35	49.3988733567339	12	127403	0.0480665524552516
VT	50005	35.8	49.5309359600341	13	130737	0.0480665524552516
VT	50005	36.2	49.5877449314952	14	132039	0.0480665524552516
VT	50005	36.3	49.6121291035757	15	133103	0.0480665524552516
VT	50005	36.5	49.6225857591801	16	134009	0.0480665524552516
VT	50005	36.9	49.6270680838972	17	134797	0.0480665524552516
VT	50007	0	0.345001888011348	0	22	0.262462960084232
VT	50007	3	0.828866742624419	1	4213	0.262462960084232
VT	50007	9.7	1.97262902136298	2	12805	0.262462960084232
VT	50007	18.5	4.59261320826219	3	28520	0.262462960084232
VT	50007	34.1	10.1851378915253	4	60391	0.262462960084232
VT	50007	52	20.5108227042196	5	90898	0.262462960084232
VT	50007	59.4	35.3099906264298	6	106535	0.262462960084232
VT	50007	60.7	50.3200803335879	7	109280	0.262462960084232
VT	50007	61.8	61.0488798474113	8	111827	0.262462960084232
VT	50007	63	66.9502037427327	9	114271	0.262462960084232
VT	50007	64.9	69.7371172289251	10	116972	0.262462960084232
VT	50007	66.3	70.958248107688	11	119632	0.262462960084232
VT	50007	71.1	71.4756692828375	12	127403	0.262462960084232
VT	50007	72.5	71.6917910391673	13	130737	0.262462960084232
VT	50007	73.1	71.7815216579321	14	132039	0.262462960084232
VT	50007	73.6	71.8186834300909	15	133103	0.262462960084232
VT	50007	74	71.8340579619649	16	134009	0.262462960084232
VT	50007	74.4	71.8404159695931	17	134797	0.262462960084232
VT	50009	0	0.798041310232974	0	22	0.00987677667394778
VT	50009	0	1.86080000436768	1	4213	0.00987677667394778
VT	50009	1.2	4.2145895734635	2	12805	0.00987677667394778
VT	50009	7.5	8.97642529013927	3	28520	0.00987677667394778
VT	50009	18	17.059920127206	4	60391	0.00987677667394778
VT	50009	26.8	27.4124560058625	5	90898	0.00987677667394778
VT	50009	31	36.7701316497703	6	106535	0.00987677667394778
VT	50009	31.7	42.9136728968972	7	109280	0.00987677667394778
VT	50009	32.7	46.1471639333139	8	111827	0.00987677667394778
VT	50009	33.9	47.6529698489051	9	114271	0.00987677667394778
VT	50009	35.1	48.3141215547834	10	116972	0.00987677667394778
VT	50009	36.5	48.5968845878254	11	119632	0.00987677667394778
VT	50009	38.5	48.7164559791176	12	127403	0.00987677667394778
VT	50009	39.4	48.7667765959682	13	130737	0.00987677667394778
VT	50009	39.9	48.7879107828026	14	132039	0.00987677667394778
VT	50009	39.9	48.7967793957908	15	133103	0.00987677667394778
VT	50009	40.2	48.8004996344625	16	134009	0.00987677667394778
VT	50009	41	48.8020599802396	17	134797	0.00987677667394778
VT	50011	0	0.470514222492946	0	22	0.0791712674422145
VT	50011	1.1	1.0715546388292	1	4213	0.0791712674422145
VT	50011	3.3	2.40321550469595	2	12805	0.0791712674422145
VT	50011	8.1	5.21389880128251	3	28520	0.0791712674422145
VT	50011	16.7	10.5829096809018	4	60391	0.0791712674422145
VT	50011	25.2	19.1263853457312	5	90898	0.0791712674422145
VT	50011	29.1	29.433656933514	6	106535	0.0791712674422145
VT	50011	30.1	38.4133906890056	7	109280	0.0791712674422145
VT	50011	30.9	44.2723706589981	8	111827	0.0791712674422145
VT	50011	31.7	47.4090538522116	9	114271	0.0791712674422145
VT	50011	32.6	48.9122852279386	10	116972	0.0791712674422145
VT	50011	33.2	49.5944154926238	11	119632	0.0791712674422145
VT	50011	35.3	49.8962628530982	12	127403	0.0791712674422145
VT	50011	36.3	50.0283439698805	13	130737	0.0791712674422145
VT	50011	36.7	50.085855882638	14	132039	0.0791712674422145
VT	50011	37	50.1108445678314	15	133103	0.0791712674422145
VT	50011	37.2	50.1216919271885	16	134009	0.0791712674422145
VT	50011	37.4	50.126398760398	17	134797	0.0791712674422145
VT	50013	0	0.56668940680497	0	22	0.0115947556767828
VT	50013	2.7	1.33467690761939	1	4213	0.0115947556767828
VT	50013	8.7	3.09791982306308	2	12805	0.0115947556767828
VT	50013	18.6	6.95913848483656	3	28520	0.0115947556767828
VT	50013	37.6	14.6036062664236	4	60391	0.0115947556767828
VT	50013	57.5	27.1111821835277	5	90898	0.0115947556767828
VT	50013	65.2	42.341676480789	6	106535	0.0115947556767828
VT	50013	67	55.4165676521216	7	109280	0.0115947556767828
VT	50013	68.5	63.6744382226373	8	111827	0.0115947556767828
VT	50013	70.3	67.9254665082087	9	114271	0.0115947556767828
VT	50013	72	69.8849678205651	10	116972	0.0115947556767828
VT	50013	73.2	70.7420520395323	11	119632	0.0115947556767828
VT	50013	77.4	71.1083150270152	12	127403	0.0115947556767828
VT	50013	79.2	71.2632730481752	13	130737	0.0115947556767828
VT	50013	80	71.3285545314558	14	132039	0.0115947556767828
VT	50013	80.7	71.3560073985	15	133103	0.0115947556767828
VT	50013	81.4	71.3675434702445	16	134009	0.0115947556767828
VT	50013	81.9	71.372389550031	17	134797	0.0115947556767828
VT	50015	0	0.521546719335304	0	22	0.0406449472666986
VT	50015	2.4	1.28773996298612	1	4213	0.0406449472666986
VT	50015	5.2	3.12526223501406	2	12805	0.0406449472666986
VT	50015	13.3	7.28654297581769	3	28520	0.0406449472666986
VT	50015	28.3	15.5993665369268	4	60391	0.0406449472666986
VT	50015	41.9	28.7065334867254	5	90898	0.0406449472666986
VT	50015	49.9	43.2510642378327	6	106535	0.0406449472666986
VT	50015	51.2	54.2521949182426	7	109280	0.0406449472666986
VT	50015	52.3	60.4009208051739	8	111827	0.0406449472666986
VT	50015	53.4	63.270859367913	9	114271	0.0406449472666986
VT	50015	54.6	64.4973722354983	10	116972	0.0406449472666986
VT	50015	56.2	65.0016780687171	11	119632	0.0406449472666986
VT	50015	59.9	65.2057290903749	12	127403	0.0406449472666986
VT	50015	61.9	65.2877542308266	13	130737	0.0406449472666986
VT	50015	62.7	65.3206403562333	14	132039	0.0406449472666986
VT	50015	63	65.3338113947759	15	133103	0.0406449472666986
VT	50015	63.4	65.339084223662	16	134009	0.0406449472666986
VT	50015	63.7	65.3411947647053	17	134797	0.0406449472666986
VT	50017	0	0.666195468545787	0	22	0.0463020982741683
VT	50017	1	1.59385148781005	1	4213	0.0463020982741683
VT	50017	4.5	3.72914197404191	2	12805	0.0463020982741683
VT	50017	11.3	8.30356811886948	3	28520	0.0463020982741683
VT	50017	23.2	16.7551803787134	4	60391	0.0463020982741683
VT	50017	35.4	28.8157344192689	5	90898	0.0463020982741683
VT	50017	42	40.9310127695279	6	106535	0.0463020982741683
VT	50017	43.3	49.4867012525738	7	109280	0.0463020982741683
VT	50017	44.4	54.1402642592815	8	111827	0.0463020982741683
VT	50017	45.5	56.3180098721012	9	114271	0.0463020982741683
VT	50017	46.5	57.2652069849525	10	116972	0.0463020982741683
VT	50017	47.6	57.6640120599836	11	119632	0.0463020982741683
VT	50017	50.3	57.8296206805381	12	127403	0.0463020982741683
VT	50017	52	57.8979967884379	13	130737	0.0463020982741683
VT	50017	52.6	57.9261606065706	14	132039	0.0463020982741683
VT	50017	52.7	57.9377497775891	15	133103	0.0463020982741683
VT	50017	53.2	57.9425166961975	16	134009	0.0463020982741683
VT	50017	53.8	57.9444771242832	17	134797	0.0463020982741683
VT	50019	0	0.587378621313183	0	22	0.0433292894586283
VT	50019	1.3	1.29187554725165	1	4213	0.0433292894586283
VT	50019	5.5	2.80014059315882	2	12805	0.0433292894586283
VT	50019	14.8	5.88656723656527	3	28520	0.0433292894586283
VT	50019	28.3	11.6567736012597	4	60391	0.0433292894586283
VT	50019	39.3	20.8237095231212	5	90898	0.0433292894586283
VT	50019	45.9	32.1934364183167	6	106535	0.0433292894586283
VT	50019	47.6	42.6518774031362	7	109280	0.0433292894586283
VT	50019	48.9	49.9374332436254	8	111827	0.0433292894586283
VT	50019	50.4	54.0864985222196	9	114271	0.0433292894586283
VT	50019	52	56.1828529117463	10	116972	0.0433292894586283
VT	50019	53.3	57.1781268247879	11	119632	0.0433292894586283
VT	50019	56	57.6366639779549	12	127403	0.0433292894586283
VT	50019	57.4	57.8449917802542	13	130737	0.0433292894586283
VT	50019	58.1	57.9390412959137	14	132039	0.0433292894586283
VT	50019	58.5	57.9813779169979	15	133103	0.0433292894586283
VT	50019	58.9	58.0004111613515	16	134009	0.0433292894586283
VT	50019	59.2	58.0089629361269	17	134797	0.0433292894586283
VT	50021	0	0.598112328778391	0	22	0.0932564516361667
VT	50021	4	1.33642923276174	1	4213	0.0932564516361667
VT	50021	9.3	2.94384521263806	2	12805	0.0932564516361667
VT	50021	21.3	6.29066167305957	3	28520	0.0932564516361667
VT	50021	37.2	12.6543829955994	4	60391	0.0932564516361667
VT	50021	49.4	22.9027944425123	5	90898	0.0932564516361667
VT	50021	56.4	35.6872351774004	6	106535	0.0932564516361667
VT	50021	57.9	47.3880229502853	7	109280	0.0932564516361667
VT	50021	59.2	55.4264811989035	8	111827	0.0932564516361667
VT	50021	60.7	59.9227152187736	9	114271	0.0932564516361667
VT	50021	62.3	62.152928772487	10	116972	0.0932564516361667
VT	50021	63.7	63.1932778903008	11	119632	0.0932564516361667
VT	50021	66.8	63.6646557204716	12	127403	0.0932564516361667
VT	50021	68.3	63.875414295152	13	130737	0.0932564516361667
VT	50021	69	63.9690863957242	14	132039	0.0932564516361667
VT	50021	69.3	64.0106087280182	15	133103	0.0932564516361667
VT	50021	69.7	64.0289927916619	16	134009	0.0932564516361667
VT	50021	70	64.0371281119808	17	134797	0.0932564516361667
VT	50023	0	0.454484203342286	0	22	0.0936058167692059
VT	50023	0.8	1.14490088427812	1	4213	0.0936058167692059
VT	50023	5.8	2.83341533667574	2	12805	0.0936058167692059
VT	50023	11.7	6.72297519454521	3	28520	0.0936058167692059
VT	50023	23.5	14.5679174039851	4	60391	0.0936058167692059
VT	50023	33.1	26.8657860893652	5	90898	0.0936058167692059
VT	50023	38	40.1675750777265	6	106535	0.0936058167692059
VT	50023	38.8	49.8498225152342	7	109280	0.0936058167692059
VT	50023	39.5	55.0558452026971	8	111827	0.0936058167692059
VT	50023	40.2	57.4077233863488	9	114271	0.0936058167692059
VT	50023	41.2	58.3861386121871	10	116972	0.0936058167692059
VT	50023	42.4	58.7791254976624	11	119632	0.0936058167692059
VT	50023	45.5	58.9347370060894	12	127403	0.0936058167692059
VT	50023	46.3	58.9960063549627	13	130737	0.0936058167692059
VT	50023	46.6	59.0200762247205	14	132039	0.0936058167692059
VT	50023	46.8	59.0295238457841	15	133103	0.0936058167692059
VT	50023	47.1	59.0332308349028	16	134009	0.0936058167692059
VT	50023	47.3	59.034685159474	17	134797	0.0936058167692059
VT	50025	0	0.356481310851531	0	22	0.0676646543448683
VT	50025	2.5	0.824359468670947	1	4213	0.0676646543448683
VT	50025	6	1.88901657388909	2	12805	0.0676646543448683
VT	50025	14.4	4.24106231228945	3	28520	0.0676646543448683
VT	50025	29.1	9.1141481536942	4	60391	0.0676646543448683
VT	50025	43.2	17.9911502364024	5	90898	0.0676646543448683
VT	50025	52.7	30.9255179391803	6	106535	0.0676646543448683
VT	50025	55	44.7365781452167	7	109280	0.0676646543448683
VT	50025	57.1	55.3515185410667	8	111827	0.0676646543448683
VT	50025	58.5	61.6311322243646	9	114271	0.0676646543448683
VT	50025	59.9	64.7873853358437	10	116972	0.0676646543448683
VT	50025	61.5	66.2441767319332	11	119632	0.0676646543448683
VT	50025	65.2	66.8900486612781	12	127403	0.0676646543448683
VT	50025	66.9	67.1712777864132	13	130737	0.0676646543448683
VT	50025	67.7	67.2927690830108	14	132039	0.0676646543448683
VT	50025	68	67.3450743444435	15	133103	0.0676646543448683
VT	50025	68.6	67.3675600116414	16	134009	0.0676646543448683
VT	50025	69.1	67.3772203205729	17	134797	0.0676646543448683
VT	50027	0	0.497102120529043	0	22	0.0882419401624067
VT	50027	1.9	1.23733819803132	1	4213	0.0882419401624067
VT	50027	4.9	3.02363141597531	2	12805	0.0882419401624067
VT	50027	12	7.07692781790499	3	28520	0.0882419401624067
VT	50027	22.4	15.1163850083006	4	60391	0.0882419401624067
VT	50027	34.4	27.519031975997	5	90898	0.0882419401624067
VT	50027	40.7	40.7998248789514	6	106535	0.0882419401624067
VT	50027	41.9	50.4614407279136	7	109280	0.0882419401624067
VT	50027	43.2	55.6938003889032	8	111827	0.0882419401624067
VT	50027	44.2	58.0831940180995	9	114271	0.0882419401624067
VT	50027	45.2	59.088935308592	10	116972	0.0882419401624067
VT	50027	46.1	59.4976638560486	11	119632	0.0882419401624067
VT	50027	48.7	59.6613912887795	12	127403	0.0882419401624067
VT	50027	49.6	59.7265974420827	13	130737	0.0882419401624067
VT	50027	49.3	59.7525064390057	14	132039	0.0882419401624067
VT	50027	49.6	59.7627916444134	15	133103	0.0882419401624067
VT	50027	50.2	59.7668731147577	16	134009	0.0882419401624067
VT	50027	50.7	59.7684925267074	17	134797	0.0882419401624067
