1296	6
55001	0	411	0	51	0.00347277444450208
55001	123	803	1	107939	0.00347277444450208
55001	1239	1515	2	528590	0.00347277444450208
55001	4195	2682	3	1154714	0.00347277444450208
55001	6978	4318	4	2132539	0.00347277444450208
55001	8128	6168	5	2619612	0.00347277444450208
55001	8809	7812	6	2899533	0.00347277444450208
55001	9161	8991	7	3020994	0.00347277444450208
55001	9560	9712	8	3143971	0.00347277444450208
55001	10094	10110	9	3290215	0.00347277444450208
55001	10409	10318	10	3397399	0.00347277444450208
55001	10621	10423	11	3469836	0.00347277444450208
55001	10934	10476	12	3611924	0.00347277444450208
55001	11193	10502	13	3704241	0.00347277444450208
55001	11360	10515	14	3762012	0.00347277444450208
55001	11433	10521	15	3790402	0.00347277444450208
55001	11506	10524	16	3816761	0.00347277444450208
55001	11578	10526	17	3835941	0.00347277444450208
55003	0	227	0	51	0.00267276537612964
55003	0	450	1	107939	0.00267276537612964
55003	1998	871	2	528590	0.00267276537612964
55003	4258	1619	3	1154714	0.00267276537612964
55003	6565	2809	4	2132539	0.00267276537612964
55003	7656	4406	5	2619612	0.00267276537612964
55003	8382	6123	6	2899533	0.00267276537612964
55003	8704	7582	7	3020994	0.00267276537612964
55003	9060	8592	8	3143971	0.00267276537612964
55003	9449	9196	9	3290215	0.00267276537612964
55003	9791	9527	10	3397399	0.00267276537612964
55003	9972	9699	11	3469836	0.00267276537612964
55003	10437	9786	12	3611924	0.00267276537612964
55003	10745	9830	13	3704241	0.00267276537612964
55003	10964	9851	14	3762012	0.00267276537612964
55003	11111	9862	15	3790402	0.00267276537612964
55003	11187	9867	16	3816761	0.00267276537612964
55003	11240	9870	17	3835941	0.00267276537612964
55005	0	413	0	51	0.00777063338115984
55005	776	871	1	107939	0.00777063338115984
55005	2999	1796	2	528590	0.00777063338115984
55005	8694	3547	3	1154714	0.00777063338115984
55005	14910	6488	4	2132539	0.00777063338115984
55005	17445	10557	5	2619612	0.00777063338115984
55005	18905	14903	6	2899533	0.00777063338115984
55005	19534	18431	7	3020994	0.00777063338115984
55005	20279	20710	8	3143971	0.00777063338115984
55005	21281	21973	9	3290215	0.00777063338115984
55005	22077	22614	10	3397399	0.00777063338115984
55005	22547	22925	11	3469836	0.00777063338115984
55005	23194	23073	12	3611924	0.00777063338115984
55005	23664	23142	13	3704241	0.00777063338115984
55005	23982	23175	14	3762012	0.00777063338115984
55005	24105	23190	15	3790402	0.00777063338115984
55005	24230	23197	16	3816761	0.00777063338115984
55005	24338	23200	17	3835941	0.00777063338115984
55007	0	153	0	51	0.00258242515071875
55007	451	385	1	107939	0.00258242515071875
55007	2271	937	2	528590	0.00258242515071875
55007	6001	2113	3	1154714	0.00258242515071875
55007	8680	4132	4	2132539	0.00258242515071875
55007	9495	6576	5	2619612	0.00258242515071875
55007	10246	8541	6	2899533	0.00258242515071875
55007	10546	9665	7	3020994	0.00258242515071875
55007	10788	10187	8	3143971	0.00258242515071875
55007	11025	10406	9	3290215	0.00258242515071875
55007	11263	10493	10	3397399	0.00258242515071875
55007	11434	10528	11	3469836	0.00258242515071875
55007	11779	10541	12	3611924	0.00258242515071875
55007	12060	10546	13	3704241	0.00258242515071875
55007	12196	10548	14	3762012	0.00258242515071875
55007	12255	10549	15	3790402	0.00258242515071875
55007	12363	10550	16	3816761	0.00258242515071875
55007	12440	10550	17	3835941	0.00258242515071875
55009	0	1491	0	51	0.0454349504004683
55009	6371	2950	1	107939	0.0454349504004683
55009	28040	5783	2	528590	0.0454349504004683
55009	51069	11143	3	1154714	0.0454349504004683
55009	98352	20792	4	2132539	0.0454349504004683
55009	116506	36706	5	2619612	0.0454349504004683
55009	128488	59516	6	2899533	0.0454349504004683
55009	134013	86399	7	3020994	0.0454349504004683
55009	140135	111652	8	3143971	0.0454349504004683
55009	147697	130793	9	3290215	0.0454349504004683
55009	152715	143075	10	3397399	0.0454349504004683
55009	156119	150134	11	3469836	0.0454349504004683
55009	162603	153937	12	3611924	0.0454349504004683
55009	167180	155914	13	3704241	0.0454349504004683
55009	169952	156923	14	3762012	0.0454349504004683
55009	171485	157434	15	3790402	0.0454349504004683
55009	172608	157690	16	3816761	0.0454349504004683
55009	173334	157819	17	3835941	0.0454349504004683
55011	0	172	0	51	0.00223806744739399
55011	232	375	1	107939	0.00223806744739399
55011	1134	790	2	528590	0.00223806744739399
55011	2608	1548	3	1154714	0.00223806744739399
55011	4243	2696	4	2132539	0.00223806744739399
55011	4873	4019	5	2619612	0.00223806744739399
55011	5217	5138	6	2899533	0.00223806744739399
55011	5369	5862	7	3020994	0.00223806744739399
55011	5603	6253	8	3143971	0.00223806744739399
55011	5802	6444	9	3290215	0.00223806744739399
55011	5969	6533	10	3397399	0.00223806744739399
55011	6096	6573	11	3469836	0.00223806744739399
55011	6316	6590	12	3611924	0.00223806744739399
55011	6437	6598	13	3704241	0.00223806744739399
55011	6511	6602	14	3762012	0.00223806744739399
55011	6535	6604	15	3790402	0.00223806744739399
55011	6557	6604	16	3816761	0.00223806744739399
55011	6585	6605	17	3835941	0.00223806744739399
55013	0	218	0	51	0.00264734645339046
55013	147	486	1	107939	0.00264734645339046
55013	1240	1040	2	528590	0.00264734645339046
55013	3108	2057	3	1154714	0.00264734645339046
55013	5517	3573	4	2132539	0.00264734645339046
55013	6512	5249	5	2619612	0.00264734645339046
55013	7067	6589	6	2899533	0.00264734645339046
55013	7269	7408	7	3020994	0.00264734645339046
55013	7542	7830	8	3143971	0.00264734645339046
55013	7768	8029	9	3290215	0.00264734645339046
55013	7971	8118	10	3397399	0.00264734645339046
55013	8112	8157	11	3469836	0.00264734645339046
55013	8339	8174	12	3611924	0.00264734645339046
55013	8590	8182	13	3704241	0.00264734645339046
55013	8713	8185	14	3762012	0.00264734645339046
55013	8749	8186	15	3790402	0.00264734645339046
55013	8833	8187	16	3816761	0.00264734645339046
55013	8926	8187	17	3835941	0.00264734645339046
55015	0	448	0	51	0.00860275960191219
55015	507	931	1	107939	0.00860275960191219
55015	3665	1899	2	528590	0.00860275960191219
55015	8569	3731	3	1154714	0.00860275960191219
55015	15912	6859	4	2132539	0.00860275960191219
55015	19462	11352	5	2619612	0.00860275960191219
55015	21502	16438	6	2899533	0.00860275960191219
55015	22465	20850	7	3020994	0.00860275960191219
55015	23541	23876	8	3143971	0.00860275960191219
55015	24630	25633	9	3290215	0.00860275960191219
55015	25364	26556	10	3397399	0.00860275960191219
55015	25824	27016	11	3469836	0.00860275960191219
55015	26804	27238	12	3611924	0.00860275960191219
55015	27512	27345	13	3704241	0.00860275960191219
55015	27933	27395	14	3762012	0.00860275960191219
55015	28125	27419	15	3790402	0.00860275960191219
55015	28245	27430	16	3816761	0.00860275960191219
55015	28343	27436	17	3835941	0.00860275960191219
55017	0	610	0	51	0.0111049777464201
55017	1301	1259	1	107939	0.0111049777464201
55017	6714	2551	2	528590	0.0111049777464201
55017	13752	4975	3	1154714	0.0111049777464201
55017	22722	9073	4	2132539	0.0111049777464201
55017	26622	14907	5	2619612	0.0111049777464201
55017	28571	21464	6	2899533	0.0111049777464201
55017	29489	27136	7	3020994	0.0111049777464201
55017	30688	31032	8	3143971	0.0111049777464201
55017	32375	33304	9	3290215	0.0111049777464201
55017	33444	34504	10	3397399	0.0111049777464201
55017	34058	35105	11	3469836	0.0111049777464201
55017	35155	35398	12	3611924	0.0111049777464201
55017	35994	35539	13	3704241	0.0111049777464201
55017	36474	35606	14	3762012	0.0111049777464201
55017	36651	35638	15	3790402	0.0111049777464201
55017	36838	35653	16	3816761	0.0111049777464201
55017	36972	35661	17	3835941	0.0111049777464201
55019	0	687	0	51	0.00597241634684051
55019	341	1237	1	107939	0.00597241634684051
55019	2192	2160	2	528590	0.00597241634684051
55019	4628	3587	3	1154714	0.00597241634684051
55019	7187	5540	4	2132539	0.00597241634684051
55019	8959	7810	5	2619612	0.00597241634684051
55019	9699	9995	6	2899533	0.00597241634684051
55019	10033	11749	7	3020994	0.00597241634684051
55019	10621	12964	8	3143971	0.00597241634684051
55019	11286	13720	9	3290215	0.00597241634684051
55019	11748	14161	10	3397399	0.00597241634684051
55019	12038	14408	11	3469836	0.00597241634684051
55019	12364	14544	12	3611924	0.00597241634684051
55019	12712	14617	13	3704241	0.00597241634684051
55019	12964	14657	14	3762012	0.00597241634684051
55019	13046	14678	15	3790402	0.00597241634684051
55019	13102	14689	16	3816761	0.00597241634684051
55019	13149	14695	17	3835941	0.00597241634684051
55021	0	445	0	51	0.00988109096642401
55021	1093	938	1	107939	0.00988109096642401
55021	6010	1948	2	528590	0.00988109096642401
55021	12474	3920	3	1154714	0.00988109096642401
55021	20806	7449	4	2132539	0.00988109096642401
55021	26676	12869	5	2619612	0.00988109096642401
55021	29914	19512	6	2899533	0.00988109096642401
55021	31117	25725	7	3020994	0.00988109096642401
55021	32464	30227	8	3143971	0.00988109096642401
55021	33862	32923	9	3290215	0.00988109096642401
55021	34746	34357	10	3397399	0.00988109096642401
55021	35314	35071	11	3469836	0.00988109096642401
55021	36866	35416	12	3611924	0.00988109096642401
55021	37760	35579	13	3704241	0.00988109096642401
55021	38282	35656	14	3762012	0.00988109096642401
55021	38473	35692	15	3790402	0.00988109096642401
55021	38706	35709	16	3816761	0.00988109096642401
55021	38853	35717	17	3835941	0.00988109096642401
55023	0	120	0	51	0.00277049082909312
55023	0	272	1	107939	0.00277049082909312
55023	1176	604	2	528590	0.00277049082909312
55023	3770	1282	3	1154714	0.00277049082909312
55023	6130	2496	4	2132539	0.00277049082909312
55023	6955	4228	5	2619612	0.00277049082909312
55023	7442	6041	6	2899533	0.00277049082909312
55023	7641	7418	7	3020994	0.00277049082909312
55023	7914	8229	8	3143971	0.00277049082909312
55023	8245	8638	9	3290215	0.00277049082909312
55023	8490	8828	10	3397399	0.00277049082909312
55023	8679	8913	11	3469836	0.00277049082909312
55023	9032	8950	12	3611924	0.00277049082909312
55023	9254	8966	13	3704241	0.00277049082909312
55023	9344	8973	14	3762012	0.00277049082909312
55023	9382	8977	15	3790402	0.00277049082909312
55023	9425	8978	16	3816761	0.00277049082909312
55023	9470	8978	17	3835941	0.00277049082909312
55025	0	2171	0	51	0.0938945808574215
55025	17887	5293	1	107939	0.0938945808574215
55025	66552	12766	2	528590	0.0938945808574215
55025	131112	30013	3	1154714	0.0938945808574215
55025	256669	66674	4	2132539	0.0938945808574215
55025	329406	132582	5	2619612	0.0938945808574215
55025	366133	221825	6	2899533	0.0938945808574215
55025	378427	305521	7	3020994	0.0938945808574215
55025	387727	360948	8	3143971	0.0938945808574215
55025	397598	389722	9	3290215	0.0938945808574215
55025	404060	402791	10	3397399	0.0938945808574215
55025	411005	408364	11	3469836	0.0938945808574215
55025	435383	410676	12	3611924	0.0938945808574215
55025	443641	411625	13	3704241	0.0938945808574215
55025	448344	412012	14	3762012	0.0938945808574215
55025	450778	412170	15	3790402	0.0938945808574215
55025	453176	412234	16	3816761	0.0938945808574215
55025	455141	412261	17	3835941	0.0938945808574215
55027	0	1240	0	51	0.0150863023951839
55027	1065	2541	1	107939	0.0150863023951839
55027	6025	5045	2	528590	0.0150863023951839
55027	14399	9462	3	1154714	0.0150863023951839
55027	25450	16167	4	2132539	0.0150863023951839
55027	31368	24334	5	2619612	0.0150863023951839
55027	34570	31986	6	2899533	0.0150863023951839
55027	35953	37584	7	3020994	0.0150863023951839
55027	37633	40981	8	3143971	0.0150863023951839
55027	39723	42813	9	3290215	0.0150863023951839
55027	41159	43740	10	3397399	0.0150863023951839
55027	41912	44193	11	3469836	0.0150863023951839
55027	43292	44411	12	3611924	0.0150863023951839
55027	44603	44515	13	3704241	0.0150863023951839
55027	45374	44564	14	3762012	0.0150863023951839
55027	45721	44587	15	3790402	0.0150863023951839
55027	46008	44599	16	3816761	0.0150863023951839
55027	46169	44604	17	3835941	0.0150863023951839
55029	0	310	0	51	0.00475196455640373
55029	590	754	1	107939	0.00475196455640373
55029	3467	1775	2	528590	0.00475196455640373
55029	7827	3876	3	1154714	0.00475196455640373
55029	14491	7371	4	2132539	0.00475196455640373
55029	16673	11542	5	2619612	0.00475196455640373
55029	17778	14926	6	2899533	0.00475196455640373
55029	18225	16913	7	3020994	0.00475196455640373
55029	18708	17865	8	3143971	0.00475196455640373
55029	19334	18278	9	3290215	0.00475196455640373
55029	19830	18448	10	3397399	0.00475196455640373
55029	20132	18518	11	3469836	0.00475196455640373
55029	20753	18546	12	3611924	0.00475196455640373
55029	21248	18557	13	3704241	0.00475196455640373
55029	21465	18561	14	3762012	0.00475196455640373
55029	21593	18563	15	3790402	0.00475196455640373
55029	21716	18564	16	3816761	0.00475196455640373
55029	21851	18564	17	3835941	0.00475196455640373
55031	0	162	0	51	0.00741098997429597
55031	827	329	1	107939	0.00741098997429597
55031	2331	664	2	528590	0.00741098997429597
55031	5651	1320	3	1154714	0.00741098997429597
55031	9969	2551	4	2132539	0.00741098997429597
55031	12823	4678	5	2619612	0.00741098997429597
55031	14417	7884	6	2899533	0.00741098997429597
55031	14921	11845	7	3020994	0.00741098997429597
55031	15507	15689	8	3143971	0.00741098997429597
55031	16171	18640	9	3290215	0.00741098997429597
55031	16704	20523	10	3397399	0.00741098997429597
55031	17221	21586	11	3469836	0.00741098997429597
55031	18018	22146	12	3611924	0.00741098997429597
55031	18476	22430	13	3704241	0.00741098997429597
55031	18732	22571	14	3762012	0.00741098997429597
55031	18867	22641	15	3790402	0.00741098997429597
55031	19199	22675	16	3816761	0.00741098997429597
55031	19476	22691	17	3835941	0.00741098997429597
55033	0	493	0	51	0.0077919303164278
55033	544	1081	1	107939	0.0077919303164278
55033	2649	2297	2	528590	0.0077919303164278
55033	7277	4600	3	1154714	0.0077919303164278
55033	12850	8308	4	2132539	0.0077919303164278
55033	15827	12952	5	2619612	0.0077919303164278
55033	17275	17239	6	2899533	0.0077919303164278
55033	17926	20216	7	3020994	0.0077919303164278
55033	18705	21899	8	3143971	0.0077919303164278
55033	19467	22741	9	3290215	0.0077919303164278
55033	20023	23137	10	3397399	0.0077919303164278
55033	20425	23318	11	3469836	0.0077919303164278
55033	21228	23399	12	3611924	0.0077919303164278
55033	21744	23435	13	3704241	0.0077919303164278
55033	22070	23452	14	3762012	0.0077919303164278
55033	22252	23459	15	3790402	0.0077919303164278
55033	22386	23462	16	3816761	0.0077919303164278
55033	22483	23463	17	3835941	0.0077919303164278
55035	0	669	0	51	0.017972895871383
55035	3084	1484	1	107939	0.017972895871383
55035	11558	3238	2	528590	0.017972895871383
55035	24406	6841	3	1154714	0.017972895871383
55035	39756	13561	4	2132539	0.017972895871383
55035	47717	24102	5	2619612	0.017972895871383
55035	51466	36864	6	2899533	0.017972895871383
55035	53152	48238	7	3020994	0.017972895871383
55035	55030	55922	8	3143971	0.017972895871383
55035	57195	60191	9	3290215	0.017972895871383
55035	58509	62309	10	3397399	0.017972895871383
55035	59371	63301	11	3469836	0.017972895871383
55035	62003	63753	12	3611924	0.017972895871383
55035	63335	63957	13	3704241	0.017972895871383
55035	64188	64048	14	3762012	0.017972895871383
55035	64585	64088	15	3790402	0.017972895871383
55035	64859	64107	16	3816761	0.017972895871383
55035	65068	64115	17	3835941	0.017972895871383
55037	0	81	0	51	0.000737664007870248
55037	0	144	1	107939	0.000737664007870248
55037	521	251	2	528590	0.000737664007870248
55037	967	421	3	1154714	0.000737664007870248
55037	1433	666	4	2132539	0.000737664007870248
55037	1576	974	5	2619612	0.000737664007870248
55037	1636	1302	6	2899533	0.000737664007870248
55037	1663	1593	7	3020994	0.000737664007870248
55037	1704	1815	8	3143971	0.000737664007870248
55037	1752	1963	9	3290215	0.000737664007870248
55037	2243	2054	10	3397399	0.000737664007870248
55037	2271	2108	11	3469836	0.000737664007870248
55037	2303	2138	12	3611924	0.000737664007870248
55037	2321	2155	13	3704241	0.000737664007870248
55037	2333	2164	14	3762012	0.000737664007870248
55037	2340	2169	15	3790402	0.000737664007870248
55037	2348	2172	16	3816761	0.000737664007870248
55037	2354	2174	17	3835941	0.000737664007870248
55039	0	1046	0	51	0.0177594112702694
55039	1881	2051	1	107939	0.0177594112702694
55039	10319	3952	2	528590	0.0177594112702694
55039	19958	7370	3	1154714	0.0177594112702694
55039	32613	13000	4	2132539	0.0177594112702694
55039	38929	21052	5	2619612	0.0177594112702694
55039	43217	30515	6	2899533	0.0177594112702694
55039	45134	39375	7	3020994	0.0177594112702694
55039	47171	46073	8	3143971	0.0177594112702694
55039	49885	50361	9	3290215	0.0177594112702694
55039	51826	52823	10	3397399	0.0177594112702694
55039	52804	54149	11	3469836	0.0177594112702694
55039	54506	54837	12	3611924	0.0177594112702694
55039	55948	55189	13	3704241	0.0177594112702694
55039	56935	55366	14	3762012	0.0177594112702694
55039	57374	55456	15	3790402	0.0177594112702694
55039	57796	55501	16	3816761	0.0177594112702694
55039	58063	55523	17	3835941	0.0177594112702694
55041	0	216	0	51	0.00154643229961903
55041	270	401	1	107939	0.00154643229961903
55041	1057	720	2	528590	0.00154643229961903
55041	2523	1221	3	1154714	0.00154643229961903
55041	3506	1907	4	2132539	0.00154643229961903
55041	3926	2686	5	2619612	0.00154643229961903
55041	4147	3406	6	2899533	0.00154643229961903
55041	4246	3953	7	3020994	0.00154643229961903
55041	4428	4311	8	3143971	0.00154643229961903
55041	4655	4523	9	3290215	0.00154643229961903
55041	4918	4640	10	3397399	0.00154643229961903
55041	5016	4704	11	3469836	0.00154643229961903
55041	5149	4737	12	3611924	0.00154643229961903
55041	5272	4755	13	3704241	0.00154643229961903
55041	5362	4764	14	3762012	0.00154643229961903
55041	5415	4768	15	3790402	0.00154643229961903
55041	5470	4771	16	3816761	0.00154643229961903
55041	5507	4772	17	3835941	0.00154643229961903
55043	0	606	0	51	0.00883462139716826
55043	602	1329	1	107939	0.00883462139716826
55043	6814	2824	2	528590	0.00883462139716826
55043	10917	5646	3	1154714	0.00883462139716826
55043	18018	10155	4	2132539	0.00883462139716826
55043	21140	15742	5	2619612	0.00883462139716826
55043	22645	20835	6	2899533	0.00883462139716826
55043	23302	24333	7	3020994	0.00883462139716826
55043	24204	26295	8	3143971	0.00883462139716826
55043	25192	27272	9	3290215	0.00883462139716826
55043	25868	27730	10	3397399	0.00883462139716826
55043	26260	27939	11	3469836	0.00883462139716826
55043	27109	28032	12	3611924	0.00883462139716826
55043	27694	28074	13	3704241	0.00883462139716826
55043	27988	28093	14	3762012	0.00883462139716826
55043	28164	28101	15	3790402	0.00883462139716826
55043	28365	28105	16	3816761	0.00883462139716826
55043	28506	28106	17	3835941	0.00883462139716826
55045	0	267	0	51	0.00634786070567738
55045	1119	590	1	107939	0.00634786070567738
55045	4811	1281	2	528590	0.00634786070567738
55045	7993	2685	3	1154714	0.00634786070567738
55045	15269	5249	4	2132539	0.00634786070567738
55045	17475	9139	5	2619612	0.00634786070567738
55045	19004	13650	6	2899533	0.00634786070567738
55045	19575	17500	7	3020994	0.00634786070567738
55045	20248	20016	8	3143971	0.00634786070567738
55045	20976	21387	9	3290215	0.00634786070567738
55045	21396	22061	10	3397399	0.00634786070567738
55045	21689	22375	11	3469836	0.00634786070567738
55045	22741	22518	12	3611924	0.00634786070567738
55045	23223	22583	13	3704241	0.00634786070567738
55045	23530	22611	14	3762012	0.00634786070567738
55045	23642	22624	15	3790402	0.00634786070567738
55045	23727	22630	16	3816761	0.00634786070567738
55045	23805	22633	17	3835941	0.00634786070567738
55047	0	206	0	51	0.0032482978767986
55047	139	404	1	107939	0.0032482978767986
55047	1742	777	2	528590	0.0032482978767986
55047	4005	1442	3	1154714	0.0032482978767986
55047	6260	2514	4	2132539	0.0032482978767986
55047	7354	3996	5	2619612	0.0032482978767986
55047	7945	5661	6	2899533	0.0032482978767986
55047	8234	7146	7	3020994	0.0032482978767986
55047	8562	8222	8	3143971	0.0032482978767986
55047	9104	8890	9	3290215	0.0032482978767986
55047	9519	9265	10	3397399	0.0032482978767986
55047	9719	9465	11	3469836	0.0032482978767986
55047	10042	9567	12	3611924	0.0032482978767986
55047	10340	9619	13	3704241	0.0032482978767986
55047	10474	9646	14	3762012	0.0032482978767986
55047	10533	9659	15	3790402	0.0032482978767986
55047	10597	9665	16	3816761	0.0032482978767986
55047	10633	9669	17	3835941	0.0032482978767986
55049	0	152	0	51	0.00406668413931356
55049	466	344	1	107939	0.00406668413931356
55049	2945	769	2	528590	0.00406668413931356
55049	5693	1662	3	1154714	0.00406668413931356
55049	9635	3352	4	2132539	0.00406668413931356
55049	12011	6007	5	2619612	0.00406668413931356
55049	13340	9163	6	2899533	0.00406668413931356
55049	13762	11874	7	3020994	0.00406668413931356
55049	14213	13627	8	3143971	0.00406668413931356
55049	14631	14561	9	3290215	0.00406668413931356
55049	14892	15008	10	3397399	0.00406668413931356
55049	15113	15211	11	3469836	0.00406668413931356
55049	15729	15301	12	3611924	0.00406668413931356
55049	16021	15341	13	3704241	0.00406668413931356
55049	16186	15358	14	3762012	0.00406668413931356
55049	16257	15365	15	3790402	0.00406668413931356
55049	16332	15369	16	3816761	0.00406668413931356
55049	16382	15370	17	3835941	0.00406668413931356
55051	0	59	0	51	0.000976739281200955
55051	0	112	1	107939	0.000976739281200955
55051	796	210	2	528590	0.000976739281200955
55051	1611	382	3	1154714	0.000976739281200955
55051	2346	665	4	2132539	0.000976739281200955
55051	2630	1080	5	2619612	0.000976739281200955
55051	2771	1596	6	2899533	0.000976739281200955
55051	2819	2121	7	3020994	0.000976739281200955
55051	2866	2558	8	3143971	0.000976739281200955
55051	2936	2864	9	3290215	0.000976739281200955
55051	3524	3053	10	3397399	0.000976739281200955
55051	3562	3161	11	3469836	0.000976739281200955
55051	3646	3220	12	3611924	0.000976739281200955
55051	3703	3252	13	3704241	0.000976739281200955
55051	3739	3269	14	3762012	0.000976739281200955
55051	3768	3277	15	3790402	0.000976739281200955
55051	3792	3282	16	3816761	0.000976739281200955
55051	3825	3284	17	3835941	0.000976739281200955
55053	0	352	0	51	0.00354542447368231
55053	198	691	1	107939	0.00354542447368231
55053	1465	1313	2	528590	0.00354542447368231
55053	3770	2361	3	1154714	0.00354542447368231
55053	6448	3888	4	2132539	0.00354542447368231
55053	7342	5705	5	2619612	0.00354542447368231
55053	7937	7410	6	2899533	0.00354542447368231
55053	8189	8689	7	3020994	0.00354542447368231
55053	8523	9495	8	3143971	0.00354542447368231
55053	9016	9950	9	3290215	0.00354542447368231
55053	9334	10190	10	3397399	0.00354542447368231
55053	9535	10313	11	3469836	0.00354542447368231
55053	9887	10374	12	3611924	0.00354542447368231
55053	10110	10405	13	3704241	0.00354542447368231
55053	10235	10420	14	3762012	0.00354542447368231
55053	10287	10427	15	3790402	0.00354542447368231
55053	10352	10431	16	3816761	0.00354542447368231
55053	10400	10433	17	3835941	0.00354542447368231
55055	0	1023	0	51	0.0145590314978238
55055	943	2155	1	107939	0.0145590314978238
55055	7265	4419	2	528590	0.0145590314978238
55055	16007	8604	3	1154714	0.0145590314978238
55055	26617	15326	4	2132539	0.0145590314978238
55055	33633	24016	5	2619612	0.0145590314978238
55055	37226	32570	6	2899533	0.0145590314978238
55055	38841	39004	7	3020994	0.0145590314978238
55055	40541	42932	8	3143971	0.0145590314978238
55055	42563	45032	9	3290215	0.0145590314978238
55055	43764	46076	10	3397399	0.0145590314978238
55055	44586	46576	11	3469836	0.0145590314978238
55055	46458	46811	12	3611924	0.0145590314978238
55055	47588	46921	13	3704241	0.0145590314978238
55055	48310	46972	14	3762012	0.0145590314978238
55055	48602	46996	15	3790402	0.0145590314978238
55055	48881	47007	16	3816761	0.0145590314978238
55055	49098	47012	17	3835941	0.0145590314978238
55057	0	260	0	51	0.00458347831851765
55057	212	523	1	107939	0.00458347831851765
55057	2354	1029	2	528590	0.00458347831851765
55057	5606	1952	3	1154714	0.00458347831851765
55057	8521	3473	4	2132539	0.00458347831851765
55057	10017	5607	5	2619612	0.00458347831851765
55057	10811	8011	6	2899533	0.00458347831851765
55057	11226	10133	7	3020994	0.00458347831851765
55057	11713	11638	8	3143971	0.00458347831851765
55057	12290	12549	9	3290215	0.00458347831851765
55057	12685	13047	10	3397399	0.00458347831851765
55057	12948	13305	11	3469836	0.00458347831851765
55057	13419	13435	12	3611924	0.00458347831851765
55057	13935	13499	13	3704241	0.00458347831851765
55057	14136	13531	14	3762012	0.00458347831851765
55057	14235	13546	15	3790402	0.00458347831851765
55057	14310	13554	16	3816761	0.00458347831851765
55057	14370	13558	17	3835941	0.00458347831851765
55059	0	1931	0	51	0.0291220132336408
55059	2272	3632	1	107939	0.0291220132336408
55059	15272	6724	2	528590	0.0291220132336408
55059	34003	12109	3	1154714	0.0291220132336408
55059	56943	20813	4	2132539	0.0291220132336408
55059	68152	33324	5	2619612	0.0291220132336408
55059	75808	48570	6	2899533	0.0291220132336408
55059	79526	63820	7	3020994	0.0291220132336408
55059	83113	76337	8	3143971	0.0291220132336408
55059	87256	85048	9	3290215	0.0291220132336408
55059	89573	90438	10	3397399	0.0291220132336408
55059	91508	93533	11	3469836	0.0291220132336408
55059	94774	95236	12	3611924	0.0291220132336408
55059	98382	96150	13	3704241	0.0291220132336408
55059	100389	96634	14	3762012	0.0291220132336408
55059	101698	96889	15	3790402	0.0291220132336408
55059	102564	97023	16	3816761	0.0291220132336408
55059	103237	97093	17	3835941	0.0291220132336408
55061	0	215	0	51	0.00350952883278711
55061	325	441	1	107939	0.00350952883278711
55061	1816	885	2	528590	0.00350952883278711
55061	3847	1701	3	1154714	0.00350952883278711
55061	6724	3029	4	2132539	0.00350952883278711
55061	7756	4822	5	2619612	0.00350952883278711
55061	8242	6716	6	2899533	0.00350952883278711
55061	8509	8261	7	3020994	0.00350952883278711
55061	8860	9277	8	3143971	0.00350952883278711
55061	9328	9855	9	3290215	0.00350952883278711
55061	9678	10155	10	3397399	0.00350952883278711
55061	9895	10305	11	3469836	0.00350952883278711
55061	10192	10378	12	3611924	0.00350952883278711
55061	10407	10413	13	3704241	0.00350952883278711
55061	10557	10430	14	3762012	0.00350952883278711
55061	10631	10438	15	3790402	0.00350952883278711
55061	10682	10442	16	3816761	0.00350952883278711
55061	10715	10444	17	3835941	0.00350952883278711
55063	0	754	0	51	0.020269186391808
55063	2993	1675	1	107939	0.020269186391808
55063	13302	3664	2	528590	0.020269186391808
55063	27147	7769	3	1154714	0.020269186391808
55063	49061	15495	4	2132539	0.020269186391808
55063	58562	27789	5	2619612	0.020269186391808
55063	64199	42950	6	2899533	0.020269186391808
55063	66214	56717	7	3020994	0.020269186391808
55063	68448	66151	8	3143971	0.020269186391808
55063	71033	71437	9	3290215	0.020269186391808
55063	72872	74071	10	3397399	0.020269186391808
55063	74198	75306	11	3469836	0.020269186391808
55063	77679	75869	12	3611924	0.020269186391808
55063	79700	76122	13	3704241	0.020269186391808
55063	80566	76235	14	3762012	0.020269186391808
55063	81087	76286	15	3790402	0.020269186391808
55063	81516	76308	16	3816761	0.020269186391808
55063	81858	76318	17	3835941	0.020269186391808
55065	0	210	0	51	0.00286220505032775
55065	288	457	1	107939	0.00286220505032775
55065	2153	964	2	528590	0.00286220505032775
55065	3739	1916	3	1154714	0.00286220505032775
55065	6427	3427	4	2132539	0.00286220505032775
55065	7333	5291	5	2619612	0.00286220505032775
55065	7974	6990	6	2899533	0.00286220505032775
55065	8221	8160	7	3020994	0.00286220505032775
55065	8575	8819	8	3143971	0.00286220505032775
55065	8870	9149	9	3290215	0.00286220505032775
55065	9101	9305	10	3397399	0.00286220505032775
55065	9257	9376	11	3469836	0.00286220505032775
55065	9614	9408	12	3611924	0.00286220505032775
55065	9850	9423	13	3704241	0.00286220505032775
55065	9965	9429	14	3762012	0.00286220505032775
55065	10022	9432	15	3790402	0.00286220505032775
55065	10077	9434	16	3816761	0.00286220505032775
55065	10116	9434	17	3835941	0.00286220505032775
55067	0	191	0	51	0.00329570073271762
55067	220	393	1	107939	0.00329570073271762
55067	1514	791	2	528590	0.00329570073271762
55067	3437	1525	3	1154714	0.00329570073271762
55067	6041	2732	4	2132539	0.00329570073271762
55067	7332	4384	5	2619612	0.00329570073271762
55067	8111	6156	6	2899533	0.00329570073271762
55067	8409	7623	7	3020994	0.00329570073271762
55067	8750	8598	8	3143971	0.00329570073271762
55067	9145	9156	9	3290215	0.00329570073271762
55067	9485	9448	10	3397399	0.00329570073271762
55067	9704	9593	11	3469836	0.00329570073271762
55067	9937	9664	12	3611924	0.00329570073271762
55067	10134	9698	13	3704241	0.00329570073271762
55067	10253	9715	14	3762012	0.00329570073271762
55067	10301	9723	15	3790402	0.00329570073271762
55067	10356	9726	16	3816761	0.00329570073271762
55067	10404	9728	17	3835941	0.00329570073271762
55069	0	356	0	51	0.00473908334555617
55069	0	783	1	107939	0.00473908334555617
55069	2193	1661	2	528590	0.00473908334555617
55069	5250	3291	3	1154714	0.00473908334555617
55069	8765	5807	4	2132539	0.00473908334555617
55069	11165	8767	5	2619612	0.00473908334555617
55069	12075	11313	6	2899533	0.00473908334555617
55069	12495	12978	7	3020994	0.00473908334555617
55069	12942	13880	8	3143971	0.00473908334555617
55069	13507	14320	9	3290215	0.00473908334555617
55069	13949	14523	10	3397399	0.00473908334555617
55069	14220	14614	11	3469836	0.00473908334555617
55069	14618	14655	12	3611924	0.00473908334555617
55069	14941	14673	13	3704241	0.00473908334555617
55069	15150	14681	14	3762012	0.00473908334555617
55069	15244	14685	15	3790402	0.00473908334555617
55069	15330	14686	16	3816761	0.00473908334555617
55069	15381	14687	17	3835941	0.00473908334555617
55071	0	1078	0	51	0.0135649455193481
55071	1036	2279	1	107939	0.0135649455193481
55071	6407	4672	2	528590	0.0135649455193481
55071	15570	9033	3	1154714	0.0135649455193481
55071	28275	15825	4	2132539	0.0135649455193481
55071	33554	24187	5	2619612	0.0135649455193481
55071	36553	31948	6	2899533	0.0135649455193481
55071	37985	37478	7	3020994	0.0135649455193481
55071	39836	40719	8	3143971	0.0135649455193481
55071	41879	42404	9	3290215	0.0135649455193481
55071	43228	43227	10	3397399	0.0135649455193481
55071	44117	43616	11	3469836	0.0135649455193481
55071	45594	43798	12	3611924	0.0135649455193481
55071	46654	43881	13	3704241	0.0135649455193481
55071	47400	43920	14	3762012	0.0135649455193481
55071	47735	43938	15	3790402	0.0135649455193481
55071	48012	43946	16	3816761	0.0135649455193481
55071	48251	43950	17	3835941	0.0135649455193481
55073	0	1209	0	51	0.0233050301643608
55073	2482	2469	1	107939	0.0233050301643608
55073	10030	4957	2	528590	0.0233050301643608
55073	20945	9629	3	1154714	0.0233050301643608
55073	41437	17629	4	2132539	0.0233050301643608
55073	54523	29385	5	2619612	0.0233050301643608
55073	61136	43284	6	2899533	0.0233050301643608
55073	64240	56049	7	3020994	0.0233050301643608
55073	67451	65327	8	3143971	0.0233050301643608
55073	71052	70985	9	3290215	0.0233050301643608
55073	73300	74074	10	3397399	0.0233050301643608
55073	74796	75659	11	3469836	0.0233050301643608
55073	77543	76447	12	3611924	0.0233050301643608
55073	79523	76833	13	3704241	0.0233050301643608
55073	80801	77019	14	3762012	0.0233050301643608
55073	81382	77110	15	3790402	0.0233050301643608
55073	81899	77153	16	3816761	0.0233050301643608
55073	82254	77174	17	3835941	0.0233050301643608
55075	0	417	0	51	0.00693009143598708
55075	379	816	1	107939	0.00693009143598708
55075	2921	1565	2	528590	0.00693009143598708
55075	7342	2898	3	1154714	0.00693009143598708
55075	12238	5060	4	2132539	0.00693009143598708
55075	14699	8079	5	2619612	0.00693009143598708
55075	15875	11527	6	2899533	0.00693009143598708
55075	16477	14662	7	3020994	0.00693009143598708
55075	17117	16976	8	3143971	0.00693009143598708
55075	17995	18434	9	3290215	0.00693009143598708
55075	19582	19263	10	3397399	0.00693009143598708
55075	19976	19707	11	3469836	0.00693009143598708
55075	20482	19937	12	3611924	0.00693009143598708
55075	20835	20055	13	3704241	0.00693009143598708
55075	21113	20114	14	3762012	0.00693009143598708
55075	21251	20144	15	3790402	0.00693009143598708
55075	21392	20159	16	3816761	0.00693009143598708
55075	21508	20167	17	3835941	0.00693009143598708
55077	0	148	0	51	0.00267482636986525
55077	0	310	1	107939	0.00267482636986525
55077	1302	638	2	528590	0.00267482636986525
55077	3512	1254	3	1154714	0.00267482636986525
55077	5165	2280	4	2132539	0.00267482636986525
55077	6075	3686	5	2619612	0.00267482636986525
55077	6524	5171	6	2899533	0.00267482636986525
55077	6779	6367	7	3020994	0.00267482636986525
55077	7045	7136	8	3143971	0.00267482636986525
55077	7364	7561	9	3290215	0.00267482636986525
55077	7605	7777	10	3397399	0.00267482636986525
55077	7744	7881	11	3469836	0.00267482636986525
55077	8001	7931	12	3611924	0.00267482636986525
55077	8139	7955	13	3704241	0.00267482636986525
55077	8238	7966	14	3762012	0.00267482636986525
55077	8285	7971	15	3790402	0.00267482636986525
55077	8348	7973	16	3816761	0.00267482636986525
55077	8384	7974	17	3835941	0.00267482636986525
55078	0	49	0	51	0.000782490621619756
55078	61	84	1	107939	0.000782490621619756
55078	445	143	2	528590	0.000782490621619756
55078	1304	240	3	1154714	0.000782490621619756
55078	1827	395	4	2132539	0.000782490621619756
55078	2025	629	5	2619612	0.000782490621619756
55078	2231	959	6	2899533	0.000782490621619756
55078	2353	1376	7	3020994	0.000782490621619756
55078	2536	1838	8	3143971	0.000782490621619756
55078	3012	2279	9	3290215	0.000782490621619756
55078	3209	2647	10	3397399	0.000782490621619756
55078	3244	2919	11	3469836	0.000782490621619756
55078	3481	3103	12	3611924	0.000782490621619756
55078	3549	3221	13	3704241	0.000782490621619756
55078	3601	3293	14	3762012	0.000782490621619756
55078	3632	3336	15	3790402	0.000782490621619756
55078	3674	3361	16	3816761	0.000782490621619756
55078	3692	3376	17	3835941	0.000782490621619756
55079	0	8677	0	51	0.162427946800256
55079	15055	15940	1	107939	0.162427946800256
55079	66880	28987	2	528590	0.162427946800256
55079	155372	51763	3	1154714	0.162427946800256
55079	322891	89624	4	2132539	0.162427946800256
55079	391886	147706	5	2619612	0.162427946800256
55079	440614	226686	6	2899533	0.162427946800256
55079	464250	318141	7	3020994	0.162427946800256
55079	485379	406258	8	3143971	0.162427946800256
55079	511465	477337	9	3290215	0.162427946800256
55079	532652	526897	10	3397399	0.162427946800256
55079	545647	558047	11	3469836	0.162427946800256
55079	568523	576366	12	3611924	0.162427946800256
55079	585865	586721	13	3704241	0.162427946800256
55079	599023	592443	14	3762012	0.162427946800256
55079	605687	595566	15	3790402	0.162427946800256
55079	610778	597258	16	3816761	0.162427946800256
55079	614372	598172	17	3835941	0.162427946800256
55081	0	422	0	51	0.00794392860442901
55081	620	830	1	107939	0.00794392860442901
55081	3762	1608	2	528590	0.00794392860442901
55081	9184	3019	3	1154714	0.00794392860442901
55081	14667	5371	4	2132539	0.00794392860442901
55081	17005	8788	5	2619612	0.00794392860442901
55081	18505	12878	6	2899533	0.00794392860442901
55081	19228	16774	7	3020994	0.00794392860442901
55081	20040	19757	8	3143971	0.00794392860442901
55081	21121	21681	9	3290215	0.00794392860442901
55081	21966	22789	10	3397399	0.00794392860442901
55081	22602	23386	11	3469836	0.00794392860442901
55081	23557	23695	12	3611924	0.00794392860442901
55081	24340	23853	13	3704241	0.00794392860442901
55081	24755	23932	14	3762012	0.00794392860442901
55081	24977	23972	15	3790402	0.00794392860442901
55081	25150	23992	16	3816761	0.00794392860442901
55081	25283	24002	17	3835941	0.00794392860442901
55083	0	449	0	51	0.00651445769930582
55083	573	904	1	107939	0.00651445769930582
55083	3261	1775	2	528590	0.00651445769930582
55083	7214	3333	3	1154714	0.00651445769930582
55083	12431	5803	4	2132539	0.00651445769930582
55083	14494	9055	5	2619612	0.00651445769930582
55083	15550	12434	6	2899533	0.00651445769930582
55083	16082	15181	7	3020994	0.00651445769930582
55083	16809	17002	8	3143971	0.00651445769930582
55083	17726	18052	9	3290215	0.00651445769930582
55083	18324	18609	10	3397399	0.00651445769930582
55083	18705	18892	11	3469836	0.00651445769930582
55083	19249	19032	12	3611924	0.00651445769930582
55083	19739	19100	13	3704241	0.00651445769930582
55083	20007	19134	14	3762012	0.00651445769930582
55083	20111	19150	15	3790402	0.00651445769930582
55083	20217	19158	16	3816761	0.00651445769930582
55083	20282	19162	17	3835941	0.00651445769930582
55085	0	455	0	51	0.0061134226682518
55085	555	1053	1	107939	0.0061134226682518
55085	3616	2346	2	528590	0.0061134226682518
55085	8782	4843	3	1154714	0.0061134226682518
55085	14947	8748	4	2132539	0.0061134226682518
55085	17693	13224	5	2619612	0.0061134226682518
55085	18925	16837	6	2899533	0.0061134226682518
55085	19542	19018	7	3020994	0.0061134226682518
55085	20153	20111	8	3143971	0.0061134226682518
55085	20926	20608	9	3290215	0.0061134226682518
55085	21569	20824	10	3397399	0.0061134226682518
55085	21882	20916	11	3469836	0.0061134226682518
55085	22403	20955	12	3611924	0.0061134226682518
55085	22765	20971	13	3704241	0.0061134226682518
55085	22993	20978	14	3762012	0.0061134226682518
55085	23112	20981	15	3790402	0.0061134226682518
55085	23282	20982	16	3816761	0.0061134226682518
55085	23413	20983	17	3835941	0.0061134226682518
55087	0	1554	0	51	0.0322691506679165
55087	1919	3225	1	107939	0.0322691506679165
55087	14216	6585	2	528590	0.0322691506679165
55087	33472	13027	3	1154714	0.0322691506679165
55087	64070	24319	4	2132539	0.0322691506679165
55087	80812	41321	5	2619612	0.0322691506679165
55087	90553	61845	6	2899533	0.0322691506679165
55087	94831	80924	7	3020994	0.0322691506679165
55087	99476	94808	8	3143971	0.0322691506679165
55087	104604	103213	9	3290215	0.0322691506679165
55087	108034	107747	10	3397399	0.0322691506679165
55087	110162	110042	11	3469836	0.0322691506679165
55087	114511	111166	12	3611924	0.0322691506679165
55087	117628	111707	13	3704241	0.0322691506679165
55087	119397	111966	14	3762012	0.0322691506679165
55087	120297	112089	15	3790402	0.0322691506679165
55087	121147	112148	16	3816761	0.0322691506679165
55087	121638	112176	17	3835941	0.0322691506679165
55089	0	809	0	51	0.0153236601737349
55089	1796	1760	1	107939	0.0153236601737349
55089	9501	3754	2	528590	0.0153236601737349
55089	19985	7688	3	1154714	0.0153236601737349
55089	38473	14597	4	2132539	0.0153236601737349
55089	46188	24569	5	2619612	0.0153236601737349
55089	50826	35532	6	2899533	0.0153236601737349
55089	52724	44502	7	3020994	0.0153236601737349
55089	54481	50229	8	3143971	0.0153236601737349
55089	56463	53328	9	3290215	0.0153236601737349
55089	57710	54857	10	3397399	0.0153236601737349
55089	58636	55577	11	3469836	0.0153236601737349
55089	61325	55908	12	3611924	0.0153236601737349
55089	62734	56059	13	3704241	0.0153236601737349
55089	63463	56128	14	3762012	0.0153236601737349
55089	63741	56159	15	3790402	0.0153236601737349
55089	64142	56173	16	3816761	0.0153236601737349
55089	64477	56179	17	3835941	0.0153236601737349
55091	0	100	0	51	0.00125153844594889
55091	102	215	1	107939	0.00125153844594889
55091	991	447	2	528590	0.00125153844594889
55091	1520	864	3	1154714	0.00125153844594889
55091	2396	1491	4	2132539	0.00125153844594889
55091	2748	2213	5	2619612	0.00125153844594889
55091	2921	2829	6	2899533	0.00125153844594889
55091	3015	3234	7	3020994	0.00125153844594889
55091	3111	3457	8	3143971	0.00125153844594889
55091	3227	3567	9	3290215	0.00125153844594889
55091	3330	3620	10	3397399	0.00125153844594889
55091	3372	3643	11	3469836	0.00125153844594889
55091	3455	3654	12	3611924	0.00125153844594889
55091	3528	3659	13	3704241	0.00125153844594889
55091	3584	3661	14	3762012	0.00125153844594889
55091	3605	3662	15	3790402	0.00125153844594889
55091	3628	3663	16	3816761	0.00125153844594889
55091	3646	3663	17	3835941	0.00125153844594889
55093	0	307	0	51	0.00734297718102086
55093	438	669	1	107939	0.00734297718102086
55093	2955	1428	2	528590	0.00734297718102086
55093	5842	2926	3	1154714	0.00734297718102086
55093	10645	5563	4	2132539	0.00734297718102086
55093	13801	9380	5	2619612	0.00734297718102086
55093	15074	13591	6	2899533	0.00734297718102086
55093	15515	17046	7	3020994	0.00734297718102086
55093	16054	19257	8	3143971	0.00734297718102086
55093	16622	20455	9	3290215	0.00734297718102086
55093	16979	21047	10	3397399	0.00734297718102086
55093	17270	21325	11	3469836	0.00734297718102086
55093	17960	21453	12	3611924	0.00734297718102086
55093	18387	21512	13	3704241	0.00734297718102086
55093	18657	21538	14	3762012	0.00734297718102086
55093	18779	21550	15	3790402	0.00734297718102086
55093	18901	21555	16	3816761	0.00734297718102086
55093	18991	21558	17	3835941	0.00734297718102086
55095	0	570	0	51	0.00751970739384938
55095	322	1257	1	107939	0.00751970739384938
55095	3032	2671	2	528590	0.00751970739384938
55095	6795	5274	3	1154714	0.00751970739384938
55095	13221	9216	4	2132539	0.00751970739384938
55095	16405	13715	5	2619612	0.00751970739384938
55095	17585	17456	6	2899533	0.00751970739384938
55095	18147	19829	7	3020994	0.00751970739384938
55095	18842	21088	8	3143971	0.00751970739384938
55095	19640	21692	9	3290215	0.00751970739384938
55095	20200	21968	10	3397399	0.00751970739384938
55095	20631	22092	11	3469836	0.00751970739384938
55095	21309	22146	12	3611924	0.00751970739384938
55095	21766	22170	13	3704241	0.00751970739384938
55095	22047	22181	14	3762012	0.00751970739384938
55095	22178	22186	15	3790402	0.00751970739384938
55095	22322	22188	16	3816761	0.00751970739384938
55095	22502	22188	17	3835941	0.00751970739384938
55097	0	666	0	51	0.0121550540547132
55097	680	1489	1	107939	0.0121550540547132
55097	4191	3252	2	528590	0.0121550540547132
55097	10558	6757	3	1154714	0.0121550540547132
55097	23237	12805	4	2132539	0.0121550540547132
55097	29989	21070	5	2619612	0.0121550540547132
55097	33304	29378	6	2899533	0.0121550540547132
55097	34921	35514	7	3020994	0.0121550540547132
55097	36512	39092	8	3143971	0.0121550540547132
55097	38498	40898	9	3290215	0.0121550540547132
55097	39631	41742	10	3397399	0.0121550540547132
55097	40385	42124	11	3469836	0.0121550540547132
55097	41937	42293	12	3611924	0.0121550540547132
55097	42995	42367	13	3704241	0.0121550540547132
55097	43647	42400	14	3762012	0.0121550540547132
55097	43913	42415	15	3790402	0.0121550540547132
55097	44291	42421	16	3816761	0.0121550540547132
55097	44540	42424	17	3835941	0.0121550540547132
55099	0	194	0	51	0.00229302728034358
55099	174	410	1	107939	0.00229302728034358
55099	926	841	2	528590	0.00229302728034358
55099	2620	1619	3	1154714	0.00229302728034358
55099	4779	2811	4	2132539	0.00229302728034358
55099	5917	4242	5	2619612	0.00229302728034358
55099	6345	5534	6	2899533	0.00229302728034358
55099	6576	6430	7	3020994	0.00229302728034358
55099	6944	6946	8	3143971	0.00229302728034358
55099	7313	7211	9	3290215	0.00229302728034358
55099	7576	7339	10	3397399	0.00229302728034358
55099	7717	7400	11	3469836	0.00229302728034358
55099	7962	7428	12	3611924	0.00229302728034358
55099	8123	7440	13	3704241	0.00229302728034358
55099	8224	7446	14	3762012	0.00229302728034358
55099	8289	7449	15	3790402	0.00229302728034358
55099	8324	7450	16	3816761	0.00229302728034358
55099	8350	7451	17	3835941	0.00229302728034358
55101	0	1011	0	51	0.0337163117692704
55101	2591	2015	1	107939	0.0337163117692704
55101	13589	3978	2	528590	0.0337163117692704
55101	34934	7724	3	1154714	0.0337163117692704
55101	64719	14534	4	2132539	0.0337163117692704
55101	78748	25892	5	2619612	0.0337163117692704
55101	87626	42366	6	2899533	0.0337163117692704
55101	91985	61990	7	3020994	0.0337163117692704
55101	96342	80557	8	3143971	0.0337163117692704
55101	102123	94665	9	3290215	0.0337163117692704
55101	105830	103701	10	3397399	0.0337163117692704
55101	108203	108871	11	3469836	0.0337163117692704
55101	112200	111641	12	3611924	0.0337163117692704
55101	115655	113072	13	3704241	0.0337163117692704
55101	117792	113798	14	3762012	0.0337163117692704
55101	118709	114163	15	3790402	0.0337163117692704
55101	119564	114345	16	3816761	0.0337163117692704
55101	120152	114436	17	3835941	0.0337163117692704
55103	0	139	0	51	0.00296302199389465
55103	322	294	1	107939	0.00296302199389465
55103	2282	611	2	528590	0.00296302199389465
55103	4244	1225	3	1154714	0.00296302199389465
55103	6389	2298	4	2132539	0.00296302199389465
55103	7500	3879	5	2619612	0.00296302199389465
55103	8063	5705	6	2899533	0.00296302199389465
55103	8295	7304	7	3020994	0.00296302199389465
55103	8658	8399	8	3143971	0.00296302199389465
55103	9001	9029	9	3290215	0.00296302199389465
55103	9237	9355	10	3397399	0.00296302199389465
55103	9406	9515	11	3469836	0.00296302199389465
55103	9706	9591	12	3611924	0.00296302199389465
55103	9935	9627	13	3704241	0.00296302199389465
55103	10063	9644	14	3762012	0.00296302199389465
55103	10118	9652	15	3790402	0.00296302199389465
55103	10162	9655	16	3816761	0.00296302199389465
55103	10184	9657	17	3835941	0.00296302199389465
55105	0	734	0	51	0.0280559642238967
55105	4431	1488	1	107939	0.0280559642238967
55105	18218	2993	2	528590	0.0280559642238967
55105	34619	5933	3	1154714	0.0280559642238967
55105	56644	11437	4	2132539	0.0280559642238967
55105	75577	20967	5	2619612	0.0280559642238967
55105	85514	35429	6	2899533	0.0280559642238967
55105	89946	53511	7	3020994	0.0280559642238967
55105	94018	71351	8	3143971	0.0280559642238967
55105	98266	85278	9	3290215	0.0280559642238967
55105	101317	94295	10	3397399	0.0280559642238967
55105	103229	99446	11	3469836	0.0280559642238967
55105	107166	102180	12	3611924	0.0280559642238967
55105	109722	103576	13	3704241	0.0280559642238967
55105	111619	104273	14	3762012	0.0280559642238967
55105	112628	104618	15	3790402	0.0280559642238967
55105	113279	104788	16	3816761	0.0280559642238967
55105	113849	104872	17	3835941	0.0280559642238967
55107	0	126	0	51	0.00243506409862267
55107	100	257	1	107939	0.00243506409862267
55107	473	514	2	528590	0.00243506409862267
55107	1786	984	3	1154714	0.00243506409862267
55107	3357	1756	4	2132539	0.00243506409862267
55107	4037	2815	5	2619612	0.00243506409862267
55107	4410	3958	6	2899533	0.00243506409862267
55107	4568	4916	7	3020994	0.00243506409862267
55107	4808	5562	8	3143971	0.00243506409862267
55107	5079	5936	9	3290215	0.00243506409862267
55107	5310	6133	10	3397399	0.00243506409862267
55107	5402	6233	11	3469836	0.00243506409862267
55107	5554	6282	12	3611924	0.00243506409862267
55107	5710	6306	13	3704241	0.00243506409862267
55107	5794	6317	14	3762012	0.00243506409862267
55107	5831	6323	15	3790402	0.00243506409862267
55107	5849	6325	16	3816761	0.00243506409862267
55107	5876	6327	17	3835941	0.00243506409862267
55109	0	718	0	51	0.0155754449084352
55109	1105	1474	1	107939	0.0155754449084352
55109	5893	2975	2	528590	0.0155754449084352
55109	11877	5812	3	1154714	0.0155754449084352
55109	22438	10707	4	2132539	0.0155754449084352
55109	30747	17958	5	2619612	0.0155754449084352
55109	34282	26592	6	2899533	0.0155754449084352
55109	35615	34557	7	3020994	0.0155754449084352
55109	37058	40353	8	3143971	0.0155754449084352
55109	38801	43881	9	3290215	0.0155754449084352
55109	40032	45801	10	3397399	0.0155754449084352
55109	41031	46782	11	3469836	0.0155754449084352
55109	43077	47268	12	3611924	0.0155754449084352
55109	44222	47504	13	3704241	0.0155754449084352
55109	45002	47618	14	3762012	0.0155754449084352
55109	45306	47673	15	3790402	0.0155754449084352
55109	45722	47699	16	3816761	0.0155754449084352
55109	46069	47712	17	3835941	0.0155754449084352
55111	0	657	0	51	0.0110678798591792
55111	1137	1428	1	107939	0.0110678798591792
55111	6307	3029	2	528590	0.0110678798591792
55111	14358	6132	3	1154714	0.0110678798591792
55111	22913	11403	4	2132539	0.0110678798591792
55111	28474	18627	5	2619612	0.0110678798591792
55111	31735	26081	6	2899533	0.0110678798591792
55111	33069	31828	7	3020994	0.0110678798591792
55111	34540	35342	8	3143971	0.0110678798591792
55111	35927	37194	9	3290215	0.0110678798591792
55111	36823	38095	10	3397399	0.0110678798591792
55111	37508	38516	11	3469836	0.0110678798591792
55111	39054	38709	12	3611924	0.0110678798591792
55111	39977	38797	13	3704241	0.0110678798591792
55111	40518	38837	14	3762012	0.0110678798591792
55111	40839	38854	15	3790402	0.0110678798591792
55111	41093	38863	16	3816761	0.0110678798591792
55111	41259	38866	17	3835941	0.0110678798591792
55113	0	138	0	51	0.00284382785618523
55113	279	295	1	107939	0.00284382785618523
55113	1337	620	2	528590	0.00284382785618523
55113	3884	1253	3	1154714	0.00284382785618523
55113	6122	2355	4	2132539	0.00284382785618523
55113	7216	3946	5	2619612	0.00284382785618523
55113	7773	5716	6	2899533	0.00284382785618523
55113	8016	7196	7	3020994	0.00284382785618523
55113	8279	8165	8	3143971	0.00284382785618523
55113	8613	8702	9	3290215	0.00284382785618523
55113	8913	8973	10	3397399	0.00284382785618523
55113	9130	9103	11	3469836	0.00284382785618523
55113	9539	9164	12	3611924	0.00284382785618523
55113	9740	9192	13	3704241	0.00284382785618523
55113	9841	9205	14	3762012	0.00284382785618523
55113	9897	9211	15	3790402	0.00284382785618523
55113	9964	9213	16	3816761	0.00284382785618523
55113	10024	9215	17	3835941	0.00284382785618523
55115	0	634	0	51	0.00702438189939122
55115	785	1286	1	107939	0.00702438189939122
55115	3184	2525	2	528590	0.00702438189939122
55115	7877	4670	3	1154714	0.00702438189939122
55115	13115	7855	4	2132539	0.00702438189939122
55115	15318	11640	5	2619612	0.00702438189939122
55115	16562	15114	6	2899533	0.00702438189939122
55115	17214	17622	7	3020994	0.00702438189939122
55115	17941	19136	8	3143971	0.00702438189939122
55115	18924	19954	9	3290215	0.00702438189939122
55115	19692	20369	10	3397399	0.00702438189939122
55115	20109	20574	11	3469836	0.00702438189939122
55115	20875	20672	12	3611924	0.00702438189939122
55115	21390	20720	13	3704241	0.00702438189939122
55115	21688	20743	14	3762012	0.00702438189939122
55115	21870	20753	15	3790402	0.00702438189939122
55115	21990	20759	16	3816761	0.00702438189939122
55115	22080	20761	17	3835941	0.00702438189939122
55117	0	1011	0	51	0.019809584788767
55117	1140	2118	1	107939	0.019809584788767
55117	7656	4354	2	528590	0.019809584788767
55117	19849	8635	3	1154714	0.019809584788767
55117	40739	16046	4	2132539	0.019809584788767
55117	48718	26876	5	2619612	0.019809584788767
55117	54166	39347	6	2899533	0.019809584788767
55117	56628	50309	7	3020994	0.019809584788767
55117	59069	57881	8	3143971	0.019809584788767
55117	61957	62283	9	3290215	0.019809584788767
55117	63837	64590	10	3397399	0.019809584788767
55117	65230	65733	11	3469836	0.019809584788767
55117	67931	66284	12	3611924	0.019809584788767
55117	69857	66546	13	3704241	0.019809584788767
55117	71141	66669	14	3762012	0.019809584788767
55117	71774	66728	15	3790402	0.019809584788767
55117	72191	66755	16	3816761	0.019809584788767
55117	72494	66768	17	3835941	0.019809584788767
55119	0	287	0	51	0.00349389963029207
55119	212	582	1	107939	0.00349389963029207
55119	757	1136	2	528590	0.00349389963029207
55119	2440	2077	3	1154714	0.00349389963029207
55119	4038	3431	4	2132539	0.00349389963029207
55119	5135	4973	5	2619612	0.00349389963029207
55119	5472	6327	6	2899533	0.00349389963029207
55119	5635	7268	7	3020994	0.00349389963029207
55119	5878	7821	8	3143971	0.00349389963029207
55119	6297	8116	9	3290215	0.00349389963029207
55119	6534	8264	10	3397399	0.00349389963029207
55119	6666	8336	11	3469836	0.00349389963029207
55119	6895	8371	12	3611924	0.00349389963029207
55119	7076	8388	13	3704241	0.00349389963029207
55119	7150	8396	14	3762012	0.00349389963029207
55119	7199	8399	15	3790402	0.00349389963029207
55119	7236	8401	16	3816761	0.00349389963029207
55119	7265	8402	17	3835941	0.00349389963029207
55121	0	270	0	51	0.00509220027225727
55121	486	546	1	107939	0.00509220027225727
55121	2734	1085	2	528590	0.00509220027225727
55121	7232	2090	3	1154714	0.00509220027225727
55121	11472	3808	4	2132539	0.00509220027225727
55121	13514	6348	5	2619612	0.00509220027225727
55121	14697	9401	6	2899533	0.00509220027225727
55121	15253	12277	7	3020994	0.00509220027225727
55121	15954	14426	8	3143971	0.00509220027225727
55121	16870	15770	9	3290215	0.00509220027225727
55121	17526	16520	10	3397399	0.00509220027225727
55121	17916	16911	11	3469836	0.00509220027225727
55121	18646	17109	12	3611924	0.00509220027225727
55121	19092	17206	13	3704241	0.00509220027225727
55121	19394	17254	14	3762012	0.00509220027225727
55121	19539	17278	15	3790402	0.00509220027225727
55121	19650	17289	16	3816761	0.00509220027225727
55121	19740	17295	17	3835941	0.00509220027225727
55123	0	219	0	51	0.00529366240991311
55123	397	483	1	107939	0.00529366240991311
55123	2912	1043	2	528590	0.00529366240991311
55123	6488	2166	3	1154714	0.00529366240991311
55123	10868	4183	4	2132539	0.00529366240991311
55123	12571	7165	5	2619612	0.00529366240991311
55123	13538	10520	6	2899533	0.00529366240991311
55123	13969	13305	7	3020994	0.00529366240991311
55123	14482	15093	8	3143971	0.00529366240991311
55123	15086	16058	9	3290215	0.00529366240991311
55123	15492	16530	10	3397399	0.00529366240991311
55123	15742	16751	11	3469836	0.00529366240991311
55123	16371	16851	12	3611924	0.00529366240991311
55123	16698	16896	13	3704241	0.00529366240991311
55123	16860	16917	14	3762012	0.00529366240991311
55123	16965	16926	15	3790402	0.00529366240991311
55123	17033	16930	16	3816761	0.00529366240991311
55123	17098	16932	17	3835941	0.00529366240991311
55125	0	313	0	51	0.00381197966348781
55125	263	693	1	107939	0.00381197966348781
55125	1917	1482	2	528590	0.00381197966348781
55125	5469	2952	3	1154714	0.00381197966348781
55125	9301	5214	4	2132539	0.00381197966348781
55125	10737	7842	5	2619612	0.00381197966348781
55125	11496	10059	6	2899533	0.00381197966348781
55125	11905	11478	7	3020994	0.00381197966348781
55125	12317	12233	8	3143971	0.00381197966348781
55125	12762	12595	9	3290215	0.00381197966348781
55125	13584	12761	10	3397399	0.00381197966348781
55125	13803	12834	11	3469836	0.00381197966348781
55125	14082	12867	12	3611924	0.00381197966348781
55125	14310	12881	13	3704241	0.00381197966348781
55125	14464	12887	14	3762012	0.00381197966348781
55125	14532	12890	15	3790402	0.00381197966348781
55125	14653	12891	16	3816761	0.00381197966348781
55125	14736	12892	17	3835941	0.00381197966348781
55127	0	852	0	51	0.0178392747775243
55127	1186	1766	1	107939	0.0178392747775243
55127	6137	3594	2	528590	0.0178392747775243
55127	16277	7063	3	1154714	0.0178392747775243
55127	29907	13024	4	2132539	0.0178392747775243
55127	38300	21717	5	2619612	0.0178392747775243
55127	42654	31772	6	2899533	0.0178392747775243
55127	44547	40712	7	3020994	0.0178392747775243
55127	46543	46981	8	3143971	0.0178392747775243
55127	48861	50682	9	3290215	0.0178392747775243
55127	50497	52649	10	3397399	0.0178392747775243
55127	51451	53636	11	3469836	0.0178392747775243
55127	53114	54118	12	3611924	0.0178392747775243
55127	54410	54349	13	3704241	0.0178392747775243
55127	55416	54459	14	3762012	0.0178392747775243
55127	55931	54512	15	3790402	0.0178392747775243
55127	56470	54537	16	3816761	0.0178392747775243
55127	56797	54548	17	3835941	0.0178392747775243
55129	0	221	0	51	0.0026999017936485
55129	320	499	1	107939	0.0026999017936485
55129	1736	1083	2	528590	0.0026999017936485
55129	3703	2175	3	1154714	0.0026999017936485
55129	6461	3830	4	2132539	0.0026999017936485
55129	7604	5685	5	2619612	0.0026999017936485
55129	8171	7176	6	2899533	0.0026999017936485
55129	8378	8086	7	3020994	0.0026999017936485
55129	8596	8551	8	3143971	0.0026999017936485
55129	8913	8767	9	3290215	0.0026999017936485
55129	9186	8863	10	3397399	0.0026999017936485
55129	9345	8905	11	3469836	0.0026999017936485
55129	9590	8923	12	3611924	0.0026999017936485
55129	9730	8931	13	3704241	0.0026999017936485
55129	9824	8934	14	3762012	0.0026999017936485
55129	9880	8935	15	3790402	0.0026999017936485
55129	9944	8936	16	3816761	0.0026999017936485
55129	10010	8936	17	3835941	0.0026999017936485
55131	0	1571	0	51	0.0233637684858257
55131	1790	3157	1	107939	0.0233637684858257
55131	11203	6205	2	528590	0.0233637684858257
55131	23011	11694	3	1154714	0.0233637684858257
55131	43345	20528	4	2132539	0.0233637684858257
55131	54273	32453	5	2619612	0.0233637684858257
55131	60252	45235	6	2899533	0.0233637684858257
55131	62794	55954	7	3020994	0.0233637684858257
55131	65443	63243	8	3143971	0.0233637684858257
55131	68784	67522	9	3290215	0.0233637684858257
55131	71240	69820	10	3397399	0.0233637684858257
55131	72461	70995	11	3469836	0.0233637684858257
55131	74814	71581	12	3611924	0.0233637684858257
55131	76578	71870	13	3704241	0.0233637684858257
55131	77773	72011	14	3762012	0.0233637684858257
55131	78201	72080	15	3790402	0.0233637684858257
55131	78743	72113	16	3816761	0.0233637684858257
55131	79081	72130	17	3835941	0.0233637684858257
55133	0	4105	0	51	0.0694207954954921
55133	8978	8571	1	107939	0.0694207954954921
55133	38231	17543	2	528590	0.0694207954954921
55133	90188	34540	3	1154714	0.0694207954954921
55133	163428	63436	4	2132539	0.0694207954954921
55133	197682	104564	5	2619612	0.0694207954954921
55133	220089	150409	6	2899533	0.0694207954954921
55133	228829	189463	7	3020994	0.0694207954954921
55133	237391	215808	8	3143971	0.0694207954954921
55133	247917	230902	9	3290215	0.0694207954954921
55133	254764	238754	10	3397399	0.0694207954954921
55133	259394	242632	11	3469836	0.0694207954954921
55133	270013	244500	12	3611924	0.0694207954954921
55133	276703	245388	13	3704241	0.0694207954954921
55133	280380	245807	14	3762012	0.0694207954954921
55133	281896	246005	15	3790402	0.0694207954954921
55133	283639	246098	16	3816761	0.0694207954954921
55133	284874	246142	17	3835941	0.0694207954954921
55135	0	746	0	51	0.00875750588156087
55135	220	1516	1	107939	0.00875750588156087
55135	3845	2990	2	528590	0.00875750588156087
55135	9553	5574	3	1154714	0.00875750588156087
55135	15726	9488	4	2132539	0.00875750588156087
55135	18989	14268	5	2619612	0.00875750588156087
55135	20836	18783	6	2899533	0.00875750588156087
55135	21703	22122	7	3020994	0.00875750588156087
55135	22713	24173	8	3143971	0.00875750588156087
55135	24031	25291	9	3290215	0.00875750588156087
55135	25042	25862	10	3397399	0.00875750588156087
55135	25609	26144	11	3469836	0.00875750588156087
55135	26445	26281	12	3611924	0.00875750588156087
55135	27084	26346	13	3704241	0.00875750588156087
55135	27486	26378	14	3762012	0.00875750588156087
55135	27649	26393	15	3790402	0.00875750588156087
55135	27812	26400	16	3816761	0.00875750588156087
55135	27930	26403	17	3835941	0.00875750588156087
55137	0	234	0	51	0.00419807248995867
55137	0	475	1	107939	0.00419807248995867
55137	1719	940	2	528590	0.00419807248995867
55137	4441	1787	3	1154714	0.00419807248995867
55137	6691	3165	4	2132539	0.00419807248995867
55137	7802	5045	5	2619612	0.00419807248995867
55137	8419	7074	6	2899533	0.00419807248995867
55137	8709	8782	7	3020994	0.00419807248995867
55137	9049	9941	8	3143971	0.00419807248995867
55137	9541	10618	9	3290215	0.00419807248995867
55137	9914	10979	10	3397399	0.00419807248995867
55137	10173	11163	11	3469836	0.00419807248995867
55137	10464	11254	12	3611924	0.00419807248995867
55137	10727	11298	13	3704241	0.00419807248995867
55137	10865	11320	14	3762012	0.00419807248995867
55137	10931	11330	15	3790402	0.00419807248995867
55137	11010	11335	16	3816761	0.00419807248995867
55137	11065	11338	17	3835941	0.00419807248995867
55139	0	1306	0	51	0.0295249375089524
55139	1820	2701	1	107939	0.0295249375089524
55139	17121	5504	2	528590	0.0295249375089524
55139	32561	10897	3	1154714	0.0295249375089524
55139	56518	20452	4	2132539	0.0295249375089524
55139	71524	35149	5	2619612	0.0295249375089524
55139	79747	53469	6	2899533	0.0295249375089524
55139	83451	71152	7	3020994	0.0295249375089524
55139	87139	84473	8	3143971	0.0295249375089524
55139	91580	92752	9	3290215	0.0295249375089524
55139	94633	97299	10	3397399	0.0295249375089524
55139	96533	99628	11	3469836	0.0295249375089524
55139	100083	100779	12	3611924	0.0295249375089524
55139	102608	101336	13	3704241	0.0295249375089524
55139	104142	101605	14	3762012	0.0295249375089524
55139	104851	101733	15	3790402	0.0295249375089524
55139	105722	101794	16	3816761	0.0295249375089524
55139	106207	101824	17	3835941	0.0295249375089524
55141	0	969	0	51	0.0125375401421467
55141	1583	2009	1	107939	0.0125375401421467
55141	6417	4053	2	528590	0.0125375401421467
55141	13943	7768	3	1154714	0.0125375401421467
55141	26094	13644	4	2132539	0.0125375401421467
55141	30977	21170	5	2619612	0.0125375401421467
55141	33800	28578	6	2899533	0.0125375401421467
55141	35306	34202	7	3020994	0.0125375401421467
55141	36960	37687	8	3143971	0.0125375401421467
55141	39103	39583	9	3290215	0.0125375401421467
55141	40553	40541	10	3397399	0.0125375401421467
55141	41499	41008	11	3469836	0.0125375401421467
55141	42843	41231	12	3611924	0.0125375401421467
55141	43878	41337	13	3704241	0.0125375401421467
55141	44533	41386	14	3762012	0.0125375401421467
55141	44854	41410	15	3790402	0.0125375401421467
55141	45171	41421	16	3816761	0.0125375401421467
55141	45413	41426	17	3835941	0.0125375401421467
