414	7
WY	56001	0	0.881644433525504	0	41	0.0671782209866283
WY	56001	0.9	1.92102043983393	1	256	0.0671782209866283
WY	56001	5	4.09667054236575	2	513	0.0671782209866283
WY	56001	17.2	8.36387384709131	3	1338	0.0671782209866283
WY	56001	31.5	15.7581710118711	4	4443	0.0671782209866283
WY	56001	37.6	26.1877352529367	5	6021	0.0671782209866283
WY	56001	41.5	37.3125971633448	6	6880	0.0671782209866283
WY	56001	43.1	46.1430199425286	7	7492	0.0671782209866283
WY	56001	44.9	51.6494554913848	8	8166	0.0671782209866283
WY	56001	46.6	54.5837714874046	9	8726	0.0671782209866283
WY	56001	47.7	56.0174211625881	10	9114	0.0671782209866283
WY	56001	49.1	56.6881556281966	11	9410	0.0671782209866283
WY	56001	51.6	56.9955865406665	12	9654	0.0671782209866283
WY	56001	55.2	57.1351711497867	13	8466	0.0671782209866283
WY	56001	55.7	57.1982753165352	14	8543	0.0671782209866283
WY	56001	56.1	57.2267482601617	15	8638	0.0671782209866283
WY	56001	56.5	57.2395841121141	16	8726	0.0671782209866283
WY	56001	56.6	57.2453683318051	17	8724	0.0671782209866283
WY	56003	0	1.44271063415006	0	41	0.0203711734936303
WY	56003	1.3	2.34427870495526	1	256	0.0203711734936303
WY	56003	9.1	3.75461520551296	2	513	0.0203711734936303
WY	56003	17.4	5.88146670522655	3	1338	0.0203711734936303
WY	56003	21.2	8.91799125717714	4	4443	0.0203711734936303
WY	56003	23	12.9308818492297	5	6021	0.0203711734936303
WY	56003	25	17.725087906211	6	6880	0.0203711734936303
WY	56003	26.9	22.8080177664735	7	7492	0.0203711734936303
WY	56003	28.2	27.5582570575604	8	8166	0.0203711734936303
WY	56003	30.9	31.5019532296392	9	8726	0.0203711734936303
WY	56003	32.8	34.4667136164567	10	9114	0.0203711734936303
WY	56003	34.6	36.5334285105658	11	9410	0.0203711734936303
WY	56003	36	37.8994307200012	12	9654	0.0203711734936303
WY	56003	38.6	38.7708030993009	13	8466	0.0203711734936303
WY	56003	39	39.3141256691029	14	8543	0.0203711734936303
WY	56003	39.3	39.64810020339	15	8638	0.0203711734936303
WY	56003	39.6	39.8515927168673	16	8726	0.0203711734936303
WY	56003	39.7	39.9749178677495	17	8724	0.0203711734936303
WY	56005	0	1.34136717116373	0	41	0.0800695971898493
WY	56005	0.9	2.16419796572749	1	256	0.0800695971898493
WY	56005	4	3.44103695986027	2	513	0.0800695971898493
WY	56005	10.3	5.35054239411145	3	1338	0.0800695971898493
WY	56005	14.9	8.05407083317707	4	4443	0.0800695971898493
WY	56005	17	11.599353334998	5	6021	0.0800695971898493
WY	56005	18.7	15.8087106030952	6	6880	0.0800695971898493
WY	56005	19.8	20.255006132215	7	7492	0.0800695971898493
WY	56005	21	24.4075012736344	8	8166	0.0800695971898493
WY	56005	23.5	27.8627986175095	9	8726	0.0800695971898493
WY	56005	25.5	30.4722589031756	10	9114	0.0800695971898493
WY	56005	26.8	32.3022218104117	11	9410	0.0800695971898493
WY	56005	27.9	33.5198760276868	12	9654	0.0800695971898493
WY	56005	30	34.3020356869683	13	8466	0.0800695971898493
WY	56005	30.5	34.7931363547143	14	8543	0.0800695971898493
WY	56005	30.8	35.0970888137016	15	8638	0.0800695971898493
WY	56005	31.1	35.2835413029807	16	8726	0.0800695971898493
WY	56005	31.2	35.3972912115598	17	8724	0.0800695971898493
WY	56007	0	2.69121288447201	0	41	0.0255719565484079
WY	56007	0.8	4.49597838375158	1	256	0.0255719565484079
WY	56007	10.1	7.29809160439387	2	513	0.0255719565484079
WY	56007	18.1	11.3471190136801	3	1338	0.0255719565484079
WY	56007	26.2	16.6294022983213	4	4443	0.0255719565484079
WY	56007	30.1	22.6721113930653	5	6021	0.0255719565484079
WY	56007	32.3	28.6280542240232	6	6880	0.0255719565484079
WY	56007	33.5	33.6961179288419	7	7492	0.0255719565484079
WY	56007	35.8	37.4966689258741	8	8166	0.0255719565484079
WY	56007	37.9	40.0852064289425	9	8726	0.0255719565484079
WY	56007	39.6	41.7347477860681	10	9114	0.0255719565484079
WY	56007	41	42.7417609249139	11	9410	0.0255719565484079
WY	56007	42.4	43.3404962267727	12	9654	0.0255719565484079
WY	56007	44.7	43.6909067617887	13	8466	0.0255719565484079
WY	56007	45.4	43.8940923921798	14	8543	0.0255719565484079
WY	56007	45.8	44.0112767223144	15	8638	0.0255719565484079
WY	56007	46.3	44.0786511993353	16	8726	0.0255719565484079
WY	56007	46.8	44.1173185297882	17	8724	0.0255719565484079
WY	56009	0	2.0348930617895	0	41	0.0238821340143307
WY	56009	1.2	3.45980045394917	1	256	0.0238821340143307
WY	56009	9.3	5.72198793130399	2	513	0.0238821340143307
WY	56009	14.5	9.07042067547086	3	1338	0.0238821340143307
WY	56009	19.4	13.545893240507	4	4443	0.0238821340143307
WY	56009	22	18.7766777756101	5	6021	0.0238821340143307
WY	56009	23.3	24.0117026132197	6	6880	0.0238821340143307
WY	56009	24.3	28.4975454769342	7	7492	0.0238821340143307
WY	56009	25.9	31.8578113796528	8	8166	0.0238821340143307
WY	56009	27.6	34.1299703243263	9	8726	0.0238821340143307
WY	56009	29.2	35.5619778037014	10	9114	0.0238821340143307
WY	56009	30.6	36.4248444654148	11	9410	0.0238821340143307
WY	56009	31.7	36.9307654580508	12	9654	0.0238821340143307
WY	56009	33.2	37.222662054914	13	8466	0.0238821340143307
WY	56009	33.7	37.3895124087599	14	8543	0.0238821340143307
WY	56009	34.1	37.4843775404777	15	8638	0.0238821340143307
WY	56009	34.3	37.538150791641	16	8726	0.0238821340143307
WY	56009	34.4	37.5685790691842	17	8724	0.0238821340143307
WY	56011	0	2.07952179278906	0	41	0.0131038998961571
WY	56011	0	3.48931969600614	1	256	0.0131038998961571
WY	56011	5.8	5.68999058401441	2	513	0.0131038998961571
WY	56011	13.4	8.88787129860956	3	1338	0.0131038998961571
WY	56011	16.4	13.082472956987	4	4443	0.0131038998961571
WY	56011	19.4	17.9026114924793	5	6021	0.0131038998961571
WY	56011	20.7	22.6670933048377	6	6880	0.0131038998961571
WY	56011	21.5	26.7246156549142	7	7492	0.0131038998961571
WY	56011	22.5	29.7641631284299	8	8166	0.0131038998961571
WY	56011	24.3	31.8294315857362	9	8726	0.0131038998961571
WY	56011	25.6	33.1413385816157	10	9114	0.0131038998961571
WY	56011	27.1	33.9393852764171	11	9410	0.0131038998961571
WY	56011	28.3	34.4121225926584	12	9654	0.0131038998961571
WY	56011	29.8	34.6877626736959	13	8466	0.0131038998961571
WY	56011	30.4	34.8470005865175	14	8543	0.0131038998961571
WY	56011	30.6	34.9385013306246	15	8638	0.0131038998961571
WY	56011	30.9	34.9909174323991	16	8726	0.0131038998961571
WY	56011	31.1	35.0208909562359	17	8724	0.0131038998961571
WY	56013	0	2.56121676352506	0	41	0.0678365260842596
WY	56013	7.1	4.1795798416133	1	256	0.0678365260842596
WY	56013	16.1	6.68737631974542	2	513	0.0678365260842596
WY	56013	27.7	10.3856658332249	3	1338	0.0678365260842596
WY	56013	34.2	15.4596950765896	4	4443	0.0678365260842596
WY	56013	36.9	21.7727344097008	5	6021	0.0678365260842596
WY	56013	39.8	28.7372237915724	6	6880	0.0678365260842596
WY	56013	41.9	35.4709609225985	7	7492	0.0678365260842596
WY	56013	45	41.2005160644914	8	8166	0.0678365260842596
WY	56013	50.5	45.5689288422183	9	8726	0.0678365260842596
WY	56013	55.5	48.6289377812635	10	9114	0.0678365260842596
WY	56013	57.8	50.6473869549819	11	9410	0.0678365260842596
WY	56013	60.9	51.9265303676992	12	9654	0.0678365260842596
WY	56013	58.8	52.7166944128568	13	8466	0.0678365260842596
WY	56013	60.5	53.1971164833723	14	8543	0.0678365260842596
WY	56013	61.6	53.4864009102986	15	8638	0.0678365260842596
WY	56013	62.3	53.6595782710942	16	8726	0.0678365260842596
WY	56013	52.9	53.7628870486703	17	8724	0.0678365260842596
WY	56015	0	1.27146674627717	0	41	0.0228264268892579
WY	56015	1.1	2.26991550515016	1	256	0.0228264268892579
WY	56015	9	3.97447728513296	2	513	0.0228264268892579
WY	56015	18	6.73781634596074	3	1338	0.0228264268892579
WY	56015	24.1	10.8625804237639	4	4443	0.0228264268892579
WY	56015	26.9	16.3185787381962	5	6021	0.0228264268892579
WY	56015	28.9	22.4872088179677	6	6880	0.0228264268892579
WY	56015	29.7	28.337540715901	7	7492	0.0228264268892579
WY	56015	31.4	33.0308182448992	8	8166	0.0228264268892579
WY	56015	33.3	36.3157059020791	9	8726	0.0228264268892579
WY	56015	34.8	38.4014486837482	10	9114	0.0228264268892579
WY	56015	36	39.6450086360334	11	9410	0.0228264268892579
WY	56015	37.4	40.3587966982579	12	9654	0.0228264268892579
WY	56015	39.2	40.7595919268684	13	8466	0.0228264268892579
WY	56015	39.9	40.9818655915905	14	8543	0.0228264268892579
WY	56015	40.1	41.1042869666939	15	8638	0.0228264268892579
WY	56015	40.4	41.1714567139221	16	8726	0.0228264268892579
WY	56015	40.4	41.2082342434194	17	8724	0.0228264268892579
WY	56017	0	2.05274369933317	0	41	0.00762493542217054
WY	56017	2.3	3.75481704206573	1	256	0.00762493542217054
WY	56017	12.5	6.65569335908062	2	513	0.00762493542217054
WY	56017	24.5	11.206754244587	3	1338	0.00762493542217054
WY	56017	31.9	17.4949128973833	4	4443	0.00762493542217054
WY	56017	34.3	24.8134232395862	5	6021	0.00762493542217054
WY	56017	35.6	31.807549814295	6	6880	0.00762493542217054
WY	56017	37	37.3399397472033	7	7492	0.00762493542217054
WY	56017	38.8	41.0973512815226	8	8166	0.00762493542217054
WY	56017	41.7	43.3925633725035	9	8726	0.00762493542217054
WY	56017	43.3	44.7049349715484	10	9114	0.00762493542217054
WY	56017	44.8	45.4271210230835	11	9410	0.00762493542217054
WY	56017	46.2	45.816170449817	12	9654	0.00762493542217054
WY	56017	48.9	46.0233563604164	13	8466	0.00762493542217054
WY	56017	49.5	46.1330157043297	14	8543	0.00762493542217054
WY	56017	49.7	46.190867366108	15	8638	0.00762493542217054
WY	56017	50	46.2213350080813	16	8726	0.00762493542217054
WY	56017	49.8	46.2373662873527	17	8724	0.00762493542217054
WY	56019	0	1.94013959888379	0	41	0.0145915657467098
WY	56019	1	3.67411400689119	1	256	0.0145915657467098
WY	56019	9.1	6.70514003105563	2	513	0.0145915657467098
WY	56019	20.7	11.5062746392309	3	1338	0.0145915657467098
WY	56019	28.2	18.0396178440168	4	4443	0.0145915657467098
WY	56019	30.2	25.3078337414148	5	6021	0.0145915657467098
WY	56019	31.6	31.7851829444305	6	6880	0.0145915657467098
WY	56019	33	36.5117659200544	7	7492	0.0145915657467098
WY	56019	34.7	39.4812838144567	8	8166	0.0145915657467098
WY	56019	36.7	41.1750739758634	9	8726	0.0145915657467098
WY	56019	38	42.0883506300498	10	9114	0.0145915657467098
WY	56019	39.2	42.565881786214	11	9410	0.0145915657467098
WY	56019	40.5	42.8115635970802	12	9654	0.0145915657467098
WY	56019	42.6	42.9369106920523	13	8466	0.0145915657467098
WY	56019	42.9	43.0005902015523	14	8543	0.0145915657467098
WY	56019	43.2	43.032870782701	15	8638	0.0145915657467098
WY	56019	43.5	43.04921651152	16	8726	0.0145915657467098
WY	56019	43.7	43.0574887829635	17	8724	0.0145915657467098
WY	56021	0	0.691746802150479	0	41	0.171919572740985
WY	56021	1.4	1.2139850130296	1	256	0.171919572740985
WY	56021	10.6	2.11475868177758	2	513	0.171919572740985
WY	56021	20.8	3.63757604206246	3	1338	0.171919572740985
WY	56021	28.9	6.12670457588217	4	4443	0.171919572740985
WY	56021	33.8	9.9795210495666	5	6021	0.171919572740985
WY	56021	37.5	15.4673521609885	6	6880	0.171919572740985
WY	56021	39.8	22.4248705939402	7	7492	0.171919572740985
WY	56021	42.9	30.0516243484689	8	8166	0.171919572740985
WY	56021	45.6	37.1873550242246	9	8726	0.171919572740985
WY	56021	47.5	42.9399747252021	10	9114	0.171919572740985
WY	56021	49.2	47.046050149422	11	9410	0.171919572740985
WY	56021	50.8	49.7289718586805	12	9654	0.171919572740985
WY	56021	54.7	51.3821926039621	13	8466	0.171919572740985
WY	56021	55.4	52.3643716019008	14	8543	0.171919572740985
WY	56021	55.8	52.9352669434612	15	8638	0.171919572740985
WY	56021	56.6	53.2628932287801	16	8726	0.171919572740985
WY	56021	56.9	53.4495359036992	17	8724	0.171919572740985
WY	56023	0	2.06646758624012	0	41	0.0342629661050627
WY	56023	1.2	3.44228656129362	1	256	0.0342629661050627
WY	56023	6.8	5.60896467702445	2	513	0.0342629661050627
WY	56023	13.2	8.83574668033829	3	1338	0.0342629661050627
WY	56023	22	13.2625916586378	4	4443	0.0342629661050627
WY	56023	25.1	18.6978770362465	5	6021	0.0342629661050627
WY	56023	27.1	24.5307721342694	6	6880	0.0342629661050627
WY	56023	28.5	29.95198515542	7	7492	0.0342629661050627
WY	56023	30.5	34.3573735766776	8	8166	0.0342629661050627
WY	56023	33.4	37.5628785474564	9	8726	0.0342629661050627
WY	56023	36.2	39.712608493684	10	9114	0.0342629661050627
WY	56023	38.1	41.076557306785	11	9410	0.0342629661050627
WY	56023	39.8	41.9117456067689	12	9654	0.0342629661050627
WY	56023	42.2	42.4120783364526	13	8466	0.0342629661050627
WY	56023	43.1	42.7078865570846	14	8543	0.0342629661050627
WY	56023	43.6	42.8814142443726	15	8638	0.0342629661050627
WY	56023	43.9	42.9827432597096	16	8726	0.0342629661050627
WY	56023	44.2	43.0417543557889	17	8724	0.0342629661050627
WY	56025	0	0.819687856575919	0	41	0.137981439597484
WY	56025	1.2	1.39474320515921	1	256	0.137981439597484
WY	56025	9.5	2.35247823726947	2	513	0.137981439597484
WY	56025	16.7	3.91090858466998	3	1338	0.137981439597484
WY	56025	24.7	6.35334105109924	4	4443	0.137981439597484
WY	56025	28.5	9.96466196595066	5	6021	0.137981439597484
WY	56025	31	14.8694026133327	6	6880	0.137981439597484
WY	56025	32.4	20.8148660084538	7	7492	0.137981439597484
WY	56025	34.3	27.1038744676683	8	8166	0.137981439597484
WY	56025	36.8	32.8665037177482	9	8726	0.137981439597484
WY	56025	38.8	37.4923424745317	10	9114	0.137981439597484
WY	56025	40.4	40.8269316668702	11	9410	0.137981439597484
WY	56025	42.1	43.0488059679385	12	9654	0.137981439597484
WY	56025	45.1	44.4526838893792	13	8466	0.137981439597484
WY	56025	45.7	45.3101608316776	14	8543	0.137981439597484
WY	56025	46	45.8231020061515	15	8638	0.137981439597484
WY	56025	46.4	46.1261263751699	16	8726	0.137981439597484
WY	56025	46.6	46.3038186270957	17	8724	0.137981439597484
WY	56027	0	1.41591403921881	0	41	0.00407077902892223
WY	56027	1.1	2.41631440664974	1	256	0.00407077902892223
WY	56027	12	4.03937969517895	2	513	0.00407077902892223
WY	56027	18	6.53624603938487	3	1338	0.00407077902892223
WY	56027	20	10.0795211681153	4	4443	0.00407077902892223
WY	56027	21.4	14.571909740367	5	6021	0.00407077902892223
WY	56027	22.2	19.5194501407915	6	6880	0.00407077902892223
WY	56027	23.5	24.1903343986275	7	7492	0.00407077902892223
WY	56027	24.2	28.0008840686308	8	8166	0.00407077902892223
WY	56027	25	30.7561399674632	9	8726	0.00407077902892223
WY	56027	26.4	32.5792622544501	10	9114	0.00407077902892223
WY	56027	29.2	33.7158485711968	11	9410	0.00407077902892223
WY	56027	30.1	34.3983172624543	12	9654	0.00407077902892223
WY	56027	30.7	34.7989058609832	13	8466	0.00407077902892223
WY	56027	30.8	35.0309107690178	14	8543	0.00407077902892223
WY	56027	31.4	35.1642374735634	15	8638	0.00407077902892223
WY	56027	31.5	35.2405142464092	16	8726	0.00407077902892223
WY	56027	31.5	35.2840407495829	17	8724	0.00407077902892223
WY	56029	0	1.90544607056047	0	41	0.0504424121266365
WY	56029	3	3.67635786337318	1	256	0.0504424121266365
WY	56029	11	6.83193921634688	2	513	0.0504424121266365
WY	56029	20.5	11.9142951057929	3	1338	0.0504424121266365
WY	56029	29.9	18.9027505666832	4	4443	0.0504424121266365
WY	56029	33.2	26.6801962635926	5	6021	0.0504424121266365
WY	56029	35.2	33.5379843432761	6	6880	0.0504424121266365
WY	56029	36.4	38.4495690144757	7	7492	0.0504424121266365
WY	56029	37.7	41.4676374950446	8	8166	0.0504424121266365
WY	56029	39.4	43.1509433218089	9	8726	0.0504424121266365
WY	56029	41.2	44.039387451002	10	9114	0.0504424121266365
WY	56029	42.7	44.4946720468186	11	9410	0.0504424121266365
WY	56029	44	44.7244571571246	12	9654	0.0504424121266365
WY	56029	45.2	44.8395398829324	13	8466	0.0504424121266365
WY	56029	45.6	44.8969537839451	14	8543	0.0504424121266365
WY	56029	46	44.9255418219734	15	8638	0.0504424121266365
WY	56029	46.4	44.9397629279051	16	8726	0.0504424121266365
WY	56029	46.5	44.9468338209957	17	8724	0.0504424121266365
WY	56031	0	1.84677056491614	0	41	0.01450171833181
WY	56031	1.4	3.43309566733664	1	256	0.01450171833181
WY	56031	6.4	6.17414666519699	2	513	0.01450171833181
WY	56031	13.8	10.5120445416259	3	1338	0.01450171833181
WY	56031	24.5	16.5058186651841	4	4443	0.01450171833181
WY	56031	27.8	23.402414339549	5	6021	0.01450171833181
WY	56031	29.5	29.8482170946385	6	6880	0.01450171833181
WY	56031	30.6	34.8025918876871	7	7492	0.01450171833181
WY	56031	32.7	38.0684439587346	8	8166	0.01450171833181
WY	56031	35	40.0088936318181	9	8726	0.01450171833181
WY	56031	36.7	41.0914477639336	10	9114	0.01450171833181
WY	56031	38	41.6742507955207	11	9410	0.01450171833181
WY	56031	39.2	41.9819981909081	12	9654	0.01450171833181
WY	56031	40.6	42.1428445937291	13	8466	0.01450171833181
WY	56031	40.9	42.2264614542881	14	8543	0.01450171833181
WY	56031	41	42.2698086707205	15	8638	0.01450171833181
WY	56031	41.3	42.2922473974734	16	8726	0.01450171833181
WY	56031	41.5	42.3038540981516	17	8724	0.01450171833181
WY	56033	0	1.80580694431973	0	41	0.0526730469850145
WY	56033	1.6	3.3677643367705	1	256	0.0526730469850145
WY	56033	12.4	6.10639456410848	2	513	0.0526730469850145
WY	56033	22.7	10.558130579204	3	1338	0.0526730469850145
WY	56033	32.5	16.9745674811956	4	4443	0.0526730469850145
WY	56033	35.6	24.7842492496953	5	6021	0.0526730469850145
WY	56033	38	32.5488925026421	6	6880	0.0526730469850145
WY	56033	39.4	38.8616246440863	7	7492	0.0526730469850145
WY	56033	41.2	43.2065398367735	8	8166	0.0526730469850145
WY	56033	43.3	45.8654046141108	9	8726	0.0526730469850145
WY	56033	45.2	47.3771058242951	10	9114	0.0526730469850145
WY	56033	46.7	48.2008379240392	11	9410	0.0526730469850145
WY	56033	48.9	48.6393238543785	12	9654	0.0526730469850145
WY	56033	51.5	48.8698353672808	13	8466	0.0526730469850145
WY	56033	52.2	48.9902183605618	14	8543	0.0526730469850145
WY	56033	52.7	49.0528709987876	15	8638	0.0526730469850145
WY	56033	53.1	49.0854196627778	16	8726	0.0526730469850145
WY	56033	53.3	49.1023132297836	17	8724	0.0526730469850145
WY	56035	0	1.81641966754552	0	41	0.0169863449207701
WY	56035	0	2.98320610395938	1	256	0.0169863449207701
WY	56035	6.3	4.80710707675681	2	513	0.0169863449207701
WY	56035	14.3	7.52435784612161	3	1338	0.0169863449207701
WY	56035	20.7	11.295770673096	4	4443	0.0169863449207701
WY	56035	21.6	16.0464525746689	5	6021	0.0169863449207701
WY	56035	22.6	21.3502240704363	6	6880	0.0169863449207701
WY	56035	24	26.5296195398331	7	7492	0.0169863449207701
WY	56035	25.3	30.9668972600665	8	8166	0.0169863449207701
WY	56035	27.4	34.3615956552325	9	8726	0.0169863449207701
WY	56035	29.5	36.740581220384	10	9114	0.0169863449207701
WY	56035	31	38.3071166844216	11	9410	0.0169863449207701
WY	56035	33.1	39.2967939900445	12	9654	0.0169863449207701
WY	56035	36.4	39.9057585237261	13	8466	0.0169863449207701
WY	56035	36.7	40.2744017518731	14	8543	0.0169863449207701
WY	56035	37.1	40.4953641023607	15	8638	0.0169863449207701
WY	56035	37.3	40.6270218598537	16	8726	0.0169863449207701
WY	56035	37.3	40.7051906195268	17	8724	0.0169863449207701
WY	56037	0	1.2302703144445	0	41	0.0731617132519753
WY	56037	3.3	1.96843083721666	1	256	0.0731617132519753
WY	56037	10.3	3.12019273041432	2	513	0.0731617132519753
WY	56037	17.5	4.87511840784561	3	1338	0.0731617132519753
WY	56037	23	7.45460212841948	4	4443	0.0731617132519753
WY	56037	25.6	11.0523812222694	5	6021	0.0731617132519753
WY	56037	27.7	15.7199725274459	6	6880	0.0731617132519753
WY	56037	31	21.2379611801419	7	7492	0.0731617132519753
WY	56037	33.3	27.0876259527376	8	8166	0.0731617132519753
WY	56037	36.5	32.6141985814317	9	8726	0.0731617132519753
WY	56037	39.8	37.2955712614631	10	9114	0.0731617132519753
WY	56037	42.1	40.9080591061394	11	9410	0.0731617132519753
WY	56037	44.1	43.5002812118909	12	9654	0.0731617132519753
WY	56037	48.1	45.2649212078505	13	8466	0.0731617132519753
WY	56037	49	46.4235201756632	14	8543	0.0731617132519753
WY	56037	49.6	47.1662549838967	15	8638	0.0731617132519753
WY	56037	50.1	47.6351267137479	16	8726	0.0731617132519753
WY	56037	50.5	47.9282465496969	17	8724	0.0731617132519753
WY	56039	0	0.722663393676728	0	41	0.040541918138638
WY	56039	3.8	1.77159103577032	1	256	0.040541918138638
WY	56039	8.5	4.25972810365211	2	513	0.040541918138638
WY	56039	26	9.79673709304376	3	1338	0.040541918138638
WY	56039	56.9	20.5421025296759	4	4443	0.040541918138638
WY	56039	65	36.7736163129421	5	6021	0.040541918138638
WY	56039	71.2	53.9185196145593	6	6880	0.040541918138638
WY	56039	73.7	66.3711462040656	7	7492	0.040541918138638
WY	56039	76.4	73.1717831791348	8	8166	0.040541918138638
WY	56039	79.1	76.3186918586675	9	8726	0.040541918138638
WY	56039	81.2	77.6628071869848	10	9114	0.040541918138638
WY	56039	83.3	78.2171655940154	11	9410	0.040541918138638
WY	56039	88.7	78.4424918928696	12	9654	0.040541918138638
WY	56039	90.1	78.5335351747621	13	8466	0.040541918138638
WY	56039	91.4	78.5702327619345	14	8543	0.040541918138638
WY	56039	92	78.5850104000181	15	8638	0.040541918138638
WY	56039	92.7	78.5909588322975	16	8726	0.040541918138638
WY	56039	93.3	78.5933528732284	17	8724	0.040541918138638
WY	56041	0	1.42007481602669	0	41	0.0349471887262228
WY	56041	1	2.33666737313174	1	256	0.0349471887262228
WY	56041	7.4	3.795405621447	2	513	0.0349471887262228
WY	56041	15.3	6.04109935660359	3	1338	0.0349471887262228
WY	56041	24	9.32739665631669	4	4443	0.0349471887262228
WY	56041	27.3	13.7964006443734	5	6021	0.0349471887262228
WY	56041	30.3	19.3038108109999	6	6880	0.0349471887262228
WY	56041	32.6	25.3232337902153	7	7492	0.0349471887262228
WY	56041	35.5	31.0974111251791	8	8166	0.0349471887262228
WY	56041	39.2	35.9830712943867	9	8726	0.0349471887262228
WY	56041	42	39.6967850759743	10	9114	0.0349471887262228
WY	56041	44.1	42.2961363302788	11	9410	0.0349471887262228
WY	56041	46.2	44.0122139312492	12	9654	0.0349471887262228
WY	56041	49.5	45.1018581868677	13	8466	0.0349471887262228
WY	56041	50.5	45.7767127582951	14	8543	0.0349471887262228
WY	56041	51.1	46.1882425399726	15	8638	0.0349471887262228
WY	56041	51.5	46.4368265980634	16	8726	0.0349471887262228
WY	56041	51.8	46.5861240817469	17	8724	0.0349471887262228
WY	56043	0	1.42700040930488	0	41	0.0134857514094813
WY	56043	0	2.43146589738864	1	256	0.0134857514094813
WY	56043	9.8	4.07279175730669	2	513	0.0134857514094813
WY	56043	20.7	6.63831709365288	3	1338	0.0134857514094813
WY	56043	26.2	10.3827787471367	4	4443	0.0134857514094813
WY	56043	28.2	15.3351148541766	5	6021	0.0134857514094813
WY	56043	29.7	21.0959835292987	6	6880	0.0134857514094813
WY	56043	30.6	26.8764778898362	7	7492	0.0134857514094813
WY	56043	32.5	31.8772592022017	8	8166	0.0134857514094813
WY	56043	34.9	35.677896584411	9	8726	0.0134857514094813
WY	56043	37.1	38.2916927233173	10	9114	0.0134857514094813
WY	56043	38.9	39.9680924286894	11	9410	0.0134857514094813
WY	56043	40.3	40.9956410419077	12	9654	0.0134857514094813
WY	56043	42.8	41.6080735712135	13	8466	0.0134857514094813
WY	56043	43.5	41.9670122876604	14	8543	0.0134857514094813
WY	56043	43.7	42.1753139355951	15	8638	0.0134857514094813
WY	56043	43.9	42.2955045482276	16	8726	0.0134857514094813
WY	56043	44	42.3646251129271	17	8724	0.0134857514094813
WY	56045	0	1.56100059397337	0	41	0.011968712365596
WY	56045	0.9	2.6237535893929	1	256	0.011968712365596
WY	56045	7	4.32388520209858	2	513	0.011968712365596
WY	56045	17.5	6.90970371961932	3	1338	0.011968712365596
WY	56045	22.2	10.5553642870489	4	4443	0.011968712365596
WY	56045	24.4	15.1813810874328	5	6021	0.011968712365596
WY	56045	25.5	20.3261872987399	6	6880	0.011968712365596
WY	56045	26.6	25.2725494743387	7	7492	0.011968712365596
WY	56045	28.2	29.4052505353158	8	8166	0.011968712365596
WY	56045	30.6	32.4719594110925	9	8726	0.011968712365596
WY	56045	32.2	34.5531631391766	10	9114	0.011968712365596
WY	56045	33.4	35.8813335272661	11	9410	0.011968712365596
WY	56045	34.5	36.6959692763727	12	9654	0.011968712365596
WY	56045	36.8	37.1835253493244	13	8466	0.011968712365596
WY	56045	37.4	37.4710540721826	14	8543	0.011968712365596
WY	56045	37.7	37.6391470474259	15	8638	0.011968712365596
WY	56045	38	37.7369155971554	16	8726	0.011968712365596
WY	56045	38.2	37.7936121847212	17	8724	0.011968712365596
